48140
48141
48141
48142
48143
48144
48144
48145
48146
48146
48147
48148
48148
48149
48150
48151
48151
48152
48153
48153
48154
48155
48155
48156
48157
48158
48158
48159
48160
48160
48161
48162
48162
48163
48164
48165
48165
48166
48167
48167
48168
48169
48169
48170
48171
48172
48172
48173
48174
48174
48175
48176
48176
48177
48178
48179
48179
48180
48181
48181
48182
48183
48183
48184
48185
48186
48186
48187
48188
48188
48189
48190
48190
48191
48192
48193
48193
48194
48195
48195
48196
48197
48197
48198
48199
48200
48200
48201
48202
48202
48203
48204
48204
48205
48206
48207
48207
48208
48209
48209
48210
48211
48211
48212
48213
48214
48214
48215
48216
48216
48217
48218
48218
48219
48220
48221
48221
48222
48223
48223
48224
48225
48225
48226
48227
48228
48228
48229
48230
48230
48231
48232
48232
48233
48234
48235
48235
48236
48237
48237
48238
48239
48239
48240
48241
48242
48242
48243
48244
48244
48245
48246
48246
48247
48248
48249
48249
48250
48251
48251
48252
48253
48253
48254
48255
48256
48256
48257
48258
48258
48259
48260
48260
48261
48262
48263
48263
48264
48265
48265
48266
48267
48267
48268
48269
48270
48270
48271
48272
48272
48273
48274
48274
48275
48276
48277
48277
48278
48279
48279
48280
48281
48281
48282
48283
48284
48284
48285
48286
48286
48287
48288
48288
48289
48290
48291
48291
48292
48293
48293
48294
48295
48295
48296
48297
48298
48298
48299
48300
48300
48301
48302
48302
48303
48304
48305
48305
48306
48307
48307
48308
48309
48309
48310
48311
48312
48312
48313
48314
48314
48315
48316
48316
48317
48318
48319
48319
48320
48321
48321
48322
48323
48323
48324
48325
48326
48326
48327
48328
48328
48329
48330
48330
48331
48332
48333
48333
48334
48335
48335
48336
48337
48337
48338
48339
48340
48340
48341
48342
48342
48343
48344
48344
48345
48346
48347
48347
48348
48349
48349
48350
48351
48351
48352
48353
48354
48354
48355
48356
48356
48357
48358
48358
48359
48360
48361
48361
48362
48363
48363
48364
48365
48365
48366
48367
48368
48368
48369
48370
48370
48371
48372
48372
48373
48374
48375
48375
48376
48377
48377
48378
48379
48379
48380
48381
48382
48382
48383
48384
48384
48385
48386
48386
48387
48388
48389
48389
48390
48391
48391
48392
48393
48393
48394
48395
48396
48396
48397
48398
48398
48399
48400
48400
48401
48402
48403
48403
48404
48405
48405
48406
48407
48407
48408
48409
48410
48410
48411
48412
48412
48413
48414
48414
48415
48416
48417
48417
48418
48419
48419
48420
48421
48421
48422
48423
48424
48424
48425
48426
48426
48427
48428
48428
48429
48430
48431
48431
48432
48433
48433
48434
48435
48435
48436
48437
48438
48438
48439
48440
48440
48441
48442
48442
48443
48444
48445
48445
48446
48447
48447
48448
48449
48449
48450
48451
48452
48452
48453
48454
48454
48455
48456
48456
48457
48458
48459
48459
48460
48461
48461
48462
48463
48463
48464
48465
48466
48466
48467
48468
48468
48469
48470
48470
48471
48472
48473
48473
48474
48475
48475
48476
48477
48477
48478
48479
48480
48480
48481
48482
48482
48483
48484
48484
48485
48486
48487
48487
48488
48489
48489
48490
48491
48491
48492
48493
48494
48494
48495
48496
48496
48497
48498
48498
48499
48500
48501
48501
48502
48503
48503
48504
48505
48505
48506
48507
48508
48508
48509
48510
48510
48511
48512
48512
48513
48514
48515
48515
48516
48517
48517
48518
48519
48519
48520
