24774
24774
24775
24776
24776
24777
24778
24778
24779
24780
24781
24781
24782
24783
24783
24784
24785
24785
24786
24787
24788
24788
24789
24790
24790
24791
24792
24792
24793
24794
24795
24795
24796
24797
24797
24798
24799
24799
24800
24801
24802
24802
24803
24804
24804
24805
24806
24806
24807
24808
24809
24809
24810
24811
24811
24812
24813
24813
24814
24815
24816
24816
24817
24818
24818
24819
24820
24820
24821
24822
24823
24823
24824
24825
24825
24826
24827
24827
24828
24829
24830
24830
24831
24832
24832
24833
24834
24834
24835
24836
24837
24837
24838
24839
24839
24840
24841
24841
24842
24843
24844
24844
24845
24846
24846
24847
24848
24848
24849
24850
24851
24851
24852
24853
24853
24854
24855
24855
24856
24857
24858
24858
24859
24860
24860
24861
24862
24862
24863
24864
24865
24865
24866
24867
24867
24868
24869
24869
24870
24871
24872
24872
24873
24874
24874
24875
24876
24876
24877
24878
24879
24879
24880
24881
24881
24882
24883
24883
24884
24885
24886
24886
24887
24888
24888
24889
24890
24890
24891
24892
24893
24893
24894
24895
24895
24896
24897
24897
24898
24899
24900
24900
24901
24902
24902
24903
24904
24904
24905
24906
24907
24907
24908
24909
24909
24910
24911
24911
24912
24913
24914
24914
24915
24916
24916
24917
24918
24918
24919
24920
24921
24921
24922
24923
24923
24924
24925
24925
24926
24927
24928
24928
24929
24930
24930
24931
24932
24932
24933
24934
24935
24935
24936
24937
24937
24938
24939
24939
24940
24941
24942
24942
24943
24944
24944
24945
24946
24946
24947
24948
24949
24949
24950
24951
24951
24952
24953
24953
24954
24955
24956
24956
24957
24958
24958
24959
24960
24960
24961
24962
24963
24963
24964
24965
24965
24966
24967
24967
24968
24969
24970
24970
24971
24972
24972
24973
24974
24974
24975
24976
24977
24977
24978
24979
24979
24980
24981
24981
24982
24983
24984
24984
24985
24986
24986
24987
24988
24988
24989
24990
24991
24991
24992
24993
24993
24994
24995
24995
24996
24997
24998
24998
24999
25000
25000
25001
25002
25002
25003
25004
25005
25005
25006
25007
25007
25008
25009
25009
25010
25011
25012
25012
25013
25014
25014
25015
25016
25016
25017
25018
25019
25019
25020
25021
25021
