68049
68050
68050
68051
68052
68052
68053
68054
68055
68055
68056
68057
68057
68058
68059
68059
68060
68061
68062
68062
68063
68064
68064
68065
68066
68066
68067
68068
68069
68069
68070
68071
68071
68072
68073
68073
68074
68075
68076
68076
68077
68078
68078
68079
68080
68080
68081
68082
68083
68083
68084
68085
68085
68086
68087
68087
68088
68089
68090
68090
68091
68092
68092
68093
68094
68094
68095
68096
68097
68097
68098
68099
68099
68100
68101
68101
68102
68103
68104
68104
68105
68106
68106
68107
68108
68108
68109
68110
68111
68111
68112
68113
68113
68114
68115
68115
68116
68117
68118
68118
68119
68120
68120
68121
68122
68122
68123
68124
68125
68125
68126
68127
68127
68128
68129
68129
68130
68131
68132
68132
68133
68134
68134
68135
68136
68136
68137
68138
68139
68139
68140
68141
68141
68142
68143
68143
68144
68145
68146
68146
68147
68148
68148
68149
68150
68150
68151
68152
68153
68153
68154
68155
68155
68156
68157
68157
68158
68159
68160
68160
68161
68162
68162
68163
68164
68164
68165
68166
68167
68167
68168
68169
68169
68170
68171
68171
68172
68173
68174
68174
68175
68176
68176
68177
68178
68178
68179
68180
68181
68181
68182
68183
68183
68184
68185
68185
68186
68187
68188
68188
68189
68190
68190
68191
68192
68192
68193
68194
68195
68195
68196
68197
68197
68198
68199
68199
68200
68201
68202
68202
68203
68204
68204
68205
68206
68206
68207
68208
68209
68209
68210
68211
68211
68212
68213
68213
68214
68215
68216
68216
68217
68218
68218
68219
68220
68220
68221
68222
68223
68223
68224
68225
68225
68226
68227
68227
68228
68229
68230
68230
68231
68232
68232
68233
68234
68234
68235
68236
68237
68237
68238
68239
68239
68240
68241
68241
68242
68243
68244
68244
68245
68246
68246
68247
68248
68248
68249
68250
68251
68251
68252
68253
68253
68254
68255
68255
68256
68257
68258
68258
68259
68260
68260
68261
68262
68262
68263
68264
68265
68265
68266
68267
68267
68268
68269
68269
68270
68271
68272
68272
68273
68274
68274
68275
68276
68276
68277
68278
68279
68279
68280
68281
68281
68282
68283
68283
68284
68285
68286
68286
68287
68288
68288
68289
68290
68290
68291
68292
68293
68293
68294
68295
68295
68296
68297
68297
68298
68299
68300
68300
68301
68302
68302
68303
68304
68304
68305
68306
68307
68307
68308
68309
68309
68310
68311
68311
68312
68313
68314
68314
68315
68316
68316
68317
68318
68318
68319
68320
68321
68321
68322
68323
68323
68324
68325
68325
68326
68327
68328
68328
68329
68330
68330
68331
68332
68332
68333
68334
68335
68335
68336
68337
68337
68338
68339
68339
68340
68341
68342
68342
68343
68344
68344
68345
68346
68346
68347
68348
68349
68349
68350
68351
68351
68352
68353
68353
68354
68355
68356
68356
68357
68358
68358
68359
68360
68360
68361
68362
68363
68363
68364
68365
68365
68366
68367
68367
68368
68369
68370
68370
68371
68372
68372
68373
68374
68374
68375
68376
68377
68377
68378
68379
68379
68380
68381
68381
68382
68383
68384
68384
68385
68386
68386
68387
68388
68388
68389
68390
68391
68391
68392
68393
68393
68394
68395
68395
68396
68397
68398
68398
68399
68400
68400
68401
68402
68402
68403
68404
68405
68405
68406
68407
68407
68408
68409
68409
68410
68411
68412
68412
68413
68414
