64055
64056
64056
64057
64058
64058
64059
64060
64060
64061
64062
64063
64063
64064
64065
64065
64066
64067
64067
64068
64069
64070
64070
64071
64072
64072
64073
64074
64074
64075
64076
64077
64077
64078
64079
64079
64080
64081
64081
64082
64083
64084
64084
64085
64086
64086
64087
64088
64088
64089
64090
64091
64091
64092
64093
64093
64094
64095
64095
64096
64097
64098
64098
64099
64100
64100
64101
64102
64102
64103
64104
64105
64105
64106
64107
64107
64108
64109
64109
64110
64111
64112
64112
64113
64114
64114
64115
64116
64116
64117
64118
64119
64119
64120
64121
64121
64122
64123
64123
64124
64125
64126
64126
64127
64128
64128
64129
64130
64130
64131
64132
64133
64133
64134
64135
64135
64136
64137
64137
64138
64139
64140
64140
64141
64142
64142
64143
64144
64144
64145
64146
64147
64147
64148
64149
64149
64150
64151
64151
64152
64153
64154
64154
64155
64156
64156
64157
64158
64158
64159
64160
64161
64161
64162
64163
64163
64164
64165
64165
64166
64167
64168
64168
64169
64170
64170
64171
64172
64172
64173
64174
64175
64175
64176
64177
64177
64178
64179
64179
64180
64181
64182
64182
64183
64184
64184
64185
64186
64186
64187
64188
64189
64189
64190
64191
64191
64192
64193
64193
64194
64195
64196
64196
64197
64198
64198
64199
64200
64200
64201
64202
64203
64203
64204
64205
64205
64206
64207
64207
64208
64209
64210
64210
64211
64212
64212
64213
64214
64214
64215
64216
64217
64217
64218
64219
64219
64220
64221
64221
64222
64223
64224
64224
64225
64226
64226
64227
64228
64228
64229
64230
64231
64231
64232
64233
64233
64234
64235
64235
64236
64237
64238
64238
64239
64240
64240
64241
64242
64242
64243
64244
64245
64245
64246
64247
64247
64248
64249
64249
64250
64251
64252
64252
64253
64254
64254
64255
64256
64256
64257
64258
64259
64259
64260
64261
64261
64262
64263
64263
64264
64265
64266
64266
64267
64268
64268
64269
64270
64270
64271
64272
64273
64273
64274
64275
64275
64276
64277
64277
64278
64279
64280
64280
64281
64282
64282
64283
64284
64284
64285
64286
64287
64287
64288
64289
64289
64290
64291
64291
64292
64293
64294
64294
64295
64296
64296
64297
64298
64298
64299
64300
64301
64301
64302
64303
64303
64304
64305
64305
64306
64307
64308
64308
64309
64310
64310
64311
64312
64312
64313
64314
64315
64315
64316
64317
64317
64318
64319
64319
