51828
51828
51829
51830
51831
51831
51832
51833
51833
51834
51835
51835
51836
51837
51838
51838
51839
51840
51840
51841
51842
51842
51843
51844
51845
51845
51846
51847
51847
51848
51849
51849
51850
51851
51852
51852
51853
51854
51854
51855
51856
51856
51857
51858
51859
51859
51860
51861
51861
51862
51863
51863
51864
51865
51866
51866
51867
51868
51868
51869
51870
51870
51871
51872
51873
51873
51874
51875
51875
51876
51877
51877
51878
51879
51880
51880
51881
51882
51882
51883
51884
51884
51885
51886
51887
51887
51888
51889
51889
51890
51891
51891
51892
51893
51894
51894
51895
51896
51896
51897
51898
51898
51899
51900
51901
51901
51902
51903
51903
51904
51905
51905
51906
51907
51908
51908
51909
51910
51910
51911
51912
51912
51913
51914
51915
51915
51916
51917
51917
51918
51919
51919
51920
51921
51922
51922
51923
51924
51924
51925
51926
51926
51927
51928
51929
51929
51930
51931
51931
51932
51933
51933
51934
51935
51936
51936
51937
51938
51938
51939
51940
51940
51941
51942
51943
51943
51944
51945
51945
51946
51947
51947
51948
51949
51950
51950
51951
51952
51952
51953
51954
51954
51955
51956
51957
51957
51958
51959
51959
51960
51961
51961
51962
51963
51964
51964
51965
51966
51966
51967
51968
51968
51969
51970
51971
51971
51972
51973
51973
51974
51975
51975
51976
51977
51978
51978
51979
51980
