57729
57730
57730
57731
57732
57733
57733
57734
57735
57735
57736
57737
57737
57738
57739
57740
57740
57741
57742
57742
57743
57744
57744
57745
57746
57747
57747
57748
57749
57749
57750
57751
57751
57752
57753
57754
57754
57755
57756
57756
57757
57758
57758
57759
57760
57761
57761
57762
57763
57763
57764
57765
57765
57766
57767
57768
57768
57769
57770
57770
57771
57772
57772
57773
57774
57775
57775
57776
57777
57777
57778
57779
57779
57780
57781
57782
57782
57783
57784
57784
57785
57786
57786
57787
57788
57789
57789
57790
57791
57791
57792
57793
57793
57794
57795
57796
57796
57797
57798
57798
57799
57800
57800
57801
57802
57803
57803
57804
57805
57805
57806
57807
57807
57808
57809
57810
57810
57811
57812
57812
57813
57814
57814
57815
57816
57817
57817
57818
57819
57819
57820
57821
57821
57822
57823
57824
57824
57825
57826
57826
57827
57828
57828
57829
57830
57831
57831
57832
57833
57833
57834
57835
57835
57836
57837
57838
57838
57839
57840
57840
57841
57842
57842
57843
57844
57845
57845
57846
57847
57847
57848
57849
57849
57850
57851
57852
57852
57853
57854
57854
57855
57856
57856
57857
57858
57859
57859
57860
57861
57861
57862
57863
57863
57864
57865
57866
57866
57867
57868
57868
57869
57870
57870
57871
57872
57873
57873
57874
57875
57875
57876
57877
57877
57878
57879
57880
57880
57881
57882
57882
57883
57884
57884
57885
57886
57887
57887
57888
57889
57889
57890
57891
57891
57892
57893
57894
57894
57895
57896
57896
57897
57898
57898
57899
57900
57901
57901
57902
57903
57903
57904
57905
57905
57906
57907
57908
57908
57909
57910
57910
57911
57912
57912
57913
57914
57915
57915
57916
57917
57917
57918
57919
57919
57920
57921
57922
57922
57923
57924
57924
57925
57926
57926
57927
57928
57929
57929
57930
57931
57931
57932
57933
57933
57934
57935
57936
57936
57937
57938
57938
57939
57940
57940
57941
57942
57943
57943
57944
57945
57945
57946
57947
57947
57948
57949
57950
57950
57951
57952
57952
57953
57954
57954
57955
57956
57957
57957
57958
57959
57959
57960
57961
57961
57962
57963
57964
57964
57965
57966
57966
57967
57968
57968
57969
57970
57971
57971
57972
57973
57973
57974
57975
57975
57976
57977
57978
57978
57979
57980
57980
57981
57982
57982
57983
57984
57985
57985
57986
57987
57987
57988
57989
57989
57990
57991
57992
57992
57993
57994
