7433.6
7434.3
7435
7435.7
7436.4
7437.1
7437.8
7438.5
7439.2
7439.9
7440.6
7441.3
7442
7442.7
7443.4
7444.1
7444.8
7445.5
7446.2
7446.9
7447.6
7448.3
7449
7449.7
7450.4
7451.1
7451.8
7452.5
7453.2
7453.9
7454.6
7455.3
7456
7456.7
7457.4
7458.1
7458.8
7459.5
7460.2
7460.9
7461.6
7462.3
7463
7463.7
7464.4
7465.1
7465.8
7466.5
7467.2
7467.9
7468.6
7469.3
7470
7470.7
7471.4
7472.1
7472.8
7473.5
7474.2
7474.9
7475.6
7476.3
7477
7477.7
7478.4
7479.1
7479.8
7480.5
7481.2
7481.9
7482.6
7483.3
7484
7484.7
7485.4
7486.1
7486.8
7487.5
7488.2
7488.9
7489.6
7490.3
7491
7491.7
7492.4
7493.1
7493.8
7494.5
7495.2
7495.9
7496.6
7497.3
7498
7498.7
7499.4
7500.1
7500.8
7501.5
7502.2
7502.9
7503.6
7504.3
7505
7505.7
7506.4
7507.1
7507.8
7508.5
7509.2
7509.9
7510.6
7511.3
7512
7512.7
7513.4
7514.1
7514.8
7515.5
7516.2
7516.9
7517.6
7518.3
7519
7519.7
7520.4
7521.1
7521.8
7522.5
7523.2
7523.9
7524.6
7525.3
7526
7526.7
7527.4
7528.1
7528.8
7529.5
7530.2
7530.9
7531.6
7532.3
7533
7533.7
7534.4
7535.1
7535.8
7536.5
7537.2
7537.9
7538.6
7539.3
7540
7540.7
7541.4
7542.1
7542.8
7543.5
7544.2
7544.9
7545.6
7546.3
7547
7547.7
7548.4
7549.1
7549.8
7550.5
7551.2
7551.9
7552.6
7553.3
7554
7554.7
7555.4
7556.1
7556.8
7557.5
7558.2
7558.9
7559.6
7560.3
7561
7561.7
7562.4
7563.1
7563.8
7564.5
7565.2
7565.9
7566.6
7567.3
7568
7568.7
7569.4
7570.1
7570.8
7571.5
7572.2
7572.9
7573.6
7574.3
7575
7575.7
7576.4
7577.1
7577.8
7578.5
7579.2
7579.9
7580.6
7581.3
7582
7582.7
7583.4
7584.1
7584.8
7585.5
7586.2
7586.9
7587.6
7588.3
7589
7589.7
7590.4
7591.1
7591.8
7592.5
7593.2
7593.9
7594.6
7595.3
7596
7596.7
7597.4
7598.1
7598.8
7599.5
7600.2
7600.9
7601.6
7602.3
7603
7603.7
7604.4
7605.1
7605.8
7606.5
7607.2
7607.9
7608.6
7609.3
7610
7610.7
7611.4
7612.1
7612.8
7613.5
7614.2
7614.9
7615.6
7616.3
7617
7617.7
7618.4
7619.1
7619.8
7620.5
7621.2
7621.9
7622.6
7623.3
7624
7624.7
7625.4
7626.1
7626.8
7627.5
7628.2
7628.9
7629.6
7630.3
7631
7631.7
7632.4
7633.1
7633.8
7634.5
7635.2
7635.9
7636.6
7637.3
7638
7638.7
7639.4
7640.1
7640.8
7641.5
7642.2
7642.9
7643.6
7644.3
7645
7645.7
7646.4
7647.1
7647.8
7648.5
7649.2
7649.9
7650.6
7651.3
7652
7652.7
7653.4
7654.1
7654.8
7655.5
7656.2
7656.9
7657.6
7658.3
7659
7659.7
7660.4
7661.1
7661.8
7662.5
7663.2
7663.9
7664.6
7665.3
7666
7666.7
7667.4
7668.1
7668.8
7669.5
7670.2
7670.9
7671.6
7672.3
7673
7673.7
7674.4
7675.1
7675.8
7676.5
7677.2
7677.9
7678.6
7679.3
7680
7680.7
7681.4
7682.1
7682.8
7683.5
7684.2
7684.9
7685.6
7686.3
7687
7687.7
7688.4
7689.1
7689.8
7690.5
7691.2
7691.9
7692.6
7693.3
7694
7694.7
7695.4
7696.1
7696.8
7697.5
7698.2
7698.9
7699.6
7700.3
7701
7701.7
7702.4
7703.1
7703.8
7704.5
7705.2
7705.9
7706.6
7707.3
7708
7708.7
7709.4
7710.1
7710.8
7711.5
7712.2
7712.9
7713.6
7714.3
7715
7715.7
7716.4
7717.1
7717.8
7718.5
