5990.2
5990.9
5991.6
5992.3
5993
5993.7
5994.4
5995.1
5995.8
5996.5
5997.2
5997.9
5998.6
5999.3
6000
6000.7
6001.4
6002.1
6002.8
6003.5
6004.2
6004.9
6005.6
6006.3
6007
6007.7
6008.4
6009.1
6009.8
6010.5
6011.2
6011.9
6012.6
6013.3
6014
6014.7
6015.4
6016.1
6016.8
6017.5
6018.2
6018.9
6019.6
6020.3
6021
6021.7
6022.4
6023.1
6023.8
6024.5
6025.2
6025.9
6026.6
6027.3
6028
6028.7
6029.4
6030.1
6030.8
6031.5
6032.2
6032.9
6033.6
6034.3
6035
6035.7
6036.4
6037.1
6037.8
6038.5
6039.2
6039.9
6040.6
6041.3
6042
6042.7
6043.4
6044.1
6044.8
6045.5
6046.2
6046.9
6047.6
6048.3
6049
6049.7
6050.4
6051.1
6051.8
6052.5
6053.2
6053.9
6054.6
6055.3
6056
6056.7
6057.4
6058.1
6058.8
6059.5
6060.2
6060.9
6061.6
6062.3
6063
6063.7
6064.4
6065.1
6065.8
6066.5
6067.2
6067.9
6068.6
6069.3
6070
6070.7
6071.4
6072.1
6072.8
6073.5
6074.2
6074.9
6075.6
6076.3
6077
6077.7
6078.4
6079.1
6079.8
6080.5
6081.2
