0	0	0	0	0	0	0	0	0	0	0	0	0	0	0	0	0	0	0	0	0	0	0	0	0	0	0	0	0	0	0	0	0	0	0	0	0	0	0	0	0	0	0	0	0	0	0	0	0	0	0	0	0.28567	0	0	0	0	0	0	0	0	0	0	0	0	0	0	0	0	0	0	0	0	0	0	0	0	0	0	0	0	0	0	0	0	0	0	0	0	0	0	0	0	0	0	0	0	0	0	0	0	0	0	0	0	0.55711	0.73264	0	0	0	0	0	0	0	0	0	0	0	0	0	0	0	0	0	0	0	0	0	0	0	0	0	0	0	0	0	0	0	0	0	0	0.57314	0	0	0	0	0	0.45323	0	0	0	0.27112	0	0.31954	0	0	0.17751	0	0.42378	0.57291	0.47534	0.53492	0.8229	0.76748	0.65242	0.54984	0	0.50346	0.41093	0.55286	0.55893	0.41329	0.3703	0.23667	0	0	0	0	0	0	0	0	0	0	0	0	0	0	0	0	0	0	0	0	0	0	0	0	0	0	0	0	0	0	0	0	0	0	0	0	0	0	0	0	0	0	0	0	0	0	0	0	0
0.43278	0.46407	0	0	0	0	0	0	0	0	0	0	0	0	0	0	0	0	0	0	0	0	0	0	0	0	0	0	0	0	0	0	0	0	0	0	0	0	0	0	0	0	0	0	0	0	0	0	0	0	0	0	0	0	0	0	0	0	0	0	0	0	0	0	0	0	0	0	0	0	0	0	0	0	0	0	0	0	0	0.93423	0	0	0	0	0	0	0	0	0	0	0	0	0	0	0	0	0	0	0	0	0	0	0	0	0	0	0.52332	0.33898	0	0	0	0	0	0	0	0	0	0	0	0	0	0	0	0	0	0	0	0	0	0	0	0	0	0	0	0	0	0	0	0	0	0	0	0	0	0	0	0	0	0	0.33964	0	0.33269	0.26642	0	0.27608	0.27936	0.327	0.57291	0.42848	0.63819	0.75223	0.88597	0.70084	0.65242	0	0.50346	0.64649	0.45523	0.69258	0	0.34921	0.26633	0.25984	0.30268	0	0	0	0	0	0	0	0	0	0	0	0	0	0	0	0	0	0	0	0	0	0	0	0	0	0	0	0	0	0	0	0	0	0	0	0	0	0	0	0	0	0	0	0	0	0	0	0
0	0	0	0	0	0	0	0	0	0	0	0	0	0	0	0	0	0	0	0	0	0	0	0	0	0	0	0	0	0	0	0	0	0	0	0	0	0	0	0	0	0	0	0	0	0	0	0	0	0	0	0.45045	0	0	0	0	0	0	0	0	0	0	0	0	0	0	0	0	0	0	0	0	0	0	0	0	0	0	0	0	0	0	0	0	0	0	0	0	0	0	0	0	0	0	0	0	0	0	0	0	0	0	0	0	0	0	0	0	0	0	0	0	0	0	0	0	0	0	0	0	0	0	0	0	0	0	0	0	0	0	0	0	0	0	0	0	0	0	0	0	0	0	0	0	0	0	0	0	0	0	0.21027	0.56394	0	0	0.22363	0.51255	0.59999	0.46261	0.35025	0.56097	0.60999	0.87304	0.91276	1.059	0.83627	0.50167	0.58812	0.48693	0.68531	0.63623	0.37246	0.32525	0.25984	0	0.29013	0	0	0	0	0	0	0	0	0	0	0	0	0	0	0	0	0	0	0	0	0	0	0	0	0	0	0	0	0	0	0	0	0	0	0	0	0	0	0	0	0	0	0	0	0	0	0	0
0	0	0	0	0	0	0	0	0	0	0	0	0	0	0	0	0	0	0	0	0	0	0	0	0	0	0	0	0	0	0	0	0	0	0	0	0	0	0	0	0	0	0	0	0	0	0	0	0	0	0	0	0	0	0	0	0	0	0	0	0	0	0	0	0	0	0	0	0	0	0	0	0	0	0	0	0	0	0	0	0	0	0	0	0	0	0	0	0	0	0	0	0	0	0	0	0	0	0	0	0	0	0	0	0	0	0	0	0	0	0	0	0	0	0	0	0	0	0	0	0	0	0	0	0	0	0	0	0	0	0	0	0	0	0	0	0	0	0	0	0	0	0.61235	0	0	0	0	0	0	0	0	0.25551	0.42378	0.34431	0.64573	0.56097	0.43881	0.55802	0.46513	0	0.64146	0.81479	1.2024	0.98101	0.64573	0.65242	0.65242	0.74269	0.59976	0.73096	0.42771	0.46039	0.33906	0	0	0	0	0	0.24116	0.23667	0	0	0	0	0	0	0	0	0	0	0	0	0	0	0	0	0	0	0	0	0	0	0	0	0	0	0	0	0	0	0	0	0	0	0	0	0	0	0	0	0	0	0
0	0	0	0	0	0	0	0	0	0	0	0	0	0	0	0	0	0	0	0	0	0	0	0	0	0	0	0	0	0	0	0	0	0	0	0	0	0	0	0	0	0	0	0	0	0	0	0	0	0	0	0	0	0	0	0	0	0	0	0	0	0	0	0	0	0	0	0	0	0	0	0	0	0	0	0	0	0	0	0	0	0	0	0	0	0	0	0	0	0	0	0	0	0	0	0	0	0	0	0	0	0	0	0	0	0	0	0	0	0	0	0	0	0	0	0	0	0	0	0	0	0	0	0	0	0	0	0	0	0	0	0	0	0	0	0	0	0	0	0	0	0.30087	0	0	0	0	0	0	0	0	0.28102	0.582	0.51255	0.42613	0	0.3346	0.39208	0.41913	0.62846	0.54059	0.78056	1.2396	1.0885	1.0292	0.89905	0.63911	0.51805	0.4576	0.77908	0.78086	0.44505	0.4326	0.48152	0.43755	0.25506	0.22934	0.26145	0	0	0.28837	0	0	0	0	0	0	0	0	0	0	0	0	0	0	0	0	0	0	0	0	0	0	0	0	0	0	0	0	0	0	0	0	0	0	0	0	0	0	0	0	0	0	0
0	0	0	0	0	0	0	0	0	0	0	0	0	0	0	0	0	0	0	0	0	0	0	0	0	0	0	0	0	0	0	0	0	0	0	0	0	0	0	0	0	0.98343	0	0	0	0	0	0	0	0	0	0	0	0	0	0	0	0	0	0	0	0	0	0	0	0	0	0	0	0	0	0	0	0	0	0	0	0	0	0	0	0	0	0	0	0.45284	0	0	0	0	0	0	0	0	0	0	0	0	0	0	0	0	0	0	0	0	0	0	0	0	0	0	0	0	0	0	0	0	0	0	0	0	0	0	0	0	0	0	0	0	0	0	0	0	0	0	0	0	0	0	0.25986	0	0	0	0	0	0	0	0	0	0.38772	0.73723	0	0.5943	0.23481	0.34628	0.28603	0.41451	0.42848	0.73723	0.7447	0.98574	1.2654	0.84038	0.9123	0.54925	0.63582	0.69728	0.64573	0.75223	0.45012	0.32332	0.34107	0.40391	0	0	0	0	0	0	0.18077	0	0	0	0	0	0	0	0	0	0	0	0	0	0	0	0	0	0	0	0	0	0	0	0	0	0	0	0	0	0	0	0	0	0	0	0	0	0	0	0	0	0
0	0	0	0	0	0	0	0	0	0	0	0	0	0	0	0	0	0	0	0	0	0	0	0	0	0	0	0	0	0	0	0	0	0	0	0	0	0	0	0	0	0	0	0	0	0	0	0	0	0	0	0	0	0	0	0	0	0	0	0	0	0	0	0	0	0	0	0	0	0	0	0	0	0	0	0	0	0.33708	0.24532	0	0	0	0	0	0	0	0	0	0	0	0	0	0	0	0	0	0	0	0	0	0	0	0	0	0	0	0	0	0	0	0	0	0	0.65273	0.84991	0	0	0	0	0	0	0	0	0	0	0	0	0	0	0	0	0	0	0	0	0	0	0	0	0	0	0.26331	0	0	0	0	0	0	0	0.27121	0.25859	0.72072	0.491	0.38555	0	0.37277	0.57592	0.45511	0.38555	0.69022	0.79084	0.95764	1.0243	0.82406	0.73352	0.41222	0.582	0.57291	0.63582	0.63582	0.40391	0.40624	0.31948	0.28837	0.28144	0.2488	0	0	0	0	0.23371	0	0	0	0	0	0	0	0	0	0	0	0	0	0	0	0	0	0	0	0	0	0	0	0	0	0	0	0	0	0	0	0	0	0	0	0	0	0	0	0	0	0
0	0	0	0	0	0	0	0	0	0	0	0	0	0	0	0	0	0	0	0	0	0	0	0	0	0	0	0	0	0	0	0	0	0	0	0	0	0	0	0	0	0	0	0	0	0	0	0	0	0	0	0	0	0	0	0	0	0	0	0	0	0	0	0	0	0	0	0	0	0	0	0	0	0	0	0	0	0	1.6075	1.3105	0	0	0	0.51245	0.63985	0	0	0	0	0	0	0	0	0	0	0	0	0	0	0	0	0	0	0	0	0	0	0	0	0	0	0	0	0	0	0	0	0	0	0	0	0	0	0	0	0	0	0	0	0	0	0	0	0	0	0	0	0	0	0	0	0	0	0	0	0	0	0	0	0	0	0.84349	0.47792	0	0.41451	0.48836	0.3987	0.40767	0.71884	0.57592	0.83521	1.1529	1.0793	0.83109	0.65916	0.61957	0.491	0.48573	0.5699	0.66938	0.45017	0	0.28489	0	0	0	0.24267	0	0	0	0	0	0	0	0	0	0	0	0	0	0	0	0	0	0	0	0	0	0	0	0	0	0	0	0	0	0	0	0	0	0	0	0	0	0	0	0	0	0	0	0	0	0
0	0	0	0	0	0	0	0	0	0	0	0	0	0	0	0	0	0	0	0	0	0	0	0	0	0	0	0	0	0	0	0	0	0	0	0	0	0	0	0	0	0	0	0	0	0	0	0	0	0	0	0	0	0	0	0	0	0	0	0	0	0	0	0	0	0	0	0	0	0	0	0	0	0	0	0	0	0	0.41597	0	0	0	0	0.62486	0	0.54565	0	0	0	0	0	0	0	0	0	0	0	0	0	0	0	0	0	0	0	0	0	0	0	0	0	0	0	0	0	0	0	0	0	0	0	0	0	0	0	0	0	0	0	0	0	0	0	0	0	0	0	0	0	0	0	0	0	0	0	0	0	0	0	0	0.67626	0.8229	0	0.30862	0.45511	0.71521	0.41681	0.39101	0.45017	0.7752	0.77133	1.0896	0.89031	0.89031	0.71884	0.72983	0.62279	0.67973	0.61317	0.57291	0.48311	0.40317	0	0	0	0	0	0	0	0	0	0	0	0	0	0	0	0	0	0	0	0	0	0	0	0	0	0	0	0	0	0	0	0	0	0	0	0	0	0	0	0	0	0	0	0	0	0	0	0	0	0	0
0	0	0	0	0	0	0	0	0	0	0	0	0	0	0	0	0	0	0	0	0	0	0	0	0	0	0	0	0	0	0	0	0	0	0	0	0	0	0	0	0	0	0	0	0	0	0	0	0	0	0	0	0	0	0	0	0	0	0	0	0	0	0	0	0	0	0	0	0	0	0	0	0	0	0	0	0	0.32218	0.29915	0	0	0	0	0	0	0	0	0	0	0	0	0	0	0	0	0	0	0	0	0	0	0	0	0	0	0	0	0	0	0	0	0	0	0	0	0	0	0	0	0	0	0	0	0	0	0	0	0	0	0	0	0	0	0	0	0	0	0	0	0	0	0	0	0	0	0	0	0	0	0.48836	0.83109	0.62279	0.45263	0.3346	0.5699	0.67626	0.582	0.36034	0.60683	0.98559	1.0097	1.0049	0.8229	0.87807	0.77133	0.61637	0.71521	0.57592	0.62603	0.62603	0.37277	0.33078	0.40317	0	0	0	0	0	0	0	0	0	0	0.28361	0	0	0	0	0	0	0	0	0	0	0	0	0	0	0	0	0	0	0	0	0	0	0	0	0	0	0	0	0	0	0	0	0	0	0	0	0	0	0
0.58497	1.3046	0.93861	0.89786	0.77337	0.32156	0	0	0	0	0	0	0	0	0	0	0	0	0	0	0	0	0	0	0	0	0	0	0	0	0	0	0	0	0	0	0	0	0	0	0	0	0	0	0	0	0	0	0	0	0	0	0	0	0	0	0	0	0	0	0	0	0	0	0	0	0	0	0	0	0	0	0	0.90825	1.4087	0	0	0	0	0	0	0	0	0	0	0	0	0	0	0	0	0	0	0	0	0	0	0	0	0	0	0	0	0	0	0	0	0	0	0	0	0	0	0	0	0	0	0	0	0	0	0	0	0	0	0	0	0	0	0	0	0	0	0	0	0	0	0	0	0	0	0	0	0	0	0	0.37699	0	0.52083	0.95303	0.77133	0.42378	0	0.49899	0.61957	0.41681	0.40994	0.48311	0.66596	0.99526	0.87733	0.70441	0.87733	0.76364	1.0691	0.71884	0.70799	0.49631	0.66596	0.76364	0.56394	0.41451	0.31404	0.40767	0.38568	0.39243	0	0	0	0	0	0	0	0	0.25985	0	0	0	0	0	0	0	0	0	0	0	0	0	0	0	0	0	0	0	0	0	0	0	0	0	0	0	0	0	0	0	0	0	0	0	0	0	0
1.0054	1.2858	1.225	0.83167	0.72923	0.63438	0	0	0	0	0	0	0	0	0	0	0	0	0	0	0	0	0	0	0	0	0	0	0	0	0	0	0	0	0	0	0	0	0	0	0	0	0	0	0	0	0	0	0	0	0	0	0	0	0	0	0	0	0	0	0	0	0	0	0	0	0	0	0	0	0	0	0	0	0	0	0	0	0	0	0	0	0	0	0	0	0	0	0	0	0	0	0	0	0	0	0	0	0	0	0	0	0	0	0	0	0	0	0	0	0	0	0	0	0	0	0	0	0	0	0	0	0	0	0	0	0	0	0	0	0	0	0	0	0	0	0	0	0	0	0.19514	0	0	0	0	0.37699	0.24498	0	0.48311	1.2307	0.65916	0	0	0.71521	0.66596	0.52922	0	0.52641	0.82699	0.89031	0.8229	1.0145	0.83109	1.0793	0.89467	0.94843	0.57291	0.67281	0.47277	0.52361	0.71159	0.67281	0	0.31223	0.26642	0.4326	0.22646	0	0	0	0	0	0	0	0	0	0	0	0	0	0	0	0	0	0	0	0	0	0	0	0	0	0	0	0	0	0	0	0	0	0	0	0	0	0	0	0	0	0	0	0	0	0
0	0.26514	1.5763	0.3868	0.45622	0	0	0	0	0	0	0	0	0	0	0	0	0	0	0	0	0	0	0	0	0	0	0	0	0	0	0	0	0	0	0	0	0	0	0	0	0	0	0	0	0	0	0	0	0	0	0	0	0	0	0.84142	0	0	0	0	0	0	0	0	0	0	0	0	0	0	0	0	0	0	0	0	0	0	0	0	0	0	0	0	0	0	0	0	0	0	0	0	0	0	0.93754	0	0	0	0	0	0	0	0	0	0	0	0	0	0	0	0	0	0	0	0	0	0	0	0	0	0	0	0	0	0	0	0	0	0	0	0	0	0	0	0	0	0	0	0	0	0	0	0	0	0.52491	0.60623	0	0.5041	0.37049	0.49718	0	0	0.33932	0.50177	0.6399	0.40499	0	0.73611	0.18441	0.55726	0.92547	1.1826	0.65909	0.5077	1.0497	0.45805	0.54849	0.62111	0.56674	0.53811	0.89855	0.63594	0.69373	0.70061	0.37419	0.38203	0.050052	0	0	0	0	0	0	0	0	0	0	0	0	0	0	0	0	0	0	0	0	0	0	0	0	0	0	0	0	0	0	0	0	0	0	0	0	0	0	0	0	0	0	0	0	0	0
0.48902	0	0.3189	0	0	0	0	0	0	0	0	0	0	0	0	0	0	0	0	0	0	0	0	0	0	0	0	0	0	0	0	0	0	0	0	0	0	0	0	0	0	0	0	0	0	0	0	0	0	0	0	0	0	0	0	1.019	0	0	0	0	0	0	0	0	0	0	0	0	0	0	0	0	0	0	0	0	0	0	0	0	0	0	0	0	0	0	0	0	0	0	0	0	0	0	0	0	0	0	0	0	0	0	0	0	0	0	0	0	0	0	0	0	0	0	0	0	0	0	0	0	0	0	0	0	0	0	0	0	0	0	0	0	0	0	0	0	0	0	0	0	0	0	0	0	0.37828	0.51474	0.66603	0.60023	0.50693	0.80258	0.52581	0	0.82626	0.4025	0	0.32053	0.4371	0.56	0.59855	0.22366	0.45381	0.71069	0.8642	1.0826	0.49605	0.90847	0.543	0.81049	0.62111	0.79111	0.67207	0.88734	0.54822	0.33898	0.40876	0.38064	0.27082	0.43191	0	0	0	0	0	0	0	0	0	0	0	0	0	0	0	0	0	0	0	0	0	0	0	0	0	0	0	0	0	0	0	0	0	0	0	0	0	0	0	0	0	0	0	0	0
0	0	0	0	0	0	0	0	0	0	0.68522	0	0	0.49589	0	0	0	0	0	0	0	0	0	0	0	0	0	0	0	0	0	0	0	0	0	0	0	0	0	0	0	0	0	0	0	0	0	0	0	0	0	0	0	0	0	0	0	0	0	0	0	0	0	0	0	0	0	0	0	0	0	0	0	0	0	0	0	0	0	0	0	0	0	0	0	0	0	0	0	0	0	0	0	0	0	0	0	0	0	0.25437	0.42738	0	0.36134	0	0.26246	0	0	0	0	0	0	0	0	0	0	0	0	0	0	0	0	0	0	0	0	0	0	0	0	0	0	0	0	0	0	0	0	0	0	0	0	0	0	0.41713	0.62945	0.86045	0.70224	0.90221	0.72807	0.86195	0	0.68071	0.53759	0.53444	0.48971	0.58705	0.66528	0.42636	0.67179	0.74846	0.5915	0.53899	1.0662	0.87065	0.46518	0.85657	0.74021	0.34019	0.97322	0.39632	1.0693	0.56105	0.85101	0.53807	0.49831	0.38305	0.31696	0	0	0	0	0	0	0	0	0	0	0	0	0	0	0	0	0	0	0	0	0	0	0	0	0	0	0	0	0	0	0	0	0	0	0	0	0	0	0	0	0	0	0	0	0	0
0	0	0	0	0	0	0	0	0	0	0	0	0	0.57323	0.49302	0	0	0	0	0	0	0	0	0	0	0	0	0	0	0	0	0	0	0	0	0	0	0	0	0	0	0	0	0	0	0	0	0	0	0	0	0	0	0	0.51222	0	0	0	0	0	0	0	0	0	0	0	0	0	0	0	0	0	0	0	0	0	0	0	0	0	0	0	0	0	0	0	0	0	0	0	0	0	0	0	0	0	0	0	0	0	0.36894	0	0.82712	0	0	0	0	0	0	0	0	0	0	0	0	0	0	0	0	0	0	0	0	0	0	0	0	0	0	0	0	0	0	0	0	0	0	0	0.34321	0	0	0	0	0.68531	0.81388	0.9173	0.52182	0.42784	0.66598	0.77171	0.48681	0.74021	0.32669	0.49263	0.43177	0.59653	0.63283	0.6214	0.86748	0.70088	0.36303	0.4282	0.89639	0.39339	1.2371	0.79089	0.86763	0.71384	0.84481	1.4489	0.54579	0.76177	0.87233	0.38302	0.40841	0.25437	0.26907	0.3902	0.32653	0.30226	0	0	0	0	0	0	0	0	0	0	0	0	0	0	0	0	0	0	0	0	0	0	0	0	0	0	0	0	0	0	0	0	0	0	0	0	0	0	0	0	0	0	0
0	0	0	0	0	0	0	0	0	0	0	0	0	0.55632	0.43439	0	0	0	0	0	0	0	0	0	0	0	0	0	0	0	0	0	0	0	0	0	0	0	0	0	0	0	0	0	0	0	0	0	0	0	0	0	0	0	0	0	0	0	0	0	0	0	0	0	0	0	0	0	0	0	0	0	0	0	0	0	0	0	0	0	0	0	0	0	0	0	0	0	0	0	0	0	0	0	0	0	0	0	0	0	0	0	0	0	0	0	0	0	0	0	0	0	0	0	0	0	0	0	0	0	0	0	0	0	0	0	0	0	0	0	0.31758	0	0	0	0	0	0	0	0	0	0	0	0.38384	1.3046	0.53883	0.41047	0.35725	0.269	0.54077	0.43326	0	0	0	0.55842	0.53444	0.52276	0.72072	0.60973	0.45627	0.73173	0.21282	0.48321	0.43936	1.3163	0.39209	0.91752	0.8667	0.51649	0.65502	0.81626	0.47558	0.83724	0.7036	0.57163	0	0	0	0	0	0	0	0	0	0	0	0	0	0	0	0	0	0	0	0	0	0	0	0	0	0	0	0	0	0	0	0	0	0	0	0	0	0	0	0	0	0	0	0	0	0	0	0	0
0	0	0	0	0	0	0	0	0	0	0	0	0	0.39158	0	0	0	0	0	0	0	0	0	0	0	0	0	0	0	0	0	0	0	0	0	0	0	0	0	0	0	0	0	0	0	0	0	0	0	0	0	0	0	0	0	0	0	0	0	0	0	0	0	0	0	0	0	0	0	0	0	0	0	0	0	0	0	0	0	0	0	0	0	0	0	0	0	0	0	0	0	0	0	0	0	0	0	0	0	0	0	0	0	0	0	0	0	0	0	0	0	0	0	0	0	0	0	0	0	0	0	0	0	0	0	0	0	0	0	0.39384	0.21525	0	0	0	0	0	0	0.3844	0	0	0	0	0.66596	0.61239	0.38546	0.24551	0	0	0.55688	0.42198	0	0.54629	0.66085	0.39158	0.52506	0.55809	0.62063	0.72884	0.67246	0.7066	0.46087	0.48469	1.1836	1.3053	0.77183	0.36318	1.113	0.74264	0.79536	0.93784	0.24934	0.97544	0.66675	0.60734	0.67306	0.58674	0	0	0.40653	0	0	0	0	0	0	0	0	0	0	0	0	0	0	0	0	0	0	0	0	0	0	0	0	0	0	0	0	0	0	0	0	0	0	0	0	0	0	0	0	0	0	0	0
0	0	0	0	0	0	0	0	0	0	0	0	0	0	0	0	0	0	0	0	0	0	0	0	0	0	0	0	0	0	0	0	0	0	0	0	0	0	0	0	0	0	0	0	0	0	0	0	0	0	0	0	0	0	0	0	0	0	0	0	0	0	0	0	0	0	0	0	0	0	0	0	0	0	0	0	0	0	0	0	0	0	0	0	0	0	0	0	0	0	0	0	0	0	0	0	0	0	0	0	0	0	0	0	0	0	0	0	0	0	0	0	0	0	0	0	0	0	0	0	0	0	0	0	0	0	0	0	0.21758	0.36329	0	0	0	0	0	0	0.64483	0.22815	0	0	0	0	0.31985	0.62702	0	0	0	0	0	0.59688	0.42785	0	0	0	0	0.30416	0.54445	0.60397	0.64605	0.27591	0.63881	0.52574	0.51811	1.0287	1.1399	1.0574	0.93675	1.0006	0.76915	0.26476	0.61046	0.6059	0.88427	0	0.50146	0.40903	0	0	0	0	0	0	0	0	0	0	0	0	0	0	0	0	0	0	0	0	0	0	0	0	0	0	0	0	0	0	0	0	0	0	0	0	0	0	0	0	0	0	0	0	0	0	0
0	0	0	0	0	0	0	0	0	0	0	0	0	0	0	0	0	0	0	0	0	0	0	0	0	0	0	0	0	0	0	0	0	0	0	0	0	0	0	0	0	0	0	0	0	0	0	0	0	0	0	0	0	0	0	0	0	0	0	0	0	0	0	0	0	0	0	0	0	0	0	0	0	0	0	0	0	0	0	0	0	0	0	0	0	0	0	0	0	0	0	0	0	0	0	0	0	0	0	0	0	0	0	0	0	0	0	0	0	0	0	0	0	0	0	0	0	0	0	0	0	0	0	0	0	0	0	0	0.42353	0.22632	0	0	0	0	0	0.41771	0.28825	0	0	0	0	0.46596	0	0.36469	0.26518	0	0.33719	0	0.42539	0.63278	0.45234	0.38302	0.60029	0	0	0.40968	0.45835	0.7105	0.54445	0.20586	0.30228	1.0697	1.3522	1.2712	0.18454	0.88619	0.95678	0.9658	0.90809	0.33768	1.024	0.47883	0.63783	0.51138	0.49196	0.42022	0.34796	0.39641	0.395	0	0	0	0	0	0	0	0	0	0	0	0	0	0	0	0	0	0	0	0	0	0	0	0	0	0	0	0	0	0	0	0	0	0	0	0	0	0	0	0	0	0	0	0
0.55556	0	0	0	0	0	0	0	0	0	0	0	0	0.2344	0.34362	0	0	0.71275	0.4072	0	0	0	0	0	0	0	0	0	0	0	0	0	0	0	0	0	0	0	0	0	0	0	0	0	0	0	0	0	0	0	0	0	0	0	0	0	0	0	0	0	0	0	0	0	0	0	0	0	0	0	0.25371	0	0	0	0	0	0	0	0	0	0	0	0	0	0	0	0	0	0	0	0	0	0	0	0	0	0	0	0	0	0	0	0	0	0	0	0	0	0	0	0	0	0	0	0	0	0	0	0	0	0	0	0	0	0	0	0	0.22966	0.40904	0	0	0	0	0	0	0.47446	0	0	0	0	0	0.72037	0.56365	0	0.46316	0	0.25382	0.53498	0.30763	0.41972	0.48596	0.427	0.61497	0.41738	0.49701	0.3744	0.4143	0.461	0.53185	0.53722	0.9859	0.37624	1.2591	0.68984	1.1932	1.0353	0.51236	0.32121	1.4457	1.1883	1.0689	0.86381	0.76138	0.90729	0.88179	0.58072	0.31047	0.31047	0.18379	0	0.31278	0	0	0	0	0	0	0	0	0	0	0	0	0	0	0	0	0	0	0	0	0	0	0	0	0	0	0	0	0	0	0	0	0	0	0	0	0	0	0	0	0	0
0	0	0	0	0	0	0	0	0	0	0	0	0.62858	0.43535	0.51951	0	0	0.37065	0.37968	0	0	0	0	0	0	0	0	0	0	0	0	0	0	0	0	0	0	0	0	0	0	0	0	0	0	0	0	0	0	0	0	0	0	0	0	0	0	0	0	0	0	0	0	0	0	0	0	0	0	0	0.25539	0.31246	0.30682	0	0	0	0	0	0	0	0	0	0	0	0	0	0	0	0	0	0	0	0	0	0	0	0.31384	0.52817	0	0	0	0	0	0	0	0	0	0	0	0	0	0	0	0	0	0	0	0	0	0	0	0	0	0	0	0	0	0	0	0	0	0	0	0	0	0	0	0	0	0	0.50199	0.4914	0.36951	0.39641	0	0.2606	0.37938	0.50671	0.53817	0.37218	0.42285	0.30456	0.41866	0.34681	0.42539	0.37656	0.4878	0.49799	0.61292	0.83219	0.89639	0.50169	0.79875	0.52189	1.2761	0.51622	0.55771	0.50211	0.85443	0.5903	1.1859	0.65158	0.80274	0.79111	0.86247	0.72166	0.51949	0	0.29168	0	0	0	0	0	0	0	0	0	0	0	0	0	0	0	0	0	0	0	0	0	0	0	0	0	0	0	0	0	0	0	0	0	0	0	0	0	0	0	0	0	0	0	0
0	0	0	0	0	0	0	0	0	0	0	0	0.30598	0	0	0	0	0.24834	0	0	0.22661	0	0	0	0	0	0	0	0	0	0	0	0	0	0	0	0	0	0	0	0	0	0	0	0	0	0	0	0	0	0	0	0	0	0	0	0	0	0	0	0	0	0	0	0.42539	0.22358	0.34424	0.51474	0.33932	0	0	0	0	0	0	0	0	0	0	0	0	0	0	0	0.34583	0.58861	0	0	0	0	0	0	0	0	0	0	0	0.22895	0	0	0	0	0	0	0	0	0	0	0	0	0	0	0	0	0	0	0	0	0	0	0	0	0	0	0	0	0	0	0	0	0	0	0	0	0	0	0	0	0	0.71027	0.51669	0	0	0.47026	0.54761	0	0.43596	0.41521	0.34146	0.58949	0.37611	0.43062	0.31686	0.38782	0.37306	0.56867	0.50211	0.78615	1.677	0.46862	0.44919	0.37091	0.49307	0.41329	0.26139	0.91427	0.7057	0.56962	0.67171	1.1119	0.47683	0.48714	0.75438	1.0183	0.82315	0.65715	0.52506	0.43177	0.39886	0	0	0	0	0	0	0	0	0	0	0	0	0	0	0	0	0	0	0	0	0	0	0	0	0	0	0	0	0	0	0	0	0	0	0	0	0	0	0	0	0	0	0	0
0	0	0	0	0	0	0	0	0	0	0	0	0	0	0	0	0	0	0	0.28154	0	0	0	0	0	0	0	0	0	0	0	0	0	0	0	0	0	0	0	0	0	0	0	0	0	0	0	0	0	0	0	0	0	0	0	0	0	0	0	0	0	0	0	0	0	0.20892	0.26347	0.19642	0	0	0	0	0	0	0	0	0	0	0	0	0	0	0	0	0	0.62464	0	0	0	0	0	0	0	0	0	0	0	0	0	0	0	0	0	0	0	0	0	0	0	0	0	0	0	0	0	0	0	0	0	0	0	0	0	0	0	0.20285	0.22028	0.21057	0	0	0	0	0.21615	0	0	0	0	0	1.0662	0.78019	0.69701	0.56704	0	0.41467	0	0.40087	0.3575	0.32053	0.31437	0.43439	0.41652	0.55418	0.79427	0.80674	0.59343	0.65572	1.1353	0.99909	1.2193	1.1092	0.33306	0.60867	0.73457	0.55517	0.45072	0.52288	0.49311	0.61532	0.72466	0.60486	0.60211	1.0607	0.67278	0.52761	0.86877	0.7091	0.48681	0.33303	0.51017	0	0.36469	0	0	0	0	0	0	0	0	0	0	0	0	0	0	0	0	0	0	0	0	0	0	0	0	0	0	0	0	0	0	0	0	0	0	0	0	0	0	0	0	0	0
0	0	0	0	0	0	0	0	0	0	0	0.33769	0.56873	0	0	0	0.27732	0.32775	0.49013	0	0	0	0	0	0	0	0	0	0	0	0	0	0	0	0	0	0	0	0	0	0	0	0	0	0	0	0	0	0	0	0	0	0	0	0	0	0	0	0	0	0	0	0	0	0	0	0	0	0	0	0	0	0	0	0	0	0	0	0	0	0	0	0	0	0	0	0	0	0	0	0	0	0	0.24054	0	0	0	0	0.7647	0.2679	0	0	0	0	0	0	0	0	0	0	0	0	0	0	0	0	0	0	0	0	0	0	0	0	0	0	0.3399	0	0	0	0	0	0	0	0	0	0	0	1.1482	0.34207	0	0	0	0.66553	0.46136	0.37656	0	0.24718	0	0.41235	0.68327	0.37527	0.64681	1.7553	1.9909	2.0953	1.0607	0.77221	1.2131	0.86786	0.97815	0.56493	0.48646	0.69872	0.64064	0.81021	0.83658	0.72251	0.76549	0.72588	0.80238	0.55149	0.98138	0.69624	1.0782	0.52575	0.40749	0.50405	0.28186	0.35015	0.22509	0.19673	0	0	0	0	0	0	0	0	0	0	0	0	0	0	0	0	0	0	0	0	0	0	0	0	0	0	0	0	0	0	0	0	0	0	0	0	0	0	0	0	0
0	0	0	0	0	0	0	0	0.57075	0.29576	0	0	0	0	0	0	0	0.4286	0.25859	0	0	0	0	0	0	0	0	0	0	0	0	0	0	0	0	0	0	0	0	0	0	0	0	0	0	0	0	0	0	0	0	0	0	0	0	0	0	0	0	0	0	0	0	0	0	0	0	0	0	0	0	0	0	0	0	0	0	0	0.9079	0.79084	0.19836	0	0	0	0	0	0	0	0	0	0	0	0	0	0	0	0	0	0	0	0	0	0	0	0	0	0	0	0	0	0	0	0	0	0	0	0	0	0	0	0	0	0	0	0	0.22277	0.29637	0	0	0	0	0	0	0	0	0	0.75801	0.80174	0.70795	0.41049	0.38541	0	0.51276	0.51042	0.38901	0	0	0	0.53392	0.38559	0.29747	0.65633	0.79566	0.76372	1.0138	0.75284	0.79486	1.3796	1.188	0.76539	0.82242	0.73151	0.21551	0.62165	0.67547	0.50424	0.68914	0.82369	0.65041	0.5856	1.054	0.89611	0.92806	0.71027	0.56931	0.69955	0.5604	0.69102	0.54445	0	0	0	0	0	0	0	0	0	0	0	0	0	0	0	0	0	0	0	0	0	0	0	0	0	0	0	0	0	0	0	0	0	0	0	0	0	0	0	0	0	0	0	0
0	0	0	0	0	0	0	0	0	0	0	0	0	0	0	0.22968	0.28015	0.417	0.19507	0	0	0	0	0	0	0	0	0	0	0	0	0	0	0	0	0	0	0	0	0	0	0	0	0	0	0	0	0	0	0	0	0	0	0	0	0	0	0	0	0	0	0	0	0	0	0	0	0	0	0	0	0	0	0	0	0	0	0	0.17948	0.20006	0.18622	0	0.21323	0.20774	0	0.21432	0	0	0	0	0	0	0	0	0	0	0	0	0	0	0	0	0	0	0	0	0	0	0	0	0	0	0	0	0	0	0	0	0	0	0	0	0	0	0	0	0	0	0	0	0	0.33086	0	0	0	0	0.46664	0.45713	0	0.34578	0	0.42481	0.39473	0.57674	0	0	0	0.28526	0.33162	0.50671	0.32528	0.44794	0.56523	0.97854	0.98178	1.581	0.73254	0.75632	0.78104	1.0174	0.725	0.80402	0.69017	0.69155	0.67655	0.71633	0.43621	0.58779	0.66028	0.48471	0.71633	0.60057	0.92247	0.71069	0.88716	0.60732	0.62394	0.50605	0.46972	0.34902	0	0	0	0	0.46731	0	0	0	0	0	0	0	0	0	0	0	0	0	0	0	0	0	0	0	0	0	0	0	0	0	0	0	0	0	0	0	0	0	0	0	0	0	0
0	0	0	0	0	0	0	0	0	0	0	0	0	0	0	0	0	0	0	0	0	0	0	0	0	0	0	0	0	0	0	0	0	0	0	0	0	0	0	0	0	0	0	0	0	0	0	0	0	0	0	0	0	0	0	0	0	0	0	0	0	0	0	0	0	0	0	0	0	0	0	0	0	0	0	0	0	0	0	0	0	0.57487	0.52846	0.31281	0	0	0	0	0	0	0	0	0	0	0	0	0	0	0	0	0	0	0	0	0	0	0	0	0	0	0	0	0	0	0	0	0	0	0	0	0	0	0	0.23278	0.36353	0.2344	0	0	0	0	0.35902	0.26866	0	0	0	0	0.47536	0.41378	0	0	0	0.27287	0.51595	0.446	0	0.43439	0.27349	0	0.30888	0.25934	0.50387	0.4816	0.5673	0.87509	1.1825	0.75471	1.3528	0.66217	0.84031	0.8938	1.7783	1.1372	0.59931	0.67446	0.73267	0.62911	0.60046	0.4754	0.70817	0.74909	0.67226	0.58286	0.96556	0.83077	0.72505	0.59464	0.48106	0.6312	0.51426	0.31446	0	0	0	0	0	0	0	0	0	0	0	0	0	0	0	0	0	0	0	0	0	0	0	0	0	0	0	0	0	0	0	0	0	0	0	0	0	0	0	0	0	0	0
0	0	0	0	0	0	0	0	0	0	0	0	0	0	0	0	0	0	0	0	0	0	0	0	0	0	0	0	0	0	0	0	0	0	0	0	0	0	0	0	0	0	0	0	0	0	0	0	0	0	0	0	0	0	0	0	0	0	0	0	0	0	0	0	0	0	0	0	0	0	0	0	0	0	0	0	0	0	0	0	0	0.34042	0.72462	0.69442	0	0	0	0	0	0	0	0	0	0	0	0	0	0	0	0	0	0	0	0	0	0	0	0	0	0	0	0	0	0	0	0	0	0	0	0	0	0	0	0	0	0	0	0	0	0	0	0	0	0	0	0	0.30989	0	0	0	0	0	0.20609	0.29875	0.35798	0.35235	0.23435	0	0	0.033623	0	0.32508	0.86827	0.60901	1.1935	0.78421	0.55108	0.67011	1.424	0.82246	1.164	0.72848	0.77135	0.67526	0.52042	0.47899	0.80009	0.63438	0.61909	0.63683	0.7936	0.70742	0.62002	0.82086	0.72713	0.35753	0.43516	0.534	0.53268	0.34273	0.25539	0	0	0	0	0.35389	0	0	0	0	0	0	0	0	0	0	0	0	0	0	0	0	0	0	0	0	0	0	0	0	0	0	0	0	0	0	0	0	0	0	0	0	0
0	0	0	0	0	0	0	0	0	0	0	0	0	0	0	0	0	0	0	0	0	0	0	0	0	0	0	0	0	0	0	0	0	0	0	0	0	0	0	0	0	0	0	0	0	0	0	0	0	0	0	0	0	0	0	0	0	0	0	0	0	0	0	0	0	0	0	0	0	0	0	0	0	0	0	0	0	0	0	0.20892	0.75121	0.47267	1.1707	0.83906	0	0	0	0	0	0	0	0	0	0	0	0	0	0	0	0	0	0	0	0	0	0	0	0	0	0	0	0	0	0	0	0	0	0	0	0	0	0	0	0	0	0	0	0	0	0	0	0	0	0	0	0.26753	0	0	0	0	0	0	0	0	0.30456	0.75085	0	0	0	0	0	1.0675	0.65961	1.4889	1.2971	1.3489	1.2339	0.74909	1.2389	1.3065	0.91492	0.90489	0.79836	1.0622	0.87299	0.79526	0.81435	1.1648	0.75834	0.41009	0.58947	0.98838	0.87365	0.89222	0.99591	0.47316	0.3434	0.40588	0.26863	0	0.3492	0	0	0	0	0	0	0	0	0	0	0	0	0	0	0	0	0	0	0	0	0	0	0	0	0	0	0	0	0	0	0	0	0	0	0	0	0	0	0	0	0	0
0	0	0	0	0	0	0	0	0	0	0	0	0	0	0	0	0	0	0	0	0	0	0	0	0	0	0	0	0	0	0	0	0	0	0	0	0	0	0	0	0	0	0	0	0	0	0	0	0	0	0	0	0	0	0	0	0	0	0	0	0	0	0	0	0	0	0	0	0	0	0	0	0	0	0	0	0	0	0	0.61006	0.77571	0	0	0	0	0	0	0	0	0	0	0	0	0	0	0	0	0	0	0	0	0	0	0	0	0	0	0	0	0	0	0	0	0	0	0	0	0	0	0	0	0	0	0	0	0	0	0	0	0	0	0	0	0	0	0	0	0	0	0	0	0	0	0	0	0	0	0	0	0	0	0	0.61373	1.2835	0.8351	0.66085	0.68105	0.62481	1.021	0.9064	1.0222	0.64994	0.60438	0.70421	0.69159	0.60985	0.64316	0.66017	0.65645	0.6214	0.66613	0.57784	0.71851	0.45004	0	0.23197	0.53196	0.44983	0.51949	0.52707	0.28184	0	0	0	0	0	0	0	0	0	0	0	0	0	0	0	0	0	0	0	0	0	0	0	0	0	0	0	0	0	0	0	0	0	0	0	0	0	0	0	0	0	0
0	0	0	0	0	0	0	0	0	0	0	0	0	0	0	0	0	0	0	0	0	0	0	0	0	0	0	0	0	0	0	0	0	0	0	0	0	0	0	0	0	0	0	0	0	0	0	0	0	0	0	0	0	0	0	0	0	0	0	0	0	0	0.70233	0	0	0	0	0	0	0.66924	0.45901	0.44546	0	0	0	0	0	0	0	0	0	0.66257	0	0	0	0	0	0	0	0	0	0	0	0	0	0	0	0	0	0	0	0	0	0	0	0	0	0	0	0	0	0	0	0	0	0	0	0	0	0	0	0	0	0	0	0	0	0	0	0	0	0	0	0	0	0	0	0	0	0	0	0	0	0	0	0	0	0	0	0	0	0.47153	0.49833	1.1543	0.60094	0.66618	0.86451	1.0534	0.78246	0.92526	0.89061	0.76412	0.86295	0.53865	0.9454	0.95138	0.64452	0.55771	0.52261	0.91276	0.63739	0.4812	0.4816	0.80708	0.42992	0	0.32462	0	0	0	0	0	0	0	0	0	0	0	0	0	0	0	0	0	0	0	0	0	0	0	0	0	0	0	0	0	0	0	0	0	0	0	0	0	0	0	0	0	0	0	0	0	0
0	0	0	0	0	0	0	0	0	0	0	0	0	0	0	0	0	0	0	0	0	0	0	0	0	0	0	0	0	0	0	0	0	0	0	0	0	0	0	0	0	0	0	0	0	0	0	0	0	0	0	0	0	0	0	0	0	0	0	0	0	0	0	0	0	0	0	0	0.69017	0.66899	0.41701	0.58296	0.45459	0.43669	0.32669	0	0.25719	0.6811	0.27554	0.35456	0	0.24718	0	0	0	0	0	0	0	0	0	0	0	0	0	0	0	0	0	0	0	0	0	0	0	0	0	0	0	0	0	0	0	0	0	0	0	0	0.19806	0	0	0	0	0	0	0	0	0	0	0	0	0	0	0	0	0	0	0	0	0	0	0	0	0	0	0	0	0	0	0	0.4576	1.2212	0.8312	0.849	0.51764	0.44367	0.90859	0.72835	0.97003	0.82232	0.69802	0.6915	0.6298	0.68256	0.57127	0.54863	0.50808	0.45205	0.59614	0.52846	0.8995	0.78242	0.24841	0.60065	0.18817	0.54647	0	0.63955	0.20007	0.20567	0	0	0	0	0	0	0	0	0	0	0	0	0	0	0	0	0	0	0	0	0	0	0	0	0	0	0	0	0	0	0	0	0	0	0	0	0	0	0	0	0	0	0
0	0	0	0	0	0	0	0	0	0	0	0	0	0	0	0	0	0	0	0	0	0	0	0	0	0	0	0	0	0	0	0	0	0	0	0	0	0	0	0	0	0	0	0	0	0	0	0	0	0	0	0	0	0	0	0	0	0	0	0	0	0	0	0	0	0	0	0	0.19571	0.26752	0.61115	0.85264	0.67278	0.41467	0	0	0	0	0	0	0.30598	0	0	0	0	0	0	0	0	0	0	0	0	0	0	0	0	0	0	0	0	0	0	0	0	0	0	0	0	0	0	0	0	0	0	0	0.2019	0.38533	0.23123	0	0	0	0	0	0	0	0	0	0	0	0	0	0	0	0	0	0	0	0	0	0	0	0	0	0	0	0	0	0	0.24069	0.71447	0.90038	1.072	1.0517	1.0226	0.87311	1.2729	0.86519	0.85152	0.8013	0.49814	0.92339	0.47031	0.6163	0.59761	0.81867	0.99502	1.159	0.78275	0.87241	0.63128	0.30421	0.20284	0.2765	0.40228	0.40221	0	0	0	0	0.18844	0	0	0	0	0	0	0.18975	0	0	0	0	0	0	0	0	0	0	0	0	0	0	0	0	0	0	0	0	0	0	0	0	0	0	0	0	0	0	0	0	0	0	0
0	0	0	0	0	0	0	0	0	0	0	0	0	0	0	0	0	0	0	0	0	0	0	0	0	0	0	0	0	0	0	0	0	0	0	0	0	0	0	0	0	0	0	0	0	0	0	0	0	0	0	0	0	0	0	0	0	0	0	0	0	0	0	0	0	0	0	0	0	0	0	0	0	0	0	0	0	0	0	0	0	0	0	0	0	0	0	0	0	0	0	0	0	0	0	0	0	0	0	0	0	0	0	0	0	0	0	0	0	0	0	0	0	0	0	0.32301	0.39195	0	0	0	0	0	0	0	0	0	0	0	0	0	0	0	0	0.19383	0	0	0	0	0	0	0	0	0	0	0	0.26612	0	0.51343	0	0	0.71774	1.0263	0.89061	0.83176	1.3503	0.59368	1.1827	0.68625	0.44445	0.66958	0.81432	0.6238	0.19975	0.80428	0.53939	1.1042	0.79556	0.59062	0.55426	0.67681	0.49658	0.61343	0.38864	0	0.4198	0.47822	0.40749	0.30327	0	0	0	0	0	0	0	0	0	0	0	0	0	0	0	0	0	0	0	0	0	0	0	0	0	0	0	0	0	0	0	0	0	0	0	0	0	0	0	0	0	0	0	0	0
0	0	0	0	0	0	0	0	0	0	0	0	0	0	0	0	0	0	0	0	0	0	0	0	0	0	0	0	0	0	0	0	0	0	0	0	0	0	0	0	0	0	0	0	0	0	0	0	0	0	0	0	0	0	0	0	0	0	0	0	0	0	0	0	0	0	0	0	0	0	0	0	0	0	0	0	0	0	0	0	0	0	0	0	0	0	0	0	0	0	0	0	0	0	0	0	0	0	0	0	0	0	0	0	0	0	0	0	0	0	0	0	0	0	0	0.40087	0.17495	0	0	0	0	0	0	0	0	0	0	0	0	0	0	0	0	0	0	0	0	0	0	0	0	0	0	0	0.7125	0.84444	0.83846	0.5856	1.4169	0.93307	1.1573	0.31039	1.0334	0.5367	0.79666	1.049	0.67736	0.52121	0.75137	0.68835	0.87462	0.66675	0.58843	0.56147	0.64919	0.6084	0.91167	0.66958	1.0999	1.3246	0.89788	0.35306	0.56182	0.4025	0.49704	0	0.23169	0.47026	0	0	0	0	0	0	0	0	0	0	0	0	0	0	0	0	0	0	0	0	0	0	0	0	0	0	0	0	0	0	0	0	0	0	0	0	0	0	0	0	0	0	0	0	0
0	0	0	0	0	0	0	0	0	0	0	0	0	0	0	0	0	0	0	0	0	0	0	0	0	0	0	0	0	0	0	0	0	0	0	0	0	0	0	0	0	0	0	0	0	0	0	0	0	0	0	0	0	0	0	0	0	0	0	0	0	0	0	0	0	0	0	0	0	0	0	0	0	0	0	0	0	0	0	0	0	0	0	0	0	0	0	0	0	0	0	0	0	0	0	0	0	0	0	0	0	0	0	0	0	0	0	0	0	0	0	0	0	0	0	0	0	0	0	0	0	0	0	0	0	0	0	0	0	0	0	0	0	0	0	0	0	0	0	0	0	0	0	0	0.49975	0.74377	0.71192	0.88271	0.63003	0.63972	0.83086	0.54604	0.61243	0.54033	0.36345	0.74007	0.63278	0.40694	0.84869	1.1555	0.68181	1.131	1.0027	0.7055	0.52327	0.4901	0.47407	0.56197	0.53339	0.48965	0.17098	0.54554	0.54833	0.32145	0.21057	0.22846	0.2283	0.3036	0.28186	0	0	0	0	0	0	0	0	0	0	0	0	0	0	0	0	0	0	0	0	0	0	0	0	0	0	0	0	0	0	0	0	0	0	0	0	0	0	0	0	0	0	0	0
0	0	0	0	0	0	0	0	0	0	0	0	0	0	0	0	0	0	0	0	0	0	0	0	0	0	0	0	0	0	0	0	0	0	0	0	0	0	0	0	0	0	0	0	0	0	0	0	0	0	0	0	0	0	0	0	0	0	0	0	0	0	0	0	0	0	0	0	0	0	0	0	0	0	0	0	0	0	0	0	0	0	0	0	0	0	0	0	0	0	0	0	0	0	0	0	0	0	0	0	0	0	0	0	0	0	0	0	0	0	0	0	0	0.25705	0.24058	0	0	0	0	0	0	0	0	0	0	0	0	0	0	0	0	0	0	0	0	0	0	0	0	0	0	0	0	0	0.17865	0.62603	0.5943	0.79479	0.85605	0.85185	1.0391	0.74096	0.37487	0.79479	0.46767	0.47021	0.75765	0.81479	0.83521	0.83521	0.93474	0.99526	1.0793	0.84349	1.1529	1.2479	1.0844	1.1475	1.0948	0.91675	1.283	0.93022	0.43085	0.2209	0.29801	0	0.41913	0.2064	0.23481	0	0	0	0	0	0	0	0	0	0	0	0	0	0	0	0	0	0	0	0	0	0	0	0	0	0	0	0	0	0	0	0	0	0	0	0	0	0	0	0	0	0	0	0
0	0	0	0	0	0	0	0	0	0	0	0	0	0	0	0	0	0	0	0	0	0	0	0	0	0	0	0	0	0	0	0	0	0	0	0	0	0	0	0	0	0	0	0	0	0	0	0	0	0	0	0	0	0	0	0	0	0	0	0	0	0	0	0	0	0	0	0	0	0	0	0	0	0	0	0	0	0	0	0	0	0	0	0	0	0	0	0	0	0	0	0	0	0	0	0	0	0	0	0	0	0	0	0	0	0	0	0	0	0	0	0	0	0	0.23056	0.3346	0.29283	0	0	0	0	0	0	0	0	0	0	0	0	0	0	0	0	0	0	0	0	0	0	0	0	0	0	0	0	0.19884	0.52922	0.87733	1.044	0.67281	1.0948	0.57592	0.33652	0.48836	0.48051	0.43801	0.7752	0.70799	0.9763	0.95764	1.049	0.70441	0.85605	0.95315	0.90345	0.96232	0.88235	1.2453	1.054	0.96693	0.95764	0.82699	0.37487	0.23912	0.30152	0.18674	0.2435	0.23197	0	0	0	0	0	0	0	0	0	0	0	0	0	0	0	0	0	0	0	0	0	0	0	0	0	0	0	0	0	0	0	0	0	0	0	0	0	0	0	0	0	0	0	0	0
0	0	0	0	0	0	0	0	0	0	0	0	0	0	0	0	0	0	0	0	0	0	0	0	0	0	0	0	0	0	0	0	0	0	0	0	0	0	0	0	0	0	0	0	0	0	0	0	0	0	0	0	0	0	0	0	0	0	0	0	0	0	0	0	0	0	0	0	0	0	0	0	0	0	0	0	0	0	0	0	0	0	0	0	0	0	0	0	0	0	0	0	0	0	0	0	0	0	0	0	0	0	0	0	0	0	0	0	0	0	0	0	0	0	0	0.56097	0.35628	0	0	0	0	0	0	0	0	0	0	0	0	0	0	0	0	0	0	0	0	0	0	0	0	0	0	0	0.32889	0.35628	0.32139	0.62279	0.98574	0.63582	0.84766	0.39428	0.31954	0.47792	0.49899	0.33652	0.51805	0.75602	0.86958	0.93502	0.69728	0.95764	0.75602	0.99502	1.0093	1.0793	1.0733	1.0145	1.0999	1.0844	0.88164	0.94385	0.53773	0.3177	0	0.31954	0.2209	0.18323	0.20133	0	0	0	0	0	0	0	0	0	0	0	0	0	0	0	0	0	0	0	0	0	0	0	0	0	0	0	0	0	0	0	0	0	0	0	0	0	0	0	0	0	0	0	0
0	0	0	0	0	0	0	0	0	0	0	0	0	0	0	0	0	0	0	0	0	0	0	0	0	0	0	0	0	0	0	0	0	0	0	0	0	0	0	0	0	0	0	0	0	0	0	0	0	0	0	0	0	0	0	0	0	0	0	0	0	0	0	0	0	0	0	0	0	0	0	0	0	0	0	0	0	0	0	0	0	0	0	0.38769	0.1905	0	0	0	0	0	0	0	0	0	0	0	0	0	0	0	0	0	0	0	0	0	0	0	0	0	0	0	0	0	0	0	0	0	0	0	0	0	0	0	0	0	0	0	0	0	0	0	0	0	0	0	0	0	0	0	0	0	0	0	0	0	0.35628	1.1143	0.64573	0.86451	0.75602	0.40541	0	0.29112	0.51529	0.86451	0.57895	0.78298	0.84349	0.78298	0.68321	0.53773	0.76748	0.56394	0.9763	0.83219	0.99977	0.84863	1.1422	0.9809	0.80674	0.68185	0.71521	0.26326	0.29112	0.29801	0.31404	0.30152	0.31404	0.37067	0	0	0	0	0	0	0	0	0	0	0	0	0	0	0	0	0	0	0	0	0	0	0	0	0	0	0	0	0	0	0	0	0	0	0	0	0	0	0	0	0	0	0
0	0	0	0	0	0	0	0	0	0	0	0	0	0	0	0	0	0	0	0	0	0	0	0	0	0	0	0	0	0	0	0	0	0	0	0	0	0	0	0	0	0	0	0	0	0	0	0	0	0	0	0	0	0	0	0	0	0	0	0	0	0	0	0	0	0	0	0	0	0	0	0	0	0	0	0	0	0	0	0	0.22194	0	0	0.34728	0	0	0	0	0	0	0	0	0	0	0	0	0	0	0	0	0	0	0	0	0	0	0	0	0	0	0	0	0	0	0	0	0	0	0	0	0	0	0	0	0	0	0	0	0	0	0	0	0	0	0	0	0	0	0	0	0	0	0	0	0	0.44284	0.27772	0.39208	0.75602	0.76364	0.37699	0.20512	0.45263	0.34431	0.47534	0.48836	1.0145	0.7752	1.0145	1.0097	0.71159	0.65578	0.7869	0.71521	0.89095	1.3128	1.054	0.88664	0.84863	1.0682	1.0145	0.84349	0.42145	0.21421	0	0.23339	0.35225	0.15408	0	0.17865	0	0	0	0	0	0	0.18792	0	0	0	0	0	0	0	0	0	0	0	0	0	0	0	0	0	0	0	0	0	0	0	0	0	0	0	0	0	0	0	0	0	0	0	0
0	0	0	0	0	0	0	0	0	0	0	0	0	0	0	0	0	0	0	0	0	0	0	0	0	0	0	0	0	0	0	0	0	0	0	0	0	0	0	0	0	0	0	0	0	0	0	0	0	0	0	0	0	0	0	0	0	0	0	0	0	0	0	0	0	0	0	0	0	0	0	0	0	0	0	0	0	0	0	0	0	0	0.20124	0	0	0	0	0	0	0	0	0	0	0	0	0	0	0	0	0	0	0	0	0	0	0	0	0	0	0	0	0	0	0	0	0	0	0	0	0	0	0	0	0	0	0	0	0	0	0	0	0	0	0	0	0	0	0	0	0	0	0	0	0	0	0.53488	0.83934	0.58505	0.53204	0.82002	0.48573	0	0	0.36034	0	0.52083	0.82699	0.87304	0.81479	0.83109	0.61317	0.61957	0.82699	1.0243	0.87807	0.94385	0.94843	0.92606	1.0682	0.99977	0.94385	0.86958	0.62928	0.34826	0.27772	0.3346	0.34235	0.36444	0.36651	0	0	0	0	0	0	0	0	0	0	0	0	0	0	0	0	0	0	0	0	0	0	0	0	0	0	0	0	0	0	0	0	0	0	0	0	0	0	0	0	0	0	0	0
0	0	0	0	0	0	0	0	0	0	0	0	0	0	0	0	0	0	0	0	0	0	0	0	0	0	0	0	0	0	0	0	0	0	0	0	0	0	0	0	0	0	0	0	0	0	0	0	0	0	0	0	0	0	0	0	0	0	0	0	0	0	0	0	0	0	0	0	0	0	0	0	0	0	0	0	0	0	0	0	0	0	0	0	0	0	0	0	0	0	0	0	0	0	0	0	0	0	0	0	0	0	0	0	0	0	0	0	0	0	0	0	0	0	0	0	0	0	0	0	0	0	0	0	0	0	0	0	0	0	0	0	0	0	0	0	0	0	0	0	0	0	0	0	0.17978	0.19271	0.39428	0.65578	0.56097	0.41913	0.327	0.27936	0.19514	0.23056	0	0.40093	0.54346	0.54925	0.49899	0.71521	0.79479	0.34431	0.74096	0.4601	0.91675	0.71521	0.44771	0.7447	0.45333	0.7752	1.049	0.53492	0.28603	0.51805	0	0	0	0.2435	0.31404	0	0	0	0	0	0	0	0	0	0	0	0	0	0	0	0	0	0	0	0	0	0	0	0	0	0	0	0	0	0	0	0	0	0	0	0	0	0	0	0	0	0	0	0
0	0	0	0	0	0	0	0	0	0	0	0	0	0	0	0	0	0	0	0	0	0	0	0	0	0	0	0	0	0	0	0	0	0	0	0	0	0	0	0	0	0	0	0	0	0	0	0	0	0	0	0	0	0	0	0	0	0	0	0	0	0	0	0	0	0	0	0	0	0	0	0	0	0	0	0	0	0	0	0	0	0	0	0	0	0	0	0	0	0	0	0	0	0	0	0	0	0	0	0	0	0	0	0	0	0	0	0	0	0	0	0	0	0	0	0	0	0	0	0	0	0	0	0	0	0	0	0	0	0	0	0	0	0	0	0	0	0	0	0	0	0	0.25398	0	0	0	0.2617	0.89962	1.1802	0.37067	0	0	0	0	0	0.44042	0.54925	0.48836	0.42145	0.72798	0.43801	0.60999	0.71159	0.30683	0.97161	0.67281	0.69374	1.1051	0.96232	1.0391	0.91675	0.63254	0.52922	0.33078	0.23624	0	0.31404	0.25246	0	0	0	0	0	0	0	0	0	0	0	0	0	0	0	0	0	0	0	0	0	0	0	0	0	0	0	0	0	0	0	0	0	0	0	0	0	0	0	0	0	0	0	0	0
0	0	0	0	0	0	0	0	0	0	0	0	0	0	0	0	0	0	0	0	0	0	0	0	0	0	0	0	0	0	0	0	0	0	0	0	0	0	0	0	0	0	0	0	0	0	0	0	0	0	0	0	0	0	0	0	0	0	0	0	0	0	0	0	0	0	0	0	0	0	0	0	0	0	0	0	0	0	0	0	0	0	0	0	0	0	0	0	0	0	0	0	0	0	0	0	0	0	0	0	0	0	0	0	0	0	0	0	0	0	0	0	0	0	0	0	0	0	0	0	0	0	0	0	0	0	0	0	0	0	0	0	0	0	0	0	0	0	0	0	0	0	0.26961	0	0	0	0.22638	0.68531	0.55802	0.40994	0.30328	0	0	0	0.4576	0.58505	0.73164	0.98101	0.67973	0.72983	0.42378	0.63582	0.85185	0.51805	0.89095	0.63911	0.9763	0.91675	1.1913	0.79875	0.92122	0.74096	0.63582	0.54925	0.43085	0.35628	0.24204	0.37067	0	0	0.36638	0	0	0	0	0	0	0	0	0	0	0	0	0	0	0	0	0	0	0	0	0	0	0	0	0	0	0	0	0	0	0	0	0	0	0	0	0	0	0	0	0	0
0	0	0	0	0	0	0	0	0	0	0	0	0	0	0	0	0	0	0	0	0	0	0	0	0	0	0	0	0	0	0	0	0	0	0	0	0	0	0	0	0	0	0	0	0	0	0	0	0	0	0	0	0	0	0	0	0	0	0	0	0	0	0	0	0	0	0	0	0	0	0	0	0	0	0	0	0	0	0	0	0	0	0	0	0	0	0	0	0	0	0	0	0	0	0	0	0	0	0	0	0	0	0	0	0	0	0	0	0	0	0	0	0	0	0	0	0	0	0	0	0	0	0	0	0	0	0	0	0	0	0	0	0	0	0	0	0	0	0	0	0	0	0.21289	0	0	0	0	0.46261	0.54635	0.63911	0.56097	0	0	0.60683	0.66255	1.0335	0.86027	0.79615	0.79615	0.80674	0.52083	0.46261	0.68531	0.63169	0.6867	0.80674	0.70441	0.93474	0.84863	0.93022	0.65916	0.69578	0.55508	0.43801	0.47021	0.28603	0.27608	0.27121	0.36034	0	0	0.28358	0	0	0	0	0	0	0	0	0	0	0	0	0	0	0	0	0	0	0	0	0	0	0	0	0	0	0	0	0	0	0	0	0	0	0	0	0	0	0	0	0
0	0	0	0	0	0	0	0	0	0	0	0	0	0	0	0	0	0	0	0	0	0	0	0	0	0	0	0	0	0	0	0	0	0	0	0	0	0	0	0	0	0	0	0	0	0	0	0	0	0	0	0	0	0	0	0	0	0	0	0	0	0	0	0	0	0	0	0	0	0	0	0	0	0	0	0	0	0	0	0	0	0	0	0	0	0	0	0	0	0	0	0	0	0	0	0	0	0	0	0	0	0	0	0	0	0	0	0	0	0	0	0	0	0	0	0	0	0	0	0	0	0	0	0	0	0	0	0	0	0	0	0	0	0	0	0	0	0	0.38555	0.4576	0.22226	0	0	0	0	0	0	0.27445	0	0.41913	0.38989	0.34431	0	0.4576	0.58812	1.0238	0.96228	0.79479	0.58812	0	0.48573	0.42378	0.54343	0.78832	1.0238	0.79479	0.86451	0.89962	0.84349	0.68531	0.60054	0.69021	0.61884	0.4576	0	0.29801	0.38125	0.26961	0.29112	0	0	0	0	0	0	0	0	0	0	0	0	0	0	0	0	0	0	0	0	0	0	0	0	0	0	0	0	0	0	0	0	0	0	0	0	0	0	0	0	0	0	0	0
0	0	0	0	0	0	0	0	0	0	0	0	0	0	0	0	0	0	0	0	0	0	0	0	0	0	0	0	0	0	0	0	0	0	0	0	0	0	0	0	0	0	0	0	0	0	0	0	0	0	0	0	0	0	0	0	0	0	0	0	0	0	0	0	0	0	0	0	0	0	0	0	0	0	0	0	0	0	0	0	0	0	0	0	0	0	0	0	0	0	0	0	0	0	0	0	0	0	0	0	0	0	0	0	0	0	0	0	0	0	0	0	0	0	0	0	0	0	0	0	0	0	0	0	0	0	0	0	0	0	0	0	0	0	0	0	0.35025	0.42378	0.37487	0.53773	0.30328	0	0	0	0	0	0	0	0	0.24795	0.42145	0.33846	0.51805	0.73352	0.85605	1.0987	0.83219	0.76364	0.73531	0.52083	0.47277	0.59741	0.55216	0.78832	0.80674	0.92122	0.69021	0.81075	0.85279	0.71159	0.59381	0.59741	0.51529	0.47021	0	0	0.28268	0.38772	0	0	0	0	0	0	0	0	0	0	0	0	0	0	0	0	0	0	0	0	0	0	0	0	0	0	0	0	0	0	0	0	0	0	0	0	0	0	0	0	0	0	0	0	0
