61484
61485
61485
61486
61487
61488
61488
61489
61490
61490
61491
61492
61492
61493
61494
61495
61495
61496
61497
61497
61498
61499
61499
61500
61501
61502
61502
61503
61504
61504
61505
61506
61506
61507
61508
61509
61509
61510
61511
61511
61512
61513
61513
61514
61515
61516
61516
61517
61518
61518
61519
61520
61520
61521
61522
61523
61523
61524
61525
61525
61526
61527
61527
61528
61529
61530
61530
61531
61532
61532
61533
61534
61534
61535
61536
61537
61537
61538
61539
61539
61540
61541
61541
61542
61543
61544
61544
61545
61546
61546
61547
61548
61548
61549
61550
61551
61551
61552
61553
61553
61554
61555
61555
61556
61557
61558
61558
61559
61560
61560
61561
61562
61562
61563
61564
61565
61565
61566
61567
61567
61568
61569
61569
61570
61571
61572
61572
61573
61574
61574
61575
61576
61576
61577
61578
61579
61579
61580
61581
61581
61582
61583
61583
61584
61585
61586
61586
61587
61588
61588
61589
61590
61590
61591
61592
61593
61593
61594
61595
61595
61596
61597
61597
61598
61599
61600
61600
61601
61602
61602
61603
61604
61604
61605
61606
61607
61607
61608
61609
61609
61610
61611
61611
61612
61613
61614
61614
61615
61616
61616
61617
61618
61618
61619
61620
61621
61621
61622
61623
61623
61624
61625
61625
61626
61627
61628
61628
61629
61630
61630
61631
61632
61632
61633
61634
61635
61635
61636
61637
61637
61638
61639
61639
61640
61641
61642
61642
61643
61644
61644
61645
61646
61646
61647
61648
61649
61649
61650
61651
61651
61652
61653
61653
61654
61655
61656
61656
61657
61658
61658
61659
61660
61660
61661
61662
61663
61663
61664
61665
61665
61666
61667
61667
61668
61669
61670
61670
61671
61672
61672
61673
61674
61674
61675
61676
61677
61677
61678
61679
61679
61680
61681
61681
61682
61683
61684
61684
61685
61686
61686
61687
61688
61688
61689
61690
61691
61691
61692
61693
61693
61694
61695
61695
61696
61697
61698
61698
61699
61700
61700
61701
61702
61702
61703
61704
61705
61705
61706
61707
61707
61708
61709
61709
61710
61711
61712
61712
61713
61714
61714
61715
61716
61716
61717
61718
61719
61719
61720
61721
61721
61722
61723
61723
61724
61725
61726
61726
61727
61728
61728
61729
61730
61730
61731
61732
61733
61733
61734
61735
61735
61736
61737
61737
61738
61739
61740
61740
61741
61742
61742
61743
61744
61744
61745
61746
