44.009	44.047	44.084	44.121	44.158	44.195	44.232	44.269	44.306	44.343	44.38	44.417	44.454	44.491	44.528	44.565	44.601	44.638	44.675	44.712	44.749	44.786	44.823	44.859	44.896	44.933	44.97	45.007	45.043	45.08	45.117	45.154	45.19	45.227	45.264	45.3	45.337	45.374	45.41	45.447	45.483	45.52	45.557	45.593	45.63	45.666
43.984	44.021	44.058	44.095	44.132	44.169	44.206	44.243	44.28	44.317	44.354	44.391	44.428	44.465	44.502	44.539	44.575	44.612	44.649	44.686	44.723	44.76	44.797	44.833	44.87	44.907	44.944	44.98	45.017	45.054	45.091	45.127	45.164	45.201	45.237	45.274	45.311	45.347	45.384	45.42	45.457	45.494	45.53	45.567	45.603	45.64
43.958	43.995	44.032	44.069	44.106	44.143	44.18	44.217	44.254	44.291	44.328	44.365	44.402	44.439	44.476	44.513	44.55	44.586	44.623	44.66	44.697	44.734	44.771	44.807	44.844	44.881	44.918	44.954	44.991	45.028	45.065	45.101	45.138	45.175	45.211	45.248	45.284	45.321	45.358	45.394	45.431	45.467	45.504	45.54	45.577	45.613
43.932	43.969	44.006	44.043	44.08	44.117	44.154	44.191	44.228	44.265	44.302	44.339	44.376	44.413	44.45	44.487	44.523	44.56	44.597	44.634	44.671	44.708	44.744	44.781	44.818	44.855	44.891	44.928	44.965	45.001	45.038	45.075	45.111	45.148	45.185	45.221	45.258	45.294	45.331	45.368	45.404	45.441	45.477	45.514	45.55	45.587
43.907	43.944	43.981	44.018	44.055	44.092	44.129	44.166	44.203	44.24	44.277	44.313	44.35	44.387	44.424	44.461	44.498	44.535	44.571	44.608	44.645	44.682	44.719	44.755	44.792	44.829	44.865	44.902	44.939	44.975	45.012	45.049	45.085	45.122	45.159	45.195	45.232	45.268	45.305	45.341	45.378	45.415	45.451	45.488	45.524	45.561
43.881	43.918	43.955	43.992	44.029	44.066	44.103	44.14	44.177	44.214	44.251	44.288	44.324	44.361	44.398	44.435	44.472	44.509	44.545	44.582	44.619	44.656	44.692	44.729	44.766	44.803	44.839	44.876	44.913	44.949	44.986	45.023	45.059	45.096	45.132	45.169	45.206	45.242	45.279	45.315	45.352	45.388	45.425	45.461	45.498	45.534
43.856	43.893	43.929	43.966	44.003	44.04	44.077	44.114	44.151	44.188	44.225	44.262	44.299	44.335	44.372	44.409	44.446	44.483	44.519	44.556	44.593	44.63	44.666	44.703	44.74	44.776	44.813	44.85	44.886	44.923	44.96	44.996	45.033	45.07	45.106	45.143	45.179	45.216	45.252	45.289	45.325	45.362	45.398	45.435	45.471	45.508
43.83	43.867	43.904	43.941	43.978	44.015	44.051	44.088	44.125	44.162	44.199	44.236	44.273	44.31	44.346	44.383	44.42	44.457	44.493	44.53	44.567	44.604	44.64	44.677	44.714	44.75	44.787	44.824	44.86	44.897	44.933	44.97	45.007	45.043	45.08	45.116	45.153	45.189	45.226	45.262	45.299	45.335	45.372	45.408	45.445	45.481
43.804	43.841	43.878	43.915	43.952	43.989	44.026	44.063	44.1	44.136	44.173	44.21	44.247	44.284	44.32	44.357	44.394	44.431	44.467	44.504	44.541	44.578	44.614	44.651	44.688	44.724	44.761	44.798	44.834	44.871	44.907	44.944	44.981	45.017	45.054	45.09	45.127	45.163	45.2	45.236	45.273	45.309	45.345	45.382	45.418	45.455
43.779	43.816	43.852	43.889	43.926	43.963	44	44.037	44.074	44.111	44.147	44.184	44.221	44.258	44.295	44.331	44.368	44.405	44.441	44.478	44.515	44.552	44.588	44.625	44.662	44.698	44.735	44.771	44.808	44.845	44.881	44.918	44.954	44.991	45.027	45.064	45.1	45.137	45.173	45.21	45.246	45.283	45.319	45.355	45.392	45.428
43.753	43.79	43.827	43.864	43.901	43.937	43.974	44.011	44.048	44.085	44.122	44.158	44.195	44.232	44.269	44.305	44.342	44.379	44.416	44.452	44.489	44.526	44.562	44.599	44.636	44.672	44.709	44.745	44.782	44.819	44.855	44.892	44.928	44.965	45.001	45.038	45.074	45.111	45.147	45.183	45.22	45.256	45.293	45.329	45.365	45.402
43.727	43.764	43.801	43.838	43.875	43.912	43.948	43.985	44.022	44.059	44.096	44.132	44.169	44.206	44.243	44.279	44.316	44.353	44.389	44.426	44.463	44.499	44.536	44.573	44.609	44.646	44.682	44.719	44.756	44.792	44.829	44.865	44.902	44.938	44.975	45.011	45.048	45.084	45.12	45.157	45.193	45.23	45.266	45.302	45.339	45.375
43.701	43.738	43.775	43.812	43.849	43.886	43.922	43.959	43.996	44.033	44.07	44.106	44.143	44.18	44.217	44.253	44.29	44.327	44.363	44.4	44.437	44.473	44.51	44.546	44.583	44.62	44.656	44.693	44.729	44.766	44.802	44.839	44.875	44.912	44.948	44.985	45.021	45.058	45.094	45.13	45.167	45.203	45.24	45.276	45.312	45.349
43.676	43.712	43.749	43.786	43.823	43.86	43.896	43.933	43.97	44.007	44.044	44.08	44.117	44.154	44.19	44.227	44.264	44.3	44.337	44.374	44.41	44.447	44.484	44.52	44.557	44.593	44.63	44.666	44.703	44.739	44.776	44.812	44.849	44.885	44.922	44.958	44.995	45.031	45.067	45.104	45.14	45.177	45.213	45.249	45.286	45.322
43.65	43.686	43.723	43.76	43.797	43.834	43.87	43.907	43.944	43.981	44.017	44.054	44.091	44.128	44.164	44.201	44.238	44.274	44.311	44.348	44.384	44.421	44.457	44.494	44.53	44.567	44.604	44.64	44.677	44.713	44.75	44.786	44.822	44.859	44.895	44.932	44.968	45.005	45.041	45.077	45.114	45.15	45.186	45.223	45.259	45.295
43.624	43.661	43.697	43.734	43.771	43.808	43.844	43.881	43.918	43.955	43.991	44.028	44.065	44.102	44.138	44.175	44.211	44.248	44.285	44.321	44.358	44.394	44.431	44.468	44.504	44.541	44.577	44.614	44.65	44.687	44.723	44.76	44.796	44.832	44.869	44.905	44.942	44.978	45.014	45.051	45.087	45.123	45.16	45.196	45.232	45.268
43.597	43.634	43.671	43.708	43.745	43.781	43.818	43.855	43.892	43.928	43.965	44.002	44.038	44.075	44.112	44.148	44.185	44.222	44.258	44.295	44.331	44.368	44.404	44.441	44.477	44.514	44.55	44.587	44.623	44.66	44.696	44.733	44.769	44.806	44.842	44.878	44.915	44.951	44.987	45.024	45.06	45.096	45.133	45.169	45.205	45.241
43.571	43.608	43.645	43.682	43.718	43.755	43.792	43.829	43.865	43.902	43.939	43.975	44.012	44.049	44.085	44.122	44.158	44.195	44.232	44.268	44.305	44.341	44.378	44.414	44.451	44.487	44.524	44.56	44.597	44.633	44.67	44.706	44.742	44.779	44.815	44.851	44.888	44.924	44.961	44.997	45.033	45.069	45.106	45.142	45.178	45.214
43.545	43.582	43.619	43.655	43.692	43.729	43.766	43.802	43.839	43.876	43.912	43.949	43.985	44.022	44.059	44.095	44.132	44.169	44.205	44.242	44.278	44.315	44.351	44.388	44.424	44.461	44.497	44.534	44.57	44.606	44.643	44.679	44.716	44.752	44.788	44.825	44.861	44.897	44.934	44.97	45.006	45.042	45.079	45.115	45.151	45.187
43.519	43.555	43.592	43.629	43.666	43.702	43.739	43.776	43.812	43.849	43.886	43.922	43.959	43.996	44.032	44.069	44.105	44.142	44.178	44.215	44.251	44.288	44.324	44.361	44.397	44.434	44.47	44.507	44.543	44.58	44.616	44.652	44.689	44.725	44.761	44.798	44.834	44.87	44.907	44.943	44.979	45.015	45.052	45.088	45.124	45.16
43.492	43.529	43.566	43.602	43.639	43.676	43.712	43.749	43.786	43.822	43.859	43.896	43.932	43.969	44.005	44.042	44.078	44.115	44.151	44.188	44.224	44.261	44.297	44.334	44.37	44.407	44.443	44.48	44.516	44.552	44.589	44.625	44.661	44.698	44.734	44.77	44.807	44.843	44.879	44.916	44.952	44.988	45.024	45.06	45.097	45.133
43.465	43.502	43.539	43.576	43.612	43.649	43.686	43.722	43.759	43.795	43.832	43.869	43.905	43.942	43.978	44.015	44.051	44.088	44.124	44.161	44.197	44.234	44.27	44.307	44.343	44.38	44.416	44.452	44.489	44.525	44.562	44.598	44.634	44.671	44.707	44.743	44.779	44.816	44.852	44.888	44.924	44.961	44.997	45.033	45.069	45.105
43.439	43.475	43.512	43.549	43.585	43.622	43.659	43.695	43.732	43.769	43.805	43.842	43.878	43.915	43.951	43.988	44.024	44.061	44.097	44.134	44.17	44.207	44.243	44.28	44.316	44.352	44.389	44.425	44.462	44.498	44.534	44.571	44.607	44.643	44.68	44.716	44.752	44.788	44.825	44.861	44.897	44.933	44.969	45.006	45.042	45.078
43.412	43.448	43.485	43.522	43.558	43.595	43.632	43.668	43.705	43.741	43.778	43.815	43.851	43.888	43.924	43.961	43.997	44.034	44.07	44.107	44.143	44.179	44.216	44.252	44.289	44.325	44.361	44.398	44.434	44.47	44.507	44.543	44.579	44.616	44.652	44.688	44.724	44.761	44.797	44.833	44.869	44.905	44.942	44.978	45.014	45.05
