31258
31259
31259
31260
31261
31261
31262
31263
31264
31264
31265
31266
31266
31267
31268
31268
31269
31270
31271
31271
31272
31273
31273
31274
31275
31275
31276
31277
31278
31278
31279
31280
31280
31281
31282
31282
31283
31284
31285
31285
31286
31287
31287
31288
31289
31289
31290
31291
31292
31292
31293
31294
31294
31295
31296
31296
31297
31298
31299
31299
31300
31301
31301
31302
31303
31303
31304
31305
31306
31306
31307
31308
31308
31309
31310
31310
31311
31312
31313
31313
31314
31315
31315
31316
31317
31317
31318
31319
31320
31320
31321
31322
31322
31323
31324
31324
31325
31326
31327
31327
31328
31329
31329
31330
31331
31331
31332
31333
31334
31334
31335
31336
31336
31337
31338
31338
31339
31340
31341
31341
31342
31343
31343
31344
31345
31345
31346
31347
31348
31348
31349
31350
31350
31351
31352
31352
31353
31354
31355
31355
31356
31357
31357
31358
31359
31359
31360
31361
31362
31362
31363
31364
31364
31365
31366
31366
31367
31368
31369
31369
31370
31371
31371
31372
31373
31373
31374
31375
31376
31376
31377
31378
31378
31379
31380
31380
31381
31382
31383
31383
31384
31385
31385
31386
31387
31387
31388
31389
31390
31390
31391
31392
31392
31393
31394
31394
31395
31396
31397
31397
31398
31399
31399
31400
31401
31401
31402
31403
31404
31404
31405
31406
31406
31407
31408
31408
31409
31410
31411
31411
31412
31413
31413
31414
31415
31415
31416
31417
31418
31418
31419
31420
31420
31421
31422
31422
31423
31424
31425
31425
31426
31427
31427
31428
31429
31429
31430
31431
31432
31432
31433
31434
31434
31435
31436
31436
31437
31438
31439
31439
31440
31441
31441
31442
31443
31443
31444
31445
31446
31446
31447
31448
31448
31449
31450
31450
31451
31452
31453
31453
31454
31455
31455
31456
31457
31457
31458
31459
31460
31460
31461
31462
31462
31463
31464
31464
31465
31466
31467
31467
31468
31469
31469
31470
31471
31471
31472
31473
31474
31474
31475
31476
31476
31477
31478
31478
31479
31480
31481
31481
31482
31483
31483
31484
31485
