57882
57883
57883
57884
57885
57886
57886
57887
57888
57888
57889
57890
57890
57891
57892
57893
57893
57894
57895
57895
57896
57897
57897
57898
57899
57900
57900
57901
57902
57902
57903
57904
57904
57905
57906
57907
57907
57908
57909
57909
57910
57911
57911
57912
57913
57914
57914
57915
57916
57916
57917
57918
57918
57919
57920
57921
57921
57922
57923
57923
57924
57925
57925
57926
57927
57928
57928
57929
57930
57930
57931
57932
57932
57933
57934
57935
57935
57936
57937
57937
57938
57939
57939
57940
57941
57942
57942
57943
57944
57944
57945
57946
57946
57947
57948
57949
57949
57950
57951
57951
57952
57953
57953
57954
57955
57956
57956
57957
57958
57958
57959
57960
57960
57961
57962
57963
57963
57964
57965
57965
57966
57967
57967
57968
57969
57970
57970
57971
57972
57972
57973
57974
57974
57975
57976
57977
57977
57978
57979
57979
57980
57981
57981
57982
57983
57984
57984
57985
57986
57986
57987
57988
57988
57989
57990
57991
57991
57992
57993
57993
57994
57995
57995
57996
57997
57998
57998
57999
58000
58000
58001
58002
58002
58003
58004
58005
58005
58006
58007
58007
58008
58009
58009
58010
58011
58012
58012
58013
58014
58014
58015
58016
58016
58017
58018
58019
58019
58020
58021
58021
58022
58023
58023
58024
58025
58026
58026
58027
58028
58028
58029
58030
58030
58031
58032
58033
58033
58034
58035
58035
58036
58037
58037
58038
58039
58040
58040
58041
58042
58042
58043
58044
58044
58045
58046
58047
58047
58048
58049
58049
58050
58051
58051
58052
58053
58054
58054
58055
58056
58056
58057
58058
58058
58059
58060
58061
58061
58062
58063
58063
58064
58065
58065
58066
58067
58068
58068
58069
58070
58070
58071
58072
58072
58073
58074
58075
58075
58076
58077
58077
58078
58079
58079
58080
58081
58082
58082
58083
58084
58084
58085
58086
58086
58087
58088
58089
58089
58090
58091
58091
58092
58093
58093
58094
58095
58096
58096
58097
58098
58098
58099
58100
58100
58101
58102
58103
58103
58104
58105
58105
58106
58107
58107
58108
58109
58110
58110
58111
58112
58112
58113
58114
58114
58115
58116
58117
58117
58118
58119
58119
58120
58121
58121
58122
58123
58124
58124
58125
58126
58126
58127
58128
58128
58129
58130
58131
58131
58132
58133
58133
58134
58135
58135
58136
58137
58138
58138
58139
58140
58140
58141
58142
58142
58143
58144
58145
58145
58146
58147
58147
58148
58149
58149
58150
58151
58152
58152
58153
58154
58154
58155
58156
58156
58157
58158
58159
58159
58160
58161
58161
58162
58163
58163
58164
58165
58166
58166
58167
58168
58168
58169
58170
58170
58171
58172
58173
58173
58174
58175
58175
58176
58177
58177
58178
58179
58180
58180
58181
58182
58182
58183
58184
58184
58185
58186
58187
58187
58188
58189
58189
58190
58191
58191
58192
58193
58194
58194
58195
58196
58196
58197
58198
58198
58199
58200
58201
58201
58202
58203
58203
58204
58205
58205
58206
58207
58208
58208
58209
58210
58210
58211
58212
58212
58213
58214
58215
58215
58216
58217
