51704
51705
51706
51706
51707
51708
51709
51709
51710
51711
51711
51712
51713
51713
51714
51715
51716
51716
51717
51718
51718
51719
51720
51720
51721
51722
51723
51723
51724
51725
51725
51726
51727
51727
51728
51729
51730
51730
51731
51732
51732
51733
51734
51734
51735
51736
51737
51737
51738
51739
51739
51740
51741
51741
51742
51743
51744
51744
51745
51746
51746
51747
51748
51748
51749
51750
51751
51751
51752
51753
51753
51754
51755
51755
51756
51757
51758
51758
51759
51760
51760
51761
51762
51762
51763
51764
51765
51765
51766
51767
51767
51768
51769
51769
51770
51771
51772
51772
51773
51774
51774
51775
51776
51776
51777
51778
51779
51779
51780
51781
51781
51782
51783
51783
51784
51785
51786
51786
51787
51788
51788
51789
51790
51790
51791
51792
51793
51793
51794
51795
51795
51796
51797
51797
51798
51799
51800
51800
51801
51802
51802
51803
51804
51804
51805
51806
51807
51807
51808
51809
51809
51810
51811
51811
51812
51813
51814
51814
51815
51816
51816
51817
51818
51818
51819
51820
51821
51821
51822
51823
51823
51824
51825
51825
51826
51827
51828
51828
51829
51830
51830
51831
51832
51832
51833
51834
51835
51835
51836
51837
51837
51838
51839
51839
51840
51841
51842
51842
51843
51844
51844
51845
51846
51846
51847
51848
51849
51849
51850
