50940
50941
50941
50942
50943
50943
50944
50945
50946
50946
50947
50948
50948
50949
50950
50950
50951
50952
50953
50953
50954
50955
50955
50956
50957
50957
50958
50959
50960
50960
50961
50962
50962
50963
50964
50964
50965
50966
50967
50967
50968
50969
50969
50970
50971
50971
50972
50973
50974
50974
50975
50976
50976
50977
50978
50978
50979
50980
50981
50981
50982
50983
50983
50984
50985
50985
50986
50987
50988
50988
50989
50990
50990
50991
50992
50992
50993
50994
50995
50995
50996
50997
50997
50998
50999
50999
51000
51001
51002
51002
51003
51004
51004
51005
51006
51006
51007
51008
51009
51009
51010
51011
51011
51012
51013
51013
51014
51015
51016
51016
51017
51018
51018
51019
51020
51020
51021
51022
51023
51023
51024
51025
51025
51026
51027
51027
51028
51029
51030
51030
51031
51032
51032
51033
51034
51034
51035
51036
51037
51037
51038
51039
51039
51040
51041
51041
51042
51043
51044
51044
51045
51046
51046
51047
51048
51048
51049
51050
51051
51051
51052
51053
51053
51054
51055
51055
51056
51057
51058
51058
51059
51060
51060
51061
51062
51062
51063
51064
51065
51065
51066
51067
51067
51068
51069
51069
51070
51071
51072
51072
51073
51074
51074
51075
51076
51076
51077
51078
51079
51079
51080
51081
51081
51082
51083
51083
51084
51085
51086
51086
51087
51088
51088
51089
51090
51090
51091
51092
51093
51093
51094
51095
51095
51096
51097
51097
51098
51099
51100
51100
51101
51102
51102
51103
51104
51104
51105
51106
51107
51107
51108
51109
51109
51110
51111
51111
51112
51113
51114
51114
51115
51116
51116
51117
51118
51118
51119
51120
51121
51121
51122
51123
51123
51124
51125
51125
51126
51127
