77263
77264
77265
77265
77266
77267
77267
77268
77269
77269
77270
77271
77272
77272
77273
77274
77274
77275
77276
77276
77277
77278
77279
77279
77280
77281
77281
77282
77283
77283
77284
77285
77286
77286
77287
77288
77288
77289
77290
77290
77291
77292
77293
77293
77294
77295
77295
77296
77297
77297
77298
77299
77300
77300
77301
77302
77302
77303
77304
77304
77305
77306
77307
77307
77308
77309
77309
77310
77311
77311
77312
77313
77314
77314
77315
77316
77316
77317
77318
77318
77319
77320
77321
77321
77322
77323
77323
77324
77325
77325
77326
77327
77328
77328
77329
77330
77330
77331
77332
77332
77333
77334
77335
77335
77336
77337
77337
77338
77339
77339
77340
77341
77342
77342
77343
77344
77344
77345
77346
77346
77347
77348
77349
77349
77350
77351
77351
77352
77353
77353
77354
77355
77356
77356
77357
77358
77358
77359
77360
77360
77361
77362
77363
77363
77364
77365
77365
77366
77367
77367
77368
77369
77370
77370
77371
77372
77372
77373
77374
77374
77375
77376
77377
77377
77378
77379
77379
77380
77381
77381
77382
77383
77384
77384
77385
77386
77386
77387
77388
77388
77389
77390
77391
77391
77392
77393
77393
77394
77395
77395
77396
77397
77398
77398
77399
77400
77400
77401
77402
77402
77403
77404
77405
77405
77406
77407
77407
77408
77409
77409
77410
77411
77412
77412
77413
77414
77414
77415
77416
77416
77417
77418
77419
77419
77420
77421
77421
77422
77423
77423
77424
77425
77426
77426
77427
77428
77428
77429
77430
77430
77431
77432
77433
77433
77434
77435
77435
77436
77437
77437
77438
77439
77440
77440
77441
77442
77442
77443
77444
77444
77445
77446
77447
77447
77448
77449
77449
77450
77451
77451
77452
77453
77454
77454
77455
77456
77456
77457
77458
77458
77459
77460
77461
77461
77462
77463
77463
77464
77465
77465
77466
77467
77468
77468
77469
77470
77470
77471
77472
77472
77473
77474
77475
77475
77476
77477
77477
77478
77479
77479
77480
77481
77482
77482
77483
77484
77484
77485
77486
77486
77487
77488
77489
77489
77490
77491
77491
77492
77493
77493
77494
77495
77496
77496
77497
77498
77498
77499
77500
77500
77501
77502
77503
77503
77504
77505
77505
77506
77507
77507
77508
77509
77510
77510
77511
77512
77512
77513
77514
77514
77515
77516
77517
77517
77518
77519
77519
77520
77521
77521
77522
77523
77524
77524
77525
77526
77526
77527
77528
77528
77529
77530
77531
77531
77532
77533
77533
77534
77535
77535
77536
77537
77538
77538
77539
77540
77540
77541
77542
77542
77543
77544
77545
77545
77546
77547
77547
77548
77549
77549
77550
77551
77552
77552
77553
77554
77554
77555
77556
77556
77557
77558
77559
77559
77560
77561
77561
77562
77563
77563
77564
77565
77566
77566
77567
77568
77568
77569
77570
77570
77571
77572
77573
77573
77574
77575
77575
77576
77577
77577
77578
77579
77580
77580
77581
77582
77582
77583
77584
77584
77585
77586
77587
77587
77588
77589
77589
77590
77591
77591
77592
77593
77594
77594
77595
77596
77596
77597
77598
77598
77599
77600
77601
77601
77602
77603
77603
77604
77605
77605
77606
77607
77608
77608
77609
77610
77610
77611
77612
77612
77613
77614
77615
77615
77616
77617
77617
77618
77619
77619
77620
77621
77622
77622
77623
77624
77624
77625
77626
77626
77627
77628
77629
77629
77630
77631
77631
77632
77633
77633
77634
77635
77636
77636
77637
77638
77638
77639
77640
77640
77641
77642
77643
77643
77644
77645
77645
77646
77647
77647
77648
77649
77650
77650
77651
77652
77652
77653
77654
77654
77655
77656
77657
77657
77658
