47634
47635
47636
47636
47637
47638
47639
47639
47640
47641
47641
47642
47643
47643
47644
47645
47646
47646
47647
47648
47648
47649
47650
47650
47651
47652
47653
47653
47654
47655
47655
47656
47657
47657
47658
47659
47660
47660
47661
47662
47662
47663
47664
47664
47665
47666
47667
47667
47668
47669
47669
47670
47671
47671
47672
47673
47674
47674
47675
47676
47676
47677
47678
47678
47679
47680
47681
47681
47682
47683
47683
47684
47685
47685
47686
47687
47688
47688
47689
47690
47690
47691
47692
47692
47693
47694
47695
47695
47696
47697
47697
47698
47699
47699
47700
47701
47702
47702
47703
47704
47704
47705
47706
47706
47707
47708
47709
47709
47710
47711
47711
47712
47713
47713
47714
47715
47716
47716
47717
47718
47718
47719
47720
47720
47721
47722
47723
47723
47724
47725
47725
47726
47727
47727
47728
47729
47730
47730
47731
47732
47732
47733
47734
47734
47735
47736
47737
47737
47738
47739
47739
47740
47741
47741
47742
47743
47744
47744
47745
47746
47746
47747
47748
47748
47749
47750
47751
47751
47752
47753
47753
47754
47755
47755
47756
47757
47758
47758
47759
47760
47760
47761
47762
47762
47763
47764
47765
47765
47766
47767
47767
47768
47769
47769
47770
47771
47772
47772
47773
47774
47774
47775
47776
47776
47777
47778
47779
47779
47780
47781
47781
47782
47783
47783
47784
47785
47786
47786
47787
47788
47788
47789
47790
47790
47791
47792
47793
47793
47794
47795
47795
47796
47797
47797
47798
47799
47800
47800
47801
47802
47802
47803
47804
47804
47805
47806
47807
47807
47808
47809
47809
47810
47811
47811
47812
47813
47814
47814
47815
47816
47816
47817
47818
47818
47819
47820
47821
47821
47822
47823
47823
47824
47825
47825
47826
47827
47828
47828
47829
47830
47830
47831
47832
47832
47833
47834
47835
47835
47836
47837
47837
47838
47839
47839
47840
47841
47842
47842
47843
47844
47844
47845
47846
47846
47847
47848
47849
47849
47850
47851
47851
47852
47853
47853
47854
47855
47856
47856
47857
47858
47858
47859
47860
47860
47861
47862
47863
47863
47864
47865
47865
47866
47867
47867
47868
47869
47870
47870
47871
47872
47872
47873
