43732
43733
43734
43734
43735
43736
43736
43737
43738
43738
43739
43740
43741
43741
43742
43743
43743
43744
43745
43745
43746
43747
43748
43748
43749
43750
43750
43751
43752
43752
43753
43754
43755
43755
43756
43757
43757
43758
43759
43759
43760
43761
43762
43762
43763
43764
43764
43765
43766
43766
43767
43768
43769
43769
43770
43771
43771
43772
43773
43773
43774
43775
43776
43776
43777
43778
43778
43779
43780
43780
43781
43782
43783
43783
43784
43785
43785
43786
43787
43787
43788
43789
43790
43790
43791
43792
43792
43793
43794
43794
43795
43796
43797
43797
43798
43799
43799
43800
43801
43801
43802
43803
43804
43804
43805
43806
43806
43807
43808
43808
43809
43810
43811
43811
43812
43813
43813
43814
43815
43815
43816
43817
43818
43818
43819
43820
43820
43821
43822
43822
43823
43824
43825
43825
43826
43827
43827
43828
43829
43829
43830
43831
43832
43832
43833
43834
43834
43835
43836
43836
43837
43838
43839
43839
43840
43841
43841
43842
43843
43843
43844
43845
43846
43846
43847
43848
43848
43849
43850
43850
43851
43852
43853
43853
43854
43855
43855
43856
43857
43857
43858
43859
43860
43860
43861
43862
43862
43863
43864
43864
43865
43866
43867
43867
43868
43869
43869
43870
43871
43871
43872
43873
43874
43874
43875
43876
43876
43877
43878
43878
43879
43880
43881
43881
43882
43883
43883
43884
43885
43885
43886
43887
43888
43888
43889
43890
43890
43891
43892
43892
43893
43894
43895
43895
43896
43897
43897
43898
43899
43899
43900
43901
43902
43902
43903
43904
43904
43905
43906
43906
43907
43908
43909
43909
43910
43911
43911
43912
43913
43913
43914
43915
