33704
33705
33705
33706
33707
33707
33708
33709
33709
33710
33711
33712
33712
33713
33714
33714
33715
33716
33716
33717
33718
33719
33719
33720
33721
33721
33722
33723
33723
33724
33725
33726
33726
33727
33728
33728
33729
33730
33730
33731
33732
33733
33733
33734
33735
33735
33736
33737
33737
33738
33739
33740
33740
33741
33742
33742
33743
33744
33744
33745
33746
33747
33747
33748
33749
33749
33750
33751
33751
33752
33753
33754
33754
33755
33756
33756
33757
33758
33758
33759
33760
33761
33761
33762
33763
33763
33764
33765
33765
33766
33767
33768
33768
33769
33770
33770
33771
33772
33772
33773
33774
33775
33775
33776
33777
33777
33778
33779
33779
33780
33781
33782
33782
33783
33784
33784
33785
33786
33786
33787
33788
33789
33789
33790
33791
33791
33792
33793
33793
33794
33795
33796
33796
33797
33798
33798
33799
33800
33800
33801
33802
33803
33803
33804
33805
33805
33806
33807
33807
33808
33809
33810
33810
33811
33812
33812
33813
33814
33814
33815
33816
33817
33817
33818
33819
33819
33820
33821
33821
33822
33823
33824
33824
33825
33826
33826
33827
33828
33828
33829
33830
33831
33831
33832
33833
33833
33834
33835
33835
33836
33837
33838
33838
33839
33840
33840
33841
33842
33842
33843
33844
33845
33845
33846
33847
33847
33848
33849
33849
33850
33851
33852
33852
33853
33854
33854
33855
33856
33856
33857
33858
33859
33859
33860
33861
33861
33862
33863
33863
33864
33865
33866
33866
33867
33868
33868
33869
33870
33870
33871
33872
33873
33873
33874
33875
33875
33876
33877
33877
33878
33879
33880
33880
33881
33882
33882
33883
33884
33884
33885
33886
33887
33887
33888
33889
33889
33890
33891
33891
33892
33893
33894
33894
33895
33896
33896
33897
33898
33898
33899
33900
33901
33901
33902
33903
33903
33904
33905
33905
33906
33907
33908
33908
33909
33910
33910
33911
33912
33912
33913
33914
33915
33915
33916
33917
33917
33918
33919
33919
33920
33921
33922
33922
33923
33924
33924
33925
33926
33926
33927
33928
33929
33929
33930
33931
33931
33932
33933
33933
33934
33935
33936
33936
33937
33938
33938
33939
33940
33940
33941
33942
33943
33943
33944
33945
33945
33946
33947
33947
33948
33949
33950
33950
33951
33952
33952
33953
33954
33954
33955
33956
33957
33957
33958
33959
33959
33960
33961
33961
33962
33963
