43099
43099
43100
43101
43101
43102
43103
43103
43104
43105
43106
43106
43107
43108
43108
43109
43110
43110
43111
43112
43113
43113
43114
43115
43115
43116
43117
43117
43118
43119
43120
43120
43121
43122
43122
43123
43124
43124
43125
43126
43127
43127
43128
43129
43129
43130
43131
43131
43132
43133
43134
43134
43135
43136
43136
43137
43138
43138
43139
43140
43141
43141
43142
43143
43143
43144
43145
43145
43146
43147
43148
43148
43149
43150
43150
43151
43152
43152
43153
43154
43155
43155
43156
43157
43157
43158
43159
43159
43160
43161
43162
43162
43163
43164
43164
43165
43166
43166
43167
43168
43169
43169
43170
43171
43171
43172
43173
43173
43174
43175
43176
43176
43177
43178
43178
43179
43180
43180
43181
43182
43183
43183
43184
43185
43185
43186
43187
43187
43188
43189
43190
43190
43191
43192
43192
43193
43194
43194
43195
43196
43197
43197
43198
43199
43199
43200
43201
43201
43202
43203
43204
43204
43205
43206
43206
43207
43208
43208
43209
43210
43211
43211
43212
43213
43213
43214
43215
43215
43216
43217
43218
43218
43219
43220
43220
43221
43222
43222
43223
43224
43225
43225
43226
43227
43227
43228
43229
43229
43230
43231
43232
43232
43233
43234
43234
43235
43236
43236
43237
43238
43239
43239
43240
43241
43241
43242
43243
43243
43244
43245
43246
43246
43247
43248
43248
43249
43250
43250
43251
43252
43253
43253
43254
43255
43255
43256
43257
43257
43258
43259
43260
43260
43261
43262
43262
43263
43264
43264
43265
43266
43267
43267
43268
43269
43269
43270
43271
43271
43272
43273
43274
43274
43275
43276
43276
43277
43278
43278
43279
43280
43281
43281
43282
43283
43283
43284
43285
43285
43286
43287
43288
43288
43289
43290
43290
43291
43292
43292
43293
43294
43295
43295
43296
43297
43297
43298
43299
43299
43300
43301
43302
43302
43303
43304
43304
43305
43306
43306
43307
43308
43309
43309
43310
43311
43311
43312
43313
43313
43314
43315
43316
43316
43317
43318
43318
43319
43320
43320
43321
43322
43323
43323
43324
43325
43325
43326
43327
43327
43328
43329
43330
43330
43331
43332
43332
43333
43334
43334
43335
43336
43337
43337
43338
43339
43339
43340
43341
43341
43342
43343
43344
43344
43345
43346
43346
43347
