19070
19070
19071
19072
19072
19073
19074
19075
19075
19076
19077
19077
19078
19079
19079
19080
19081
19082
19082
19083
19084
19084
19085
19086
19086
19087
19088
19089
19089
19090
19091
19091
19092
19093
19093
19094
19095
19096
19096
19097
19098
19098
19099
19100
19100
19101
19102
19103
19103
19104
19105
19105
19106
19107
19107
19108
19109
19110
19110
19111
19112
19112
19113
19114
19114
19115
19116
19117
19117
19118
19119
19119
19120
19121
19121
19122
19123
19124
19124
19125
19126
19126
19127
19128
19128
19129
19130
19131
19131
19132
19133
19133
19134
19135
19135
19136
19137
19138
19138
19139
19140
19140
19141
19142
19142
19143
19144
19145
19145
19146
19147
19147
19148
19149
19149
19150
19151
19152
19152
19153
19154
19154
19155
19156
19156
19157
19158
19159
19159
19160
19161
19161
19162
19163
19163
19164
19165
19166
19166
19167
19168
19168
19169
19170
19170
19171
19172
19173
19173
19174
19175
19175
19176
19177
19177
19178
19179
19180
19180
19181
19182
19182
19183
19184
19184
19185
19186
19187
19187
19188
19189
19189
19190
19191
19191
19192
19193
19194
19194
19195
19196
19196
19197
19198
19198
19199
19200
19201
19201
19202
19203
19203
19204
19205
19205
19206
19207
19208
19208
19209
19210
19210
19211
19212
19212
19213
19214
19215
19215
19216
19217
19217
19218
19219
19219
19220
19221
19222
19222
19223
19224
19224
19225
19226
19226
19227
19228
19229
19229
19230
19231
19231
19232
19233
19233
19234
19235
19236
19236
19237
19238
19238
19239
19240
19240
19241
19242
19243
19243
19244
19245
19245
19246
19247
19247
19248
19249
19250
19250
19251
19252
19252
19253
19254
19254
19255
19256
19257
19257
19258
19259
19259
19260
19261
19261
19262
19263
19264
19264
19265
19266
19266
19267
19268
19268
19269
19270
19271
19271
19272
19273
19273
19274
19275
19275
19276
19277
19278
19278
19279
19280
19280
19281
19282
19282
19283
19284
19285
19285
19286
19287
19287
19288
19289
19289
19290
19291
19292
19292
19293
19294
19294
19295
19296
19296
19297
19298
19299
19299
19300
19301
19301
19302
19303
19303
19304
19305
19306
19306
19307
19308
19308
19309
19310
19310
19311
19312
19313
19313
19314
19315
19315
19316
19317
19317
19318
19319
19320
19320
19321
19322
19322
19323
19324
19324
19325
19326
19327
19327
19328
19329
19329
19330
19331
19331
19332
19333
19334
19334
19335
19336
19336
19337
19338
19338
19339
19340
19341
19341
19342
19343
19343
19344
19345
19345
19346
19347
19348
19348
19349
19350
19350
19351
19352
19352
19353
19354
19355
19355
19356
19357
19357
19358
19359
19359
19360
19361
19362
19362
19363
19364
19364
19365
19366
19366
19367
19368
19369
19369
19370
19371
19371
19372
19373
19373
19374
19375
19376
19376
19377
19378
19378
19379
19380
19380
19381
19382
19383
19383
19384
19385
19385
19386
19387
19387
19388
19389
19390
19390
19391
19392
19392
19393
19394
19394
19395
19396
19397
19397
19398
19399
19399
19400
19401
19401
19402
19403
19404
19404
19405
19406
19406
19407
19408
19408
19409
19410
19411
19411
19412
19413
19413
19414
19415
19415
19416
19417
19418
19418
19419
19420
19420
19421
19422
19422
19423
19424
19425
19425
19426
19427
19427
19428
19429
19429
19430
19431
19432
19432
19433
19434
19434
19435
19436
19436
19437
19438
19439
19439
19440
19441
19441
19442
19443
19443
19444
19445
19446
19446
19447
19448
19448
19449
19450
19450
19451
19452
19453
19453
19454
19455
19455
19456
19457
19457
19458
19459
19460
19460
19461
19462
19462
19463
19464
19464
19465
19466
19467
19467
19468
19469
19469
19470
19471
19471
19472
19473
19474
19474
19475
19476
19476
19477
19478
19478
19479
19480
19481
19481
19482
19483
19483
19484
19485
19485
19486
19487
19488
19488
19489
