55328
55329
55330
55330
55331
55332
55333
55333
55334
55335
55335
55336
55337
55337
55338
55339
55340
55340
55341
55342
55342
55343
55344
55344
55345
55346
55347
55347
55348
55349
55349
55350
55351
55351
55352
55353
55354
55354
55355
55356
55356
55357
55358
55358
55359
55360
55361
55361
55362
55363
55363
55364
55365
55365
55366
55367
55368
55368
55369
55370
55370
55371
55372
55372
55373
55374
55375
55375
55376
55377
55377
55378
55379
55379
55380
55381
55382
55382
55383
55384
55384
55385
55386
55386
55387
55388
55389
55389
55390
55391
55391
55392
55393
55393
55394
55395
55396
55396
55397
55398
55398
55399
55400
55400
55401
55402
55403
55403
55404
55405
55405
55406
55407
55407
55408
55409
55410
55410
55411
55412
55412
55413
55414
55414
55415
55416
55417
55417
55418
55419
55419
55420
55421
55421
55422
55423
55424
55424
55425
55426
55426
55427
55428
55428
55429
55430
55431
55431
55432
55433
55433
55434
55435
55435
55436
55437
55438
55438
55439
55440
55440
55441
55442
55442
55443
55444
55445
55445
55446
55447
55447
55448
55449
55449
55450
55451
55452
55452
55453
55454
55454
55455
55456
55456
55457
55458
55459
55459
55460
55461
55461
55462
55463
55463
55464
55465
55466
55466
55467
55468
55468
55469
55470
55470
55471
55472
55473
55473
55474
55475
55475
55476
55477
55477
55478
55479
55480
55480
55481
55482
55482
55483
55484
55484
55485
55486
55487
55487
55488
55489
55489
55490
55491
55491
55492
55493
55494
55494
55495
55496
55496
55497
55498
55498
55499
55500
55501
55501
55502
55503
55503
55504
55505
55505
55506
55507
55508
55508
55509
55510
55510
55511
55512
55512
55513
55514
55515
55515
55516
55517
55517
55518
55519
55519
55520
55521
55522
55522
55523
55524
55524
55525
55526
55526
55527
55528
55529
55529
55530
55531
55531
55532
55533
55533
55534
55535
55536
55536
55537
55538
55538
55539
55540
55540
55541
55542
55543
55543
55544
55545
55545
55546
55547
55547
55548
55549
55550
55550
55551
55552
55552
55553
55554
55554
55555
55556
55557
55557
55558
55559
55559
55560
55561
55561
55562
55563
55564
55564
55565
55566
55566
55567
55568
55568
55569
55570
55571
55571
55572
55573
55573
55574
55575
55575
55576
55577
55578
55578
55579
55580
55580
55581
55582
55582
55583
55584
55585
55585
55586
55587
55587
55588
55589
55589
55590
55591
55592
55592
55593
55594
55594
55595
55596
55596
55597
55598
55599
55599
55600
55601
55601
55602
55603
55603
55604
55605
55606
55606
55607
