81586
81587
81588
81589
81589
81590
81591
81591
81592
81593
81593
81594
81595
81596
81596
81597
81598
81598
81599
81600
81600
81601
81602
81603
81603
81604
81605
81605
81606
81607
81607
81608
81609
81610
81610
81611
81612
81612
81613
81614
81614
81615
81616
81617
81617
81618
81619
81619
81620
81621
81621
81622
81623
81624
81624
81625
81626
81626
81627
81628
81628
81629
81630
81631
81631
81632
81633
81633
81634
81635
81635
81636
81637
81638
81638
81639
81640
81640
81641
81642
81642
81643
81644
81645
81645
81646
81647
81647
81648
81649
81649
81650
81651
81652
81652
81653
81654
81654
81655
81656
81656
81657
81658
81659
81659
81660
81661
81661
81662
81663
81663
81664
81665
81666
81666
81667
81668
81668
81669
81670
81670
81671
81672
81673
81673
81674
81675
81675
81676
81677
81677
81678
81679
81680
81680
81681
81682
81682
81683
81684
81684
81685
81686
81687
81687
81688
81689
81689
81690
81691
81691
81692
81693
81694
81694
81695
81696
81696
81697
81698
81698
81699
81700
81701
81701
81702
81703
81703
81704
81705
81705
81706
81707
81708
81708
81709
81710
81710
81711
81712
81712
81713
81714
81715
81715
81716
81717
81717
81718
81719
81719
81720
81721
81722
81722
81723
81724
81724
81725
81726
81726
81727
81728
81729
81729
81730
81731
81731
81732
81733
81733
81734
81735
81736
81736
81737
81738
81738
81739
81740
81740
81741
81742
81743
81743
81744
81745
81745
81746
81747
81747
81748
81749
81750
81750
81751
81752
81752
81753
81754
81754
81755
81756
81757
81757
81758
81759
81759
81760
81761
81761
81762
81763
81764
81764
81765
81766
81766
81767
81768
81768
81769
81770
81771
81771
81772
81773
81773
81774
81775
81775
81776
81777
81778
81778
81779
81780
81780
81781
81782
81782
81783
81784
81785
81785
81786
81787
81787
81788
81789
81789
81790
81791
81792
81792
81793
81794
81794
81795
81796
81796
81797
81798
81799
81799
81800
81801
81801
81802
81803
81803
81804
81805
81806
81806
81807
81808
81808
81809
81810
81810
81811
81812
81813
81813
81814
81815
81815
81816
81817
81817
81818
81819
81820
81820
81821
81822
81822
81823
81824
81824
81825
81826
81827
81827
81828
81829
81829
81830
81831
81831
81832
81833
81834
81834
81835
81836
81836
81837
81838
81838
81839
81840
81841
81841
81842
81843
81843
81844
81845
81845
81846
81847
81848
81848
81849
81850
81850
81851
81852
81852
81853
81854
81855
81855
81856
81857
81857
81858
81859
81859
81860
81861
81862
81862
81863
81864
81864
81865
81866
81866
81867
81868
81869
81869
81870
81871
81871
81872
81873
81873
81874
81875
81876
81876
81877
81878
81878
81879
81880
81880
81881
81882
81883
81883
81884
81885
81885
81886
81887
81887
81888
81889
81890
81890
81891
81892
81892
81893
81894
81894
81895
81896
81897
81897
81898
81899
81899
81900
81901
81901
81902
81903
81904
81904
81905
81906
81906
81907
81908
81908
81909
81910
81911
81911
81912
81913
81913
81914
81915
81915
81916
81917
81918
81918
81919
81920
81920
81921
81922
81922
81923
81924
81925
81925
81926
81927
81927
81928
81929
81929
81930
81931
81932
81932
81933
81934
81934
81935
81936
81936
81937
81938
81939
81939
81940
81941
81941
81942
81943
81943
81944
81945
81946
81946
81947
81948
81948
81949
81950
81950
81951
81952
81953
81953
81954
81955
81955
81956
81957
81957
81958
