4349.1
4349.8
4350.5
4351.2
4351.9
4352.6
4353.3
4354
4354.7
4355.4
4356.1
4356.8
4357.5
4358.2
4358.9
4359.6
4360.3
4361
4361.7
4362.4
4363.1
4363.8
4364.5
4365.2
4365.9
4366.6
4367.3
4368
4368.7
4369.4
4370.1
4370.8
4371.5
4372.2
4372.9
4373.6
4374.3
4375
4375.7
4376.4
4377.1
4377.8
4378.5
4379.2
4379.9
4380.6
4381.3
4382
4382.7
4383.4
4384.1
4384.8
4385.5
4386.2
4386.9
4387.6
4388.3
4389
4389.7
4390.4
4391.1
4391.8
4392.5
4393.2
4393.9
4394.6
4395.3
4396
4396.7
4397.4
4398.1
4398.8
4399.5
4400.2
4400.9
4401.6
4402.3
4403
4403.7
4404.4
4405.1
4405.8
4406.5
4407.2
4407.9
4408.6
4409.3
4410
4410.7
4411.4
4412.1
4412.8
4413.5
4414.2
4414.9
4415.6
4416.3
4417
4417.7
4418.4
4419.1
4419.8
4420.5
4421.2
4421.9
4422.6
4423.3
4424
4424.7
4425.4
4426.1
4426.8
4427.5
4428.2
4428.9
4429.6
4430.3
4431
4431.7
4432.4
4433.1
4433.8
4434.5
4435.2
4435.9
4436.6
4437.3
4438
4438.7
4439.4
4440.1
4440.8
4441.5
4442.2
4442.9
4443.6
4444.3
4445
4445.7
4446.4
4447.1
4447.8
4448.5
4449.2
4449.9
4450.6
4451.3
4452
4452.7
4453.4
4454.1
4454.8
4455.5
4456.2
4456.9
4457.6
4458.3
4459
4459.7
4460.4
4461.1
4461.8
4462.5
4463.2
4463.9
4464.6
4465.3
4466
4466.7
4467.4
4468.1
4468.8
4469.5
4470.2
4470.9
4471.6
4472.3
4473
4473.7
4474.4
4475.1
4475.8
4476.5
4477.2
4477.9
4478.6
4479.3
4480
4480.7
4481.4
4482.1
4482.8
4483.5
4484.2
4484.9
4485.6
4486.3
4487
4487.7
4488.4
4489.1
4489.8
4490.5
4491.2
4491.9
4492.6
4493.3
4494
4494.7
4495.4
4496.1
4496.8
4497.5
4498.2
4498.9
4499.6
4500.3
4501
4501.7
4502.4
4503.1
4503.8
4504.5
4505.2
4505.9
4506.6
4507.3
4508
4508.7
4509.4
4510.1
4510.8
4511.5
4512.2
4512.9
4513.6
4514.3
4515
4515.7
4516.4
4517.1
4517.8
4518.5
4519.2
4519.9
4520.6
4521.3
4522
4522.7
4523.4
