74408
74409
74409
74410
74411
74411
74412
74413
74414
74414
74415
74416
74416
74417
74418
74418
74419
74420
74421
74421
74422
74423
74423
74424
74425
74425
74426
74427
74428
74428
74429
74430
74430
74431
74432
74432
74433
74434
74435
74435
74436
74437
74437
74438
74439
74439
74440
74441
74442
74442
74443
74444
74444
74445
74446
74446
74447
74448
74449
74449
74450
74451
74451
74452
74453
74453
74454
74455
74456
74456
74457
74458
74458
74459
74460
74460
74461
74462
74463
74463
74464
74465
74465
74466
74467
74467
74468
74469
74470
74470
74471
74472
74472
74473
74474
74474
74475
74476
74477
74477
74478
74479
74479
74480
74481
74481
74482
74483
74484
74484
74485
74486
74486
74487
74488
74488
74489
74490
74491
74491
74492
74493
74493
74494
74495
74495
74496
74497
74498
74498
74499
74500
74500
74501
74502
74502
74503
74504
74505
74505
74506
74507
74507
74508
74509
74509
74510
74511
74512
74512
74513
74514
74514
74515
74516
74516
74517
74518
74519
74519
74520
74521
74521
74522
74523
74523
74524
74525
74526
74526
74527
74528
74528
74529
74530
74530
74531
74532
74533
74533
74534
74535
74535
74536
74537
74537
74538
74539
74540
74540
74541
74542
74542
74543
74544
74544
74545
74546
74547
74547
74548
74549
74549
74550
74551
74551
74552
74553
74554
74554
74555
74556
74556
74557
74558
74558
74559
74560
74561
74561
74562
74563
74563
74564
74565
74565
74566
74567
74568
74568
74569
74570
74570
74571
74572
74572
74573
74574
74575
74575
74576
74577
74577
74578
74579
74579
74580
74581
74582
74582
74583
74584
74584
74585
74586
74586
74587
74588
74589
74589
74590
74591
74591
74592
74593
74593
74594
74595
74596
74596
74597
74598
74598
74599
74600
74600
74601
74602
74603
74603
74604
74605
74605
74606
74607
74607
74608
74609
74610
74610
74611
74612
74612
74613
74614
74614
74615
74616
74617
74617
74618
74619
74619
74620
74621
74621
74622
74623
74624
74624
74625
74626
74626
74627
74628
74628
74629
74630
74631
74631
74632
74633
74633
74634
74635
74635
74636
74637
74638
74638
74639
74640
74640
74641
74642
74642
74643
74644
74645
74645
74646
74647
74647
74648
74649
74649
74650
74651
74652
74652
74653
74654
74654
74655
74656
74656
74657
74658
74659
74659
74660
74661
74661
74662
74663
74663
74664
74665
74666
74666
74667
74668
74668
74669
74670
74670
74671
74672
74673
74673
74674
74675
74675
74676
74677
74677
74678
74679
74680
74680
74681
74682
74682
74683
74684
74684
74685
74686
74687
74687
74688
74689
74689
74690
74691
74691
74692
74693
74694
74694
74695
74696
74696
74697
74698
74698
74699
74700
74701
74701
74702
74703
74703
74704
74705
74705
74706
74707
74708
74708
74709
74710
74710
74711
74712
74712
74713
74714
74715
74715
74716
74717
74717
74718
74719
74719
74720
74721
74722
74722
74723
74724
74724
74725
74726
74726
74727
74728
74729
74729
74730
74731
74731
74732
74733
74733
74734
74735
74736
74736
74737
74738
74738
74739
74740
74740
74741
74742
74743
74743
74744
74745
74745
74746
74747
74747
74748
74749
74750
74750
74751
74752
74752
74753
74754
74754
74755
74756
74757
74757
74758
74759
74759
74760
74761
74761
74762
74763
