30679
30680
30680
30681
30682
30682
30683
30684
30684
30685
30686
30687
30687
30688
30689
30689
30690
30691
30691
30692
30693
30694
30694
30695
30696
30696
30697
30698
30698
30699
30700
30701
30701
30702
30703
30703
30704
30705
30705
30706
30707
30708
30708
30709
30710
30710
30711
30712
30712
30713
30714
30715
30715
30716
30717
30717
30718
30719
30719
30720
30721
30722
30722
30723
30724
30724
30725
30726
30726
30727
30728
30729
30729
30730
30731
30731
30732
30733
30733
30734
30735
30736
30736
30737
30738
30738
30739
30740
30740
30741
30742
30743
30743
30744
30745
30745
30746
30747
30747
30748
30749
30750
30750
30751
30752
30752
30753
30754
30754
30755
30756
30757
30757
30758
30759
30759
30760
30761
30761
30762
30763
30764
30764
30765
30766
30766
30767
30768
30768
30769
30770
30771
30771
30772
30773
30773
30774
30775
30775
30776
30777
30778
30778
30779
30780
30780
30781
30782
30782
30783
30784
30785
30785
30786
30787
30787
30788
30789
30789
30790
30791
30792
30792
30793
30794
30794
30795
30796
30796
30797
30798
30799
30799
30800
30801
30801
30802
30803
30803
30804
30805
30806
30806
30807
30808
30808
30809
30810
30810
30811
30812
30813
30813
30814
30815
30815
30816
30817
30817
30818
30819
30820
30820
30821
30822
30822
30823
30824
30824
30825
30826
30827
30827
30828
30829
30829
30830
30831
30831
30832
30833
30834
30834
30835
30836
30836
30837
30838
30838
30839
30840
30841
30841
30842
30843
30843
30844
30845
30845
30846
30847
30848
30848
30849
30850
30850
30851
30852
30852
30853
30854
30855
30855
30856
30857
30857
30858
30859
30859
30860
30861
30862
30862
30863
30864
30864
30865
30866
30866
30867
30868
30869
30869
30870
30871
30871
30872
30873
30873
30874
30875
30876
30876
30877
30878
30878
30879
30880
30880
30881
30882
30883
30883
30884
30885
30885
30886
30887
30887
30888
30889
30890
30890
30891
30892
30892
30893
30894
30894
30895
30896
30897
30897
30898
30899
30899
30900
30901
30901
30902
30903
30904
30904
30905
30906
30906
30907
30908
30908
30909
30910
30911
30911
30912
30913
30913
30914
30915
30915
30916
30917
30918
30918
30919
30920
30920
30921
30922
30922
30923
30924
30925
30925
30926
30927
30927
30928
30929
30929
30930
30931
30932
30932
30933
30934
30934
30935
30936
30936
30937
30938
30939
30939
30940
30941
30941
30942
30943
30943
30944
30945
30946
30946
30947
30948
30948
30949
30950
30950
30951
30952
30953
30953
30954
30955
30955
30956
30957
30957
30958
30959
30960
30960
30961
30962
30962
30963
30964
30964
30965
30966
30967
30967
30968
30969
30969
30970
30971
30971
30972
30973
30974
30974
30975
30976
30976
30977
30978
30978
30979
30980
