9005.9
9006.6
9007.3
9008
9008.7
9009.4
9010.1
9010.8
9011.5
9012.2
9012.9
9013.6
9014.3
9015
9015.7
9016.4
9017.1
9017.8
9018.5
9019.2
9019.9
9020.6
9021.3
9022
9022.7
9023.4
9024.1
9024.8
9025.5
9026.2
9026.9
9027.6
9028.3
9029
9029.7
9030.4
9031.1
9031.8
9032.5
9033.2
9033.9
9034.6
9035.3
9036
9036.7
9037.4
9038.1
9038.8
9039.5
9040.2
9040.9
9041.6
9042.3
9043
9043.7
9044.4
9045.1
9045.8
9046.5
9047.2
9047.9
9048.6
9049.3
9050
9050.7
9051.4
9052.1
9052.8
9053.5
9054.2
9054.9
9055.6
9056.3
9057
9057.7
9058.4
9059.1
9059.8
9060.5
9061.2
9061.9
9062.6
9063.3
9064
9064.7
9065.4
9066.1
9066.8
9067.5
9068.2
9068.9
9069.6
9070.3
9071
9071.7
9072.4
9073.1
9073.8
9074.5
9075.2
9075.9
9076.6
9077.3
