71751
71752
71753
71753
71754
71755
71756
71756
71757
71758
71758
71759
71760
71760
71761
71762
71763
71763
71764
71765
71765
71766
71767
71767
71768
71769
71770
71770
71771
71772
71772
71773
71774
71774
71775
71776
71777
71777
71778
71779
71779
71780
71781
71781
71782
71783
71784
71784
71785
71786
71786
71787
71788
71788
71789
71790
71791
71791
71792
71793
71793
71794
71795
71795
71796
71797
71798
71798
71799
71800
71800
71801
71802
71802
71803
71804
71805
71805
71806
71807
71807
71808
71809
71809
71810
71811
71812
71812
71813
71814
71814
71815
71816
71816
71817
71818
71819
71819
71820
71821
71821
71822
71823
71823
71824
71825
71826
71826
71827
71828
71828
71829
71830
71830
71831
71832
71833
71833
71834
71835
71835
71836
71837
71837
71838
71839
71840
71840
71841
71842
71842
71843
71844
71844
71845
71846
71847
71847
71848
71849
71849
71850
71851
71851
71852
71853
71854
71854
71855
71856
71856
71857
71858
71858
71859
71860
71861
71861
71862
71863
71863
71864
71865
71865
71866
71867
71868
71868
71869
71870
71870
71871
71872
71872
71873
71874
71875
71875
71876
71877
71877
71878
71879
71879
71880
71881
71882
71882
71883
71884
71884
71885
71886
71886
71887
71888
71889
71889
71890
71891
71891
71892
71893
71893
71894
71895
71896
71896
71897
71898
71898
71899
71900
71900
71901
71902
71903
71903
71904
71905
71905
71906
71907
71907
71908
71909
71910
71910
71911
71912
71912
71913
71914
71914
71915
71916
71917
71917
71918
71919
71919
71920
71921
71921
71922
71923
71924
71924
71925
71926
71926
71927
71928
71928
71929
71930
71931
71931
71932
71933
71933
71934
71935
71935
71936
71937
71938
71938
71939
71940
71940
71941
71942
71942
71943
71944
71945
71945
71946
71947
71947
71948
71949
71949
71950
71951
71952
71952
71953
71954
71954
71955
71956
71956
71957
71958
71959
71959
71960
71961
71961
71962
71963
71963
71964
71965
71966
71966
71967
71968
71968
71969
71970
71970
71971
71972
71973
71973
71974
71975
71975
71976
71977
71977
71978
71979
71980
71980
71981
71982
71982
71983
71984
71984
71985
71986
71987
71987
71988
71989
71989
71990
71991
71991
71992
71993
71994
71994
71995
71996
71996
71997
71998
71998
71999
72000
72001
72001
72002
72003
72003
72004
72005
72005
72006
72007
72008
72008
72009
72010
72010
72011
72012
72012
72013
72014
72015
72015
72016
72017
72017
72018
72019
72019
72020
72021
72022
72022
72023
72024
72024
72025
72026
72026
72027
72028
72029
72029
72030
72031
72031
72032
72033
72033
72034
72035
72036
72036
72037
72038
72038
72039
72040
72040
72041
72042
72043
72043
72044
72045
72045
72046
72047
72047
72048
72049
72050
72050
72051
72052
72052
72053
72054
72054
72055
72056
72057
72057
72058
72059
72059
72060
72061
72061
72062
72063
72064
72064
72065
72066
72066
72067
72068
72068
72069
72070
72071
72071
72072
72073
72073
72074
72075
72075
72076
72077
72078
72078
72079
72080
72080
72081
72082
72082
72083
72084
72085
72085
72086
72087
72087
72088
72089
72089
72090
72091
72092
72092
72093
72094
72094
72095
72096
72096
72097
72098
72099
72099
72100
72101
72101
72102
72103
72103
72104
72105
72106
72106
72107
72108
72108
72109
72110
72110
72111
72112
72113
72113
72114
72115
72115
72116
72117
72117
72118
