65738
65738
65739
65740
65740
65741
65742
65743
65743
65744
65745
65745
65746
65747
65747
65748
65749
65750
65750
65751
65752
65752
65753
65754
65754
65755
65756
65757
65757
65758
65759
65759
65760
65761
65761
65762
65763
65764
65764
65765
65766
65766
65767
65768
65768
65769
65770
65771
65771
65772
65773
65773
65774
65775
65775
65776
65777
65778
65778
65779
65780
65780
65781
65782
65782
65783
65784
65785
65785
65786
65787
65787
65788
65789
65789
65790
65791
65792
65792
65793
65794
65794
65795
65796
65796
65797
65798
65799
65799
65800
65801
65801
65802
65803
65803
65804
65805
65806
65806
65807
65808
65808
65809
65810
65810
65811
65812
65813
65813
65814
65815
65815
65816
65817
65817
65818
65819
65820
65820
65821
65822
65822
65823
65824
65824
65825
65826
65827
65827
65828
65829
65829
65830
65831
65831
65832
65833
65834
65834
65835
65836
65836
65837
65838
65838
65839
65840
65841
65841
65842
65843
65843
65844
65845
65845
65846
65847
65848
65848
65849
65850
