76675
76676
76677
76677
76678
76679
76680
76680
76681
76682
76682
76683
76684
76684
76685
76686
76687
76687
76688
76689
76689
76690
76691
76691
76692
76693
76694
76694
76695
76696
76696
76697
76698
76698
76699
76700
76701
76701
76702
76703
76703
76704
76705
76705
76706
76707
76708
76708
76709
76710
76710
76711
76712
76712
76713
76714
76715
76715
76716
76717
76717
76718
76719
76719
76720
76721
76722
76722
76723
76724
76724
76725
76726
76726
76727
76728
76729
76729
76730
76731
76731
76732
76733
76733
76734
76735
76736
76736
76737
76738
76738
76739
76740
76740
76741
76742
76743
76743
76744
76745
76745
76746
76747
76747
76748
76749
76750
76750
76751
76752
76752
76753
76754
76754
76755
76756
76757
76757
76758
76759
76759
76760
76761
76761
76762
76763
76764
76764
76765
76766
76766
76767
76768
76768
76769
76770
76771
76771
76772
76773
76773
76774
76775
76775
76776
76777
76778
76778
76779
76780
76780
76781
76782
76782
76783
76784
76785
76785
76786
76787
76787
76788
76789
76789
76790
76791
76792
76792
76793
76794
76794
76795
76796
76796
76797
76798
76799
76799
76800
76801
76801
76802
76803
76803
76804
76805
76806
76806
76807
76808
76808
76809
76810
76810
76811
76812
76813
76813
76814
76815
76815
76816
76817
76817
76818
76819
76820
76820
76821
76822
76822
76823
76824
76824
76825
76826
76827
76827
76828
76829
76829
76830
76831
76831
76832
76833
76834
76834
76835
76836
76836
76837
76838
76838
76839
76840
76841
76841
76842
76843
76843
76844
76845
76845
76846
76847
76848
76848
76849
76850
76850
76851
76852
76852
76853
76854
76855
76855
76856
76857
76857
76858
76859
76859
76860
76861
76862
76862
76863
76864
76864
76865
76866
76866
76867
76868
76869
76869
76870
76871
76871
76872
76873
76873
76874
76875
76876
76876
76877
76878
76878
76879
76880
76880
76881
76882
76883
76883
76884
76885
76885
76886
76887
76887
76888
76889
76890
76890
76891
76892
76892
76893
76894
76894
76895
76896
76897
76897
76898
76899
76899
76900
76901
76901
76902
76903
76904
76904
76905
76906
76906
76907
76908
76908
76909
76910
76911
76911
76912
76913
76913
76914
76915
76915
76916
76917
76918
76918
76919
76920
76920
76921
76922
76922
76923
76924
76925
76925
76926
76927
76927
76928
76929
76929
76930
76931
76932
76932
76933
76934
76934
76935
76936
76936
76937
76938
76939
76939
76940
76941
76941
76942
76943
76943
76944
76945
76946
76946
76947
76948
76948
76949
76950
76950
76951
76952
76953
76953
76954
76955
76955
76956
76957
76957
76958
76959
76960
76960
76961
76962
76962
76963
76964
76964
76965
76966
76967
76967
76968
76969
76969
76970
76971
76971
76972
76973
76974
76974
76975
76976
76976
76977
76978
76978
76979
76980
76981
76981
76982
76983
76983
76984
76985
76985
76986
76987
76988
76988
76989
76990
76990
76991
76992
76992
76993
76994
76995
76995
76996
76997
76997
76998
76999
76999
77000
77001
77002
77002
77003
77004
77004
77005
77006
77006
77007
77008
77009
77009
77010
77011
77011
77012
77013
77013
77014
77015
77016
77016
77017
77018
77018
77019
77020
77020
77021
77022
77023
77023
77024
77025
77025
77026
77027
77027
77028
77029
77030
77030
77031
77032
77032
77033
77034
77034
77035
77036
77037
77037
77038
77039
77039
77040
77041
77041
77042
77043
77044
77044
77045
77046
77046
77047
77048
77048
77049
77050
77051
77051
77052
77053
77053
77054
77055
77055
77056
77057
77058
77058
77059
77060
77060
77061
77062
77062
77063
77064
77065
77065
77066
77067
77067
77068
77069
77069
77070
77071
77072
77072
77073
77074
77074
77075
77076
77076
77077
77078
77079
77079
77080
77081
77081
77082
77083
77083
77084
77085
77086
77086
77087
77088
77088
77089
77090
77090
77091
77092
77093
77093
77094
77095
77095
77096
77097
77097
77098
77099
77100
77100
77101
77102
77102
77103
