0	0	0.28178	0	0	0	0	0	0	0	0	0	0	0	0	0	0	0	0	0	0	0	0	0	0.31045	0.31755	0	0.582	1.1066	1.0101	0.90355	0.96135	1.027	0.8405	1.1805	0.73628	0.34921	0.38106	0.42974	0.34921	0.44604	0.45323	0.21502	0.19261	0	0	0.31674	0	0	0	0	0	0	0	0	0	0	0	0	0	0	0	0	0	0	0	0	0	0	0	0	0	0	0	0	0	0	0	0	0	0	0	0	0	0	0	0	0	0	0	0	0	0	0	0	0	0	0	0	0	0	0	0	0	0	0	0	0	0	0	0	0	0	0	0	0	0	0	0	0	0	0	0	0	0	0	0	0	0	0	0	0	0	0	0	0	0	0	0	0	0	0	0	0	0	1.2193	0.56097	0.3346	0.29283	0.48051	0.47534	0.43322	0.19884	0.25246	0	0	0	0	0	0	0.25398	0	0	0	0	0	0	0	0	0
0	0.23104	0.56811	0	0	0	0	0	0	0	0	0	0	0	0	0	0	0	0	0	0	0	0	0	0	0.24366	0	0	0.68665	0.96592	0.84459	0.59882	0.58664	0.63985	0.50442	0.80055	1.4335	0.6798	0.73628	0.72209	0.53605	0.32218	0.22293	0.26485	0	0	0	0	0	0	0	0	0	0	0	0	0	0	0	0	0	0	0	0	0	0	0	0	0	0	0	0	0	0	0	0	0	0	0	0	0	0	0	0	0	0	0	0	0	0	0	0	0	0	0	0	0	0	0	0	0	0	0	0	0	0	0	0	0	0	0	0	0	0	0	0	0	0	0	0	0	0	0	0	0	0	0	0	0	0	0	0	0	0	0	0	0.79646	0	0	0	0	0	0	0	0.57895	1.553	0.72249	0.44284	0.45511	0.61957	0.72615	0.37487	0	0	0	0	0	0	0	0	0.44042	0.26961	0	0	0	0	0	0	0	0
0	0	0	0	0	0	0	0	0	0	0	0	0	0	0	0	0	0	0	0	0	0	0	0	0	0	0	0	0	0	0.87787	0.87787	0.77735	1.3095	1.143	1.738	1.143	0.407	0.40923	1.143	0.51786	0.45352	0.23252	0.28667	0	0	0	0	0	0	0	0	0	0	0	0	0	0	0	0	0	0	0	0	0	0	0	0	0	0	0	0	0	0	0	0	0	0	0	0	0	0	0	0	0	0	0	0	0	0	0	0	0	0	0	0	0	0	0	0	0	0	0	0	0	0	0	0	0	0	0	0	0	0	0	0	0	0	0	0	0	0	0	0	0	0	0	0	0	0	0	0	0	0	0	0	0	0	0	0	0	0	0	0.3346	0.69021	0.55508	0.75223	0.56394	0.76364	0.51529	0.40541	0	0	0	0	0	0	0	0	0	0.30862	0.29628	0	0.30914	0	0	0	0	0	0
0.44604	0	0.57021	0.31934	0	0	0	0	0	0	0	0	0	0	0	0	0	0	0	0	0	0	0	0	0	0	0	0	0	0.46582	1.1118	1.2584	0.95484	0.90789	1.2361	0.91662	0.97051	1.0101	0.84459	0.79276	0.43912	0.44868	0.49912	0.35651	0.18103	0.34535	0.29234	0	0	0	0	0	0	0	0	0	0	0	0	0	0	0	0	0	0	0	0	0	0	0	0	0	0	0	0	0	0	0	0	0	0	0	0	0	0	0	0	0	0	0	0	0	0	0	0	0	0	0	0	0	0	0	0	0	0	0	0	0	0	0	0	0	0	0	0	0	0	0	0	0	0	0	0	0	0	0	0	0	0	0	0	0	0	0	0	0	0	0	0	0	0	0	0.23197	0.3987	0.30152	0.44284	0.47792	0.66255	0.93474	0.38555	0.2617	0	0	0	0	0	0	0	0	0	0	0	0	0	0	0	0	0	0	0
0	0	0	0.55863	0	0	0	0	0	0	0	0	0	0	0	0	0	0	0	0	0	0	0	0	0.19881	0.29164	0.26443	0	0	0.65378	0.99373	1.0712	0.61747	0.48609	0.86945	0.92985	1.8012	1.5096	0.81634	0.68722	0.80841	0.69704	0.74736	0.66626	0.51515	0.4415	0.17328	0	0	0	0	0	0	0	0	0	0	0	0	0	0	0	0	0	0	0	0	0	0	0	0	0	0	0	0	0	0	0	0	0	0	0	0	0	0	0	0	0	0	0	0	0	0	0	0	0	0	0	0	0	0	0	0	0	0	0	0	0	0	0	0	0	0	0	0	0	0	0	0	0	0	0	0	0	0	0	0	0	0	0	0	0	0	0	0	0	0	0	0	0	0	0.20898	0.59121	0.65916	0.40317	0.46767	0.70084	0.46767	0.6867	0.39428	0.24058	0.20769	0	0	0	0	0	0	0	0	0	0	0	0	0	0	0	0	0	0
0	0	0	0	0	0	0	0	0	0	0	0	0	0	0	0	0	0	0	0	0	0	0	0	0.27856	0.20743	0.28997	0.25986	0.23895	0.48293	0.66699	1.0031	1.143	0.61433	0.57467	0.9343	1.3648	0.98675	0.72181	0.81184	0.70757	0.52332	0.97297	0.6112	0.52883	0.38106	0	0	0	0	0	0	0	0	0	0	0	0	0	0	0	0	0	0	0	0	0	0	0	0	0	0	0	0	0	0	0	0	0	0	0	0	0	0	0	0	0	0	0	0	0	0	0	0	0	0	0	0	0	0	0	0	0	0	0	0	0	0	0	0	0	0	0	0	0	0	0	0	0	0	0	0	0	0	0	0	0	0	0	0	0	0	0	0	0	0	0	0	0	0.17194	0.21686	0.3987	0.43322	0.46261	0.44771	0.24498	0.31586	0.54925	0.79875	0.64573	0.70799	0.35628	0	0	0	0	0	0	0	0	0	0.24831	0	0	0	0	0	0	0	0
0	0	0	0	0	0	0	0.23909	0	0	0	0	0	0	0	0	0	0	0	0	0.51075	0	0	0	0	0.2037	0	0.21636	0.51279	0.59458	0.69724	0.61747	0.88636	0.70404	0.74736	0.99373	1.1814	1.4463	1.1221	1.0662	0.86945	0.82433	0.39194	0.36657	0.21122	0.23956	0.26597	0.22161	0	0	0	0	0	0.1586	0	0	0	0	0	0	0	0	0	0	0	0	0	0	0	0	0	0	0	0	0	0	0	0	0	0	0	0	0	0	0	0	0	0	0	0	0	0	0	0	0	0	0	0	0	0	0	0	0	0	0	0	0	0	0	0	0	0	0	0	0	0	0	0	0	0	0	0	0	0	0	0	0	0	0	0	0	0	0	0	0	0	0	0	0	0.18323	0.26961	0.39648	0.47277	0.21553	0.21027	0	0	0.38989	0.9123	0.85185	0.4601	0.47021	0.25398	0.21289	0	0	0	0	0	0	0	0	0	0	0	0	0	0	0	0
0	0	0	0	0	0	0	0	0	0	0	0	0	0	0	0	0.17582	0	0	0	0	0	0	0	0.15122	0	0	0.24654	0.32335	0.39175	0.38981	0.55007	1.2643	0.97754	0.7111	1.2023	1.1325	1.3826	0.87787	1.4399	0.99843	1.1325	1.4399	0.37108	0.26954	0.30696	0.3266	0.26443	0	0.30132	0	0	0	0	0	0	0	0	0	0	0	0	0	0	0	0	0	0	0	0	0	0	0	0	0	0	0	0	0	0	0	0	0	0	0	0	0	0	0	0	0	0	0	0	0	0	0	0	0	0	0	0	0	0	0	0	0	0	0	0	0	0	0	0	0	0	0	0	0	0	0	0	0	0	0	0	0	0	0	0	0	0	0	0	0	0	0	0	0.24058	0.21421	0.26961	0.46261	0.24498	0.21955	0.37699	0.45017	0	0.49365	0.40541	0.53204	0	0	0.53773	0	0	0	0	0	0	0	0	0	0	0	0	0	0	0	0	0
0	0	0	0	0	0	0	0	0	0	0	0	0	0	0	0	0	0.4223	0.26221	0	0	0	0	0	0	0	0.37724	0.21897	0.3552	0.45482	0.45722	0.4291	0.96387	0.98439	0.96387	0.64965	0.70054	1.6429	1.911	1.5251	1.2023	1.2023	2.3043	1.1081	0.51245	0.51693	0.44388	0.48609	0	0	0	0	0	0	0	0	0	0	0	0	0	0	0	0	0.1556	0	0	0	0	0	0	0	0	0	0	0	0	0	0	0	0	0	0	0	0	0	0	0	0	0	0	0	0	0	0	0	0	0	0	0	0	0	0	0	0	0	0	0	0	0	0	0	0	0	0	0	0	0	0	0	0	0	0	0	0	0	0	0	0	0	0	0	0	0	0	0	0	0.28772	0.24204	0	0	0	0	0	0.58812	0.55216	0.582	0.46513	0.37487	0	0.37487	0.225	0	0	0	0	0	0	0	0	0	0	0	0	0	0	0	0	0	0
0	0	0	0	0	0	0	0	0	0	0	0	0	0	0	0	0.35326	0.50229	0.41559	0	0	0	0	0	0	0.33028	0.23241	0	0.35132	0.4223	0.60618	0.54263	0.63464	0.70757	0.64637	0.90644	0.856	0.96841	0.85694	1.2023	0.86526	2.0599	3.6184	1.4133	0.80402	0.48095	0.51515	0.34281	0	0	0	0	0	0	0	0	0	0	0	0	0	0	0	0	0.15362	0	0	0	0	0	0	0	0	0	0	0	0	0	0	0	0	0	0	0	0	0	0	0	0	0	0	0	0	0	0	0	0	0	0	0	0	0	0	0	0	0	0	0	0	0	0	0	0	0	0	0	0	0	0	0	0	0	0	0	0	0	0	0	0	0	0	0	0	0	0	0	0.18674	0.27121	0.16228	0	0	0	0	0	0	0	0.32139	0	0.5943	0.49899	0.30328	0	0	0	0	0	0	0	0	0	0	0	0	0	0	0	0	0	0	0
0	0	0	0	0	0	0	0	0	0	0	0	0	0	0	0	0	0	0	0	0	0	0	0	0	0	0	0	0.22831	0.23658	0.73283	0.67028	0.68722	1.0883	1.1221	0.81634	0.79241	0.75472	1.2698	1.6113	1.6286	0.70404	0.6112	0.56583	0.34728	0.23672	0.1836	0	0	0	0	0	0	0	0	0	0	0	0	0	0	0	0	0	0.19284	0	0	0	0	0	0	0	0	0	0	0	0	0	0	0	0	0	0	0	0	0	0	0	0	0	0	0	0	0	0	0	0	0	0	0	0	0	0	0	0	0	0	0	0	0	0	0	0	0	0	0	0	0	0	0	0	0	0	0	0	0	0	0	0	0	0	0	0	0	0	0.16545	0.18792	0	0	0	0	0	0	0	0	0	0	0	0	0.26961	0.3404	0	0	0	0	0	0	0	0	0	0	0	0	0	0	0	0	0	0	0
0	0	0	0	0	0	0	0	0.38873	0.32918	0	0	0	0	0	0	0	0	0	0	0	0	0	0	0	0.26752	0.29667	0.3399	0.22831	0.36307	0.96841	0.89131	0.60364	0.68028	0.74297	0.81184	1.176	1.098	1.7082	1.822	1.2698	0.90214	1.2756	2.0263	0.43441	0.64402	0.47787	0	0.16728	0	0	0	0	0	0	0	0	0	0	0	0	0	0	0	0	0	0	0	0	0	0	0	0	0	0	0	0	0	0	0	0	0	0	0	0	0	0	0	0	0	0	0	0	0	0	0	0	0	0	0	0	0	0	0	0	0	0	0	0	0	0	0	0	0	0	0	0	0	0	0	0	0	0	0	0	0	0	0	0	0	0	0	0	0	0.18911	0	0	0	0	0	0	0	0	0	0	0	0	0	0	0	0	0	0	0	0	0	0	0	0	0	0	0	0	0	0	0	0	0	0	0
0	0	0	0	0	0	0	0	0	0	0	0	0	0	0	0	0	0	0.1824	0	0	0	0	0	0	0	0	0.42148	0.25823	0.26344	0.13418	0.31117	0.77612	0.53662	0.63437	0.48156	0.66971	0.87382	0.52789	1.1224	1.5225	0.55265	0.59452	2.6653	1.4642	0.7413	0.65453	0.40491	0	0	0	0	0	0	0	0	0	0	0	0	0	0	0	0	0	0	0	0	0	0	0	0	0	0	0	0	0	0	0	0	0	0	0	0	0	0	0	0	0	0	0	0	0	0	0	0	0	0	0	0	0	0	0	0	0	0	0	0	0	0	0	0	0	0	0	0	0	0	0	0	0	0	0	0	0	0	0	0	0	0	0	0	0	0	0	0	0	0	0	0	0	0	0	0	0	0	0	0	0	0	0	0	0	0	0	0	0	0	0	0	0	0	0	0	0	0	0	0	0	0
0	0	0	0	0	0	0	0	0	0	0	0	0.42125	0	0	0.6217	0.62063	0	0.30993	0.4304	0.20329	0	0	0	0	0	0	0.45041	0.58339	0.174	0.40259	0.9712	0.46609	0.31246	0.47099	0.51617	0.37884	0.32954	0.53538	0.55667	0.3251	0.57549	1.0883	0.83116	1.2097	1.4598	0.84912	0.44955	0	0	0	0	0	0	0	0	0	0	0	0	0	0	0	0	0	0.17864	0	0.23285	0	0	0	0	0	0	0	0	0	0	0	0	0	0	0	0	0	0	0	0	0	0	0	0	0	0	0	0	0	0	0	0	0	0	0	0	0	0	0	0	0	0	0	0	0	0	0	0	0	0	0	0	0	0	0	0	0	0	0	0	0	0	0	0	0	0	0	0	0	0	0	0	0	0	0	0	0	0	0	0	0	0	0	0	0	0	0	0	0	0	0	0	0	0	0	0	0	0	0	0.56683	0	0
0	0	0	0	0	0	0	0	0.84999	0.72488	0.22661	0	0.41095	0.28568	0	0	0	0	0	0	0.36695	0.85829	0.40876	0	0	0	0	0	0.25371	0.69744	0.94686	1.2391	0.85101	1.0426	0.53497	0.47696	0	0.45263	0.86958	0.99326	0.2571	0.61983	1.5338	1.0868	1.6625	1.3507	1.5764	0.64726	0.24883	0	0	0	0	0	0	0	0	0	0	0	0	0	0	0	0	0	0	0	0	0	0	0	0	0	0	0	0	0	0	0	0	0	0	0	0	0	0	0	0	0	0	0	0	0	0	0	0	0	0	0	0	0	0	0	0	0	0	0	0	0	0	0	0	0	0	0	0	0	0	0	0	0	0	0	0	0	0	0	0	0	0	0	0	0	0	0	0	0	0	0	0	0	0	0	0	0	0	0	0	0	0	0	0	0	0	0	0	0	0	0	0	0	0	0	0.673	0	0.6214	0.59896	0	0.70127
0	0	0	0	0	0	0	0	0	0	0	0	0	0	0	0	0	0	0	0	0	0.54182	0	0	0	0	0	0	0.19945	0.38922	0.41519	0.43895	0.44754	0.52346	0.29075	0	0.77428	1.2004	1.5668	1.1396	0.44054	0.39346	1.1236	0.96387	1.1373	2.3174	1.5046	0.38203	0.21454	0.21579	0	0	0	0	0	0	0	0	0	0	0	0	0.24883	0	0.25117	0.24883	0	0	0	0	0	0	0	0	0	0	0	0	0	0	0	0	0	0	0	0	0	0	0	0	0	0	0	0	0	0	0	0	0	0	0	0	0	0	0	0	0	0	0	0	0	0	0	0	0	0	0	0	0	0	0	0	0	0	0	0	0	0	0	0	0	0	0	0	0	0	0	0	0	0	0	0	0	0	0	0	0	0	0	0	0	0	0	0	0	0	0	0	0	0	0	0	0	0	0.45313	0.91286	1.1019	0	0.78789	0.71677
0	0	0	0	0	0	0	0	0	0	0	0	0	0	0	0	0	0	0	0	0	0	0	0	0	0	0	0	0	0.41019	0.42548	0.18427	0.84177	0.53346	0.57113	0.28854	0.63955	0.3954	0.67013	0.74361	1.0129	0.68535	1.2625	3.5693	1.1187	2.9525	1.3462	0.26753	0.1919	0.44125	0.43258	0	0	0	0	0	0	0	0	0	0	0	0.29513	0.28519	0.33669	0.26205	0.21926	0.19931	0	0	0	0	0	0	0	0	0	0	0	0	0	0	0	0	0	0	0	0	0	0	0	0	0	0	0	0	0	0	0	0	0	0	0	0	0	0	0	0	0	0	0	0	0	0	0	0	0	0	0	0	0	0	0	0	0	0	0	0	0	0.17404	0.23519	0.23411	0	0	0	0	0	0	0	0	0	0	0	0	0	0	0	0	0	0	0	0	0	0	0	0	0	0	0	0	0	0.4914	0.64271	1.2716	0.97003	0	1.6802	0.58367	0.60713	0.40483
0.78171	0.56475	0.3731	1.0055	1.0963	0.26938	0	0	0	0.60413	0.69755	0	0	0	0	0	0	0	0	0	0	0	0	0	0	0	0	0	0	0.20092	2.441	0.6534	0.46745	0.58061	0.52276	0	0	0	0	0	0	0.61115	1.7846	1.2514	0.86739	4.3466	0.66562	0.60361	0.29568	0	0	0	0	0	0	0	0	0	0	0	0	0	0	0.82508	0.29662	0.71157	0	0.20197	0.25382	0.37151	0.22222	0	0	0	0	0	0	0	0	0	0	0	0	0	0	0	0	0	0	0	0	0	0	0	0	0	0	0	0	0	0	0	0	0	0	0	0	0	0	0	0	0	0	0	0	0	0	0	0	0	0	0	0	0	0	0	0.15611	0.21857	0.39327	0.2673	0.3029	0.20641	0.19806	0	0	0	0	0	0	0	0	0	0	0	0	0	0	0	0	0	0	0	0	0	0	0.54761	0.59097	0	0.59078	0.58646	0.4812	0.97535	1.0834	0.79898	1.2306	1.4141	2.1996	1.8705	1.9346	1.2654
0.79366	0.99397	1.5068	0.82508	0.16594	0.37146	0.61642	2.585	0.74396	0.46316	0	0	0	0	0	0	0	0	0	0	0	0	0	0	0	0	0	0	0.18975	0.19406	0.65207	0.67742	0.39259	0.36951	0	0	0	0	0	0.30485	0.6801	0.99527	1.7144	0.83305	4.2897	2.7205	0.93746	0.32125	0.38573	0.36244	0	0	0	0	0	0	0	0	0	0	0	0	0	0.14063	0.37419	0.40749	0.3446	0.32462	0.50741	0.55316	0.22514	0.021708	0	0	0	0	0	0	0	0	0	0	0	0	0	0	0	0	0	0	0	0	0	0	0	0	0	0	0	0	0	0	0	0	0	0	0	0	0	0	0	0	0	0	0	0	0	0	0.65233	0	0	0	0	0	0	0.097754	0.2238	0.26387	0.33946	0.18523	0.41521	0.30291	0.34583	0.32498	0.52506	0	0	0	0	0	0	0	0	0	0	0	0	0	0	0	0	0	0	0	0	0	1.0007	0.67788	0.87892	1.2183	1.4823	1.2711	0.54771	0.8964	1.0301	2.5887	2.4161	1.5391	2.8199	0.49974
0.40918	0.32554	1.6865	0.33906	0.57946	0.37459	0.53392	0.28825	0	0	0	0.21762	0	0	0	0	0	0	0	0	0	0	0	0	0	0	0	0	0	0	0	0	0.1929	0.26525	0.2165	0	0	0	0	0	0	0	0.31686	1.1295	2.2221	5.7174	2.2442	0.49977	0.29573	0	0	0	0	0	0	0	0	0	0	0	0	0	0.21469	0.4154	0.33991	0.23624	0	0	0	0	0	0	0	0	0	0	0	0	0	0	0	0	0	0	0	0	0	0	0	0	0	0	0	0	0	0	0	0	0	0	0	0	0	0	0	0	0	0	0	0	0	0	0	0	0	0	0	0	0	0	0	0	0	0.15308	0.47208	1.4561	0.72129	0.53817	0.66456	0.39566	0.4593	0.41118	0.53015	0.35798	0	0	0	0	0	0	0	0	0	0	0	0	0	0	0	0	0	0	0	0	0	0	0.64475	0.5673	0.4731	1.0301	1.3964	1.186	1.019	0.84991	1.8304	1.7345	1.7545	1.7767	1.776	2.2182
1.1195	0.50964	0.60057	0.25678	0.19571	0.14186	0	0	0	0	0	0	0	0	0.53159	0	0	0	0	0	0	0	0	0	0	0	0	0	0	0	0	0	0	0	0	0.15047	0.154	0.3166	0.20741	0	0	0	0.66179	2.0729	5.3641	3.28	7.2681	2.297	0.29662	0	0	0	0	0	0	0	0	0	0	0	0	0	0	0.64316	0.92144	0.49543	0	0	0	0	0	0	0	0	0	0	0	0	0	0	0	0	0	0	0	0	0	0	0	0	0	0	0	0	0	0	0	0	0	0	0	0	0	0	0	0	0	0	0	0	0	0	0	0	0	0	0	0	0	0	0	0	0.50907	0.58076	1.2137	1.5564	0.6774	0.30627	0.40071	0.43095	0.42288	0.30271	0	0	0	0	0	0	0	0	0	0	0	0	0	0	0	0	0	0	0	0	0	0	0	0.28001	0.19316	0.60245	0.61059	1.1657	0.9554	1.2253	1.2954	1.4526	1.9113	2.0647	1.7055	2.2665	3.7528	3.9111
3.6415	1.9671	1.4419	1.1459	0.92858	0.40254	0.43177	0	0	0	0	0	0	0	0.55097	0	0	0	0	0	0	0	0	0	0	0	0	0	0	0	0	0	0	0	0	0.284	0.304	0.30086	0.29513	0	0	0	0	0.28381	1.9294	0.94774	6.7738	5.7205	0.46887	0	0	0	0	0	0	0	0	0	0	0	0	0	0	0.56265	0.41259	0.59526	0	0	0	0	0	0	0	0	0	0	0	0	0	0	0	0	0	0	0	0	0	0	0	0	0	0	0	0	0	0	0	0	0	0	0	0	0	0	0	0	0	0	0	0	0	0	0	0	0	0	0	0	0	0	0	0.33031	0.65329	1.2637	1.441	0.83597	0.62394	0.37004	0.42784	0.37054	0.22073	0.24071	0	0	0	0	0	0	0	0	0	0	0	0	0	0	0	0	0	0	0	0	0	0.30261	0.30513	0.33932	0.23624	0.76187	0.99764	1.3434	1	1.4809	1.0027	1.4415	1.74	3.312	2.0126	3.7303	3.1379	2.7288
1.3163	1.2625	2.0242	3.1785	2.7822	1.2465	0.63161	0.14234	0	0	0	0	0	0	0	0	0	0	0	0	0	0	0	0	0	0	0	0	0	0	0	0	0	0	0.18081	0.21635	0.36718	0.48099	0.35053	0.45263	0	0	0	0	1.0999	1.1597	11.242	7.864	0.98006	0	0	0	0	0	0	0	0	0	0	0	0	0	0	0.33594	0.56945	0.87207	0	0	0	0	0	0	0	0	0	0	0	0	0	0	0	0	0	0	0	0	0	0	0	0	0	0	0	0	0	0	0	0	0	0	0	0	0	0	0	0	0	0	0	0	0	0	0	0	0	0	0	0	0	0	0.20424	0.54849	0.67533	0.75441	1.1441	0.58122	0.39984	0.32679	0.37123	0.3423	0.40648	0.32915	0.34703	0.16895	0	0	0	0	0	0	0	0	0	0	0	0	0	0	0	0	0.2019	0.41241	0.5686	0.59727	0.46412	0.1993	0.34452	1.0126	0.97337	1.4952	0.99719	2.0376	1.4358	1.2948	1.1882	1.9164	3.4204	2.189	3.6575	2.8663
1.6168	0.57674	1.3222	2.8646	3.2839	1.2007	1.9715	0.86886	0.26818	0	0	0	0	0	0	0	0	0	0	0	0	0	0	0	0	0	0	0	0	0	0	0	0	0	0	0	0.21258	0.4086	0.62791	0.52565	0.25539	0	0	0	0.57043	0.79174	7.858	12.388	0.4569	0	0	0	0	0	0	0	0	0	0	0	0	0	0.21731	0.62752	0.51982	0.24554	0	0	0	0	0	0	0	0	0	0	0	0	0	0	0	0	0	0	0	0	0	0	0	0	0	0	0	0	0	0	0	0	0	0	0	0	0	0	0	0	0	0	0	0	0	0	0	0	0	0	0	0.18714	0.6035	0.84454	0.27652	0.5104	0.58339	0.81002	0.94115	0.48812	0.38342	0.36487	0.25792	0.22236	0.22615	0.25048	0	0	0	0.18942	0	0	0	0	0	0	0	0	0	0	0	0.18455	0.37184	0.35452	0.39673	0.84394	0.57664	0.60179	0.38622	0.41034	0.47378	0.63899	1.7134	1.2101	1.1424	1.1563	1.4661	1.6715	2.3453	2.0604	2.7388	2.5206	2.6427	2.7101
0.59006	0	2.3556	3.7202	1.0062	1.8772	1.1154	0.28239	0.20849	0	0	0	0	0	0	0	0	0	0	0	0	0	0	0	0	0	0	0	0	0	0	0	0	0	0	0	0	0.31047	0.23952	0.33652	0.36849	0.23272	0	0	0.47587	0.54807	3.934	13.682	1.138	0	0	0	0	0	0	0	0	0	0	0	0	0	0.2261	0.35205	0.47616	0	0	0	0	0	0	0	0	0	0	0	0	0	0	0	0	0	0	0	0	0	0	0	0.19118	0	0	0	0	0	0	0	0	0	0	0	0	0	0	0	0	0	0	0	0	0	0	0	0	0	0	0	0	1.0448	2.5591	1.7986	0.48994	0.49656	0.73628	0.91879	0.69783	0.73549	0.24141	0.37961	0.25127	0.24834	0.20567	0	0	0	0	0.29543	0	0	0	0	0	0	0	0	0	0	0.24011	0.46748	0.35944	0.97337	1.0282	0.98537	0.83088	0.5552	0.54736	0.82072	0.63515	0.50464	0.66598	0.63562	0.99527	1.1909	1.5407	0.98798	1.8149	2.7382	2.8347	2.8661	1.5669	1.9328
1.861	1.6925	2.1239	1.352	0.27748	0.42285	0.30531	0.23828	0	0	0	0	0	0	0	0	0	0	0	0	0	0	0	0	0	0	0	0	0	0	0	0	0	0	0	0	0	0.25214	0.21579	0.40644	0.42288	0.52857	0	0	0	0.56334	0.67171	10.468	0.7091	0	0	0	0	0	0	0	0	0	0	0	0	0.24091	0.30355	0.94585	0.40395	0	0	0	0	0	0	0	0	0	0.20468	0.21561	0	0	0	0	0	0	0	0	0	0	0.2551	0.21137	0.36487	0.2673	0.29364	0.35679	0	0	0	0	0	0	0	0	0	0.20494	0.23911	0	0	0	0	0	0	0	0	0.39755	0.33857	0.72294	0.36668	0	0	0.54292	1.0741	1.1338	1.649	1.7285	0.74742	0.50055	0.56564	0.29767	0.20355	0.2075	0.20494	0.27245	0.31186	0.32669	0.22695	0.3183	0.2439	0.31446	0	0	0	0	0	0	0	0	0	0	0.46766	0.41972	0.66085	0.62447	0.77063	1.5451	0.59375	0.77397	0.67267	1.0863	1.1236	1.1779	1.142	0.93007	0.74742	1.0532	0.78957	0.93715	1.0724	2.1776	1.9688	1.4615	1.8975	2.0319
0.69493	1.184	0.67677	0.73352	0	0	0	0	0	0.48474	0.56874	0	0	0	0	0	0	0	0	0	0	0	0	0	0	0	0	0	0	0	0	0	0	0	0	0	0	0	0	0.18924	0.18661	0.51582	0.29132	0	0	0.52487	4.2537	9.0631	1.6864	0	0	0	0	0	0	0	0	0	0	0	0.24528	1.0562	1.1875	1.189	0.26443	0	0	0	0	0	0	0	0	0.37232	0.47493	0.49061	0.17095	0.34796	0	0	0	0	0.25427	0.34207	0	0.36627	0.59464	0.35394	0.58935	0.39602	0.28624	0.38518	0	0	0	0	0	0	0	0.61957	0.49584	0.96038	0.81563	0	0	0	0	0	0	0.32399	0.98559	0.61966	0.71853	0.51042	1.1498	0.36836	0	0.19944	0.55809	1.319	1.4642	1.3589	0.35923	0.28286	0.29393	0.39327	0.41254	0.43256	0.47715	0.50297	0.44297	0.59464	0.50976	0.53497	0.25013	0	0	0	0.5796	0	0	0	0	0	0	0	0	0.33385	0.50611	0.31896	0.56229	1.1653	0.90221	0.33846	0.42921	0.54117	1.1262	1.3938	0.66696	0.70859	0.48742	1.0253	0.51884	0.7125	1.359	1.5182	2.0833	1.7961	2.5852	3.7155
0	0	0.71878	0.23278	0	0	0	0	0	0	0	0	0	0	0	0	0	0	0	0	0	0	0.21179	0	0	0	0	0	0	0	0	0	0	0	0	0	0	0	0	0	0	0.29098	0	0	0	0.57969	2.4001	5.204	1.2509	0.23285	0	0	0	0	0	0	0	0	0	0	0	1.1714	1.0426	2.2833	0.83326	0.76748	0	0	0	0	0	0	1.0478	1.3797	0.62911	0.5933	0.60999	0.59368	0.54314	0	0	0.2926	0.29132	0.71286	0.4543	0.79728	0.84996	0.59429	1.1867	0.59982	0.33232	0.47721	0.45405	0.34396	0	0.19068	0	0	0.20631	0.53638	1.4104	1.1062	1.7758	1.028	1.5013	0.31246	0	0	0	0.2439	0	0.28571	0.35223	0.60707	1.4042	0.28385	0.20052	0	0.34369	0.85723	0.60854	1.2058	0.47586	0.39276	0.36911	0.36442	0.42529	0.61	1.0168	0.65139	0.64962	0.48225	0.69079	0.3432	0.33527	0	0	0.27785	0	0	0	0	0	0	0	0	0	0.26929	0.54004	0.25771	0.42879	0.58205	0.23688	0.51478	0.64158	0.43159	1.1039	0.90274	0.79526	1.0835	0.48293	0.65805	0.60061	0.45951	0.79963	1.2985	1.0468	1.8624	2.4344	2.4353
0.64158	0.61008	1.685	0.92278	0	0	0	0	0	0	0	0	0	0	0	0	0	0	0.35979	0.39599	0	0.12098	0	0	0	0	0	0	0	0	0	0	0	0	0	0	0	0	0	0	0	0.58689	0.51971	0	0	0.36718	0.79524	5.6317	0.93402	0.2344	0	0	0	0	0	0	0	0	0	0	0	0.94907	2.269	2.9879	1.6671	1.069	0.27287	0	0.20373	0.075057	0.21743	0.46552	0.34424	1.3271	0.67326	0.76679	0.63367	1.7387	0.94265	0.58349	0.35427	0.31896	0.54771	0.80475	0.85829	0.56962	0.25995	0.26641	0.29932	0.19732	0.2596	0.15948	0.27355	0.3698	0.2115	0.11884	0	0	0	0.476	0.7073	0.36163	0.38882	0.61939	1.9758	2.152	0.63562	0.38405	0	0	0	0	0	0	0.25177	0.31052	0	0	0.41469	0.93033	0.50782	0.5527	0.43888	0.63428	0.2869	0.31398	0.65488	0.56541	0.68098	0.69493	0.68443	0.90195	0.26251	0.40087	0.3295	0	0	0	0	0	0	0	0	0	0	0	0	0	0.19868	0.41521	0.40791	0.49183	0	0.4108	0.50667	0.46336	0.54618	1.3183	0.93053	0.89752	1.0486	1.5133	0.69571	0.78059	2.1514	1.5742	1.6099	1.1954	1.8018	1.9955
1.1212	0.94534	1.0136	1.792	0.62488	0	0	0	0	0	0	0	0	0	0	0	0	0	0.21323	0	0	1.1033	0	0	0	0	0	0	0	0	0	0	0	0	0	0	0	0	0	0	0	0.34863	0.32458	0.33525	0	0.25882	0.60764	6.9156	1.352	0.40228	0	0	0	0	0	0	0	0	0	0	0.20329	2.0878	3.0453	2.1208	1.0364	0.4646	1.122	1.3727	0.31941	0.32145	1.417	1.8498	2.5713	1.3265	1.1928	1.0961	3.3967	4.4491	0.68954	0.64914	0.48471	0.73955	0.53435	0.7777	0.62035	0.4344	0.3969	0.37585	0.61735	0.73753	0.38393	0.7521	0.53117	0.63431	0.76474	0.96038	0.68878	0.68984	0.79479	0.3844	0.23123	0	0	0	0.68376	2.5634	2.6314	0.66367	0	0	0	0	0	0	0.14257	0.66696	0.86116	0.79125	0.7593	0.75471	0.4931	0.40711	0.4138	0.52254	0.68604	0.69466	0.76234	1.2357	1.0426	0.62653	0.60713	0.69277	0.85657	0.57485	0	0.82794	0	1.3498	0	0	0	0	0	0	0	0	0	0	0	0.54565	0.80752	0	0	0	0	0	0.36127	0	0.49062	0.67736	0.6915	1.3905	0.65646	0.98643	1.6291	2.5387	2.26	1.519	1.984	2.3184
0.67241	0.15936	0.78816	1.4498	1.5692	0.66179	0	0	0	0	0	0	0	0	0	0	0	0	0	0	0	0.33196	0	0	0	0	0	0	0	0	0	0	0	0	0	0	0	0	0.29513	0.32118	0.23612	0.29164	0.50442	0.52943	0	0	2.2195	6.3067	1.6509	0	0	0	0	0	0	0	0	0	0	0	0.23473	0.45618	1.005	1.0879	1.2674	0.48393	1.7893	1.718	0.75471	2.4083	2.8398	3.9652	4.2636	5.0231	2.5579	3.3892	1.6338	2.5883	0.49498	1.0396	0.63782	0.40711	0.69374	0.33426	0.35452	0.32956	0.57111	0.17114	0.21384	0.64126	0.87952	0.78832	0.74243	0.87574	0.47267	0.49988	0.50146	0.37968	0.21779	0.20998	0	0	0	0	0	0	0.42481	0	0	0	0	0	0	0	0	0.57808	0.40678	0.26976	0.61264	0.36989	0.41607	0.35659	0.77422	0.65414	0.81578	1.0287	0.72233	0.62068	1.2436	0.72615	0.96144	0.65092	0.67199	0.75816	0.4149	0.67606	0	0	0	0	0	0	0.43591	0.42613	0	0	0	0	0.34684	0.37876	0.244	0	0	0	0	0	0	0	0	0.8291	0.69382	1.469	0.90489	1.2548	2.5164	2.1776	3.1594	1.4487	1.522	2.4796
0	0.20052	1.0168	0.40275	0.59045	0.39258	0	0	0	0	0	0	0	0	0	0	0	0	0	0	0	0	0	0	0	0	0	0	0	0	0	0	0	0	0	0	0	0	0.59918	0.31265	0.61368	0.41222	0.78161	0.78201	0.47148	0.66415	8.3131	8.2888	0.64572	0	0	0	0	0	0	0	0	0	0	0.62501	0.76509	0.56519	0.37043	0.77306	0.57217	0.9777	2.0611	3.6801	4.1869	5.4801	2.8234	4.4649	3.8025	4.2176	3.8747	2.419	5.2375	6.8072	2.6712	1.2948	0.34285	1.0833	0.3854	0	0.1025	0.52565	0.68371	0.68502	0.50452	0.75471	0.6604	0.44398	0.55032	0.61054	0.56229	0.25911	0.34703	0.36469	0	0	0	0	0	0	0	0	0	0	0	0	0	0.48126	0.36999	0	0	0.4138	0.53036	0.47791	0.66141	0.75601	0.98537	0.86091	0.86174	0.7734	1.0185	1.1947	0.76959	0.69722	1.0331	1.1552	0.7734	0.64218	1.0495	0.86507	1.2973	0.91815	0.66182	0.94971	0.99793	0.5726	0	0	0	0	0	0	0.53558	0.64234	0.97436	1.0392	1.0724	0	0.5065	0	0	0	0	0	0.51805	0.71497	0.8576	0.98843	1.3036	1.0112	2.7284	1.9861	1.1266	3.0711	1.5743	1.8176
0	0	0.35679	0.35311	0.19554	0	0	0	0	0	0	0	0	0	0	0	0	0	0	0.26236	0	0	0	0	0	0	0	0	0	0	0	0	0	0	0	0	0	0	0.2375	0.17437	0.55098	0.24509	1.0031	0.47872	0.8156	0	3.8244	3.6044	0	0	0	0	0	0	0	0	0	0	0.19868	0.98556	0	0	0	0	0.85428	0.54126	2.0274	1.7037	2.0387	4.693	2.2732	2.5775	2.1883	1.8329	2.1207	1.0676	1.6983	3.508	1.241	0.48328	0.46221	0.69754	0.51574	0.6373	0.54762	0.35796	0.87647	0.44271	0.37973	0.45675	0.43071	0.88796	0.50583	0.89311	0.53163	0.19944	0	0	0.29683	0	0	0	0	0	0	0	0	0	0.50511	0	0.20567	0.73714	0.32188	0.83541	0.32669	0	0	0.58162	0.71672	1.8127	1.1928	1.1695	0.9554	0.64297	0.73451	0.69268	1.0015	1.4078	1.7261	0.86037	0.62098	0.89511	1.0478	0.97963	1.4385	1.1678	1.17	1.2788	1.0114	0.61514	0.53919	0.5856	0.73531	0	0.49543	0.5409	0.758	0.51648	0.64709	0.57406	0.82305	0.49878	0.56915	0.85414	1.0145	0	0	0.81188	0.63105	0.92806	0.70742	0.87729	0.87574	1.2784	0.90405	1.0352	0.9583	2.4127	1.0249	2.2957
0	0	0	0	0	0.91072	0.43703	0.27719	0.70859	0	0.19642	0	0	0	0	0	0	0	0	0	0	0	0	0	0.18584	0.22521	0	0	0	0	0	0	0	0	0	0	0	0	0.18494	0.5576	0.41093	0.2055	0.66245	0.68869	0.56097	0	0.90184	0.32921	0	0	0	0	0	0	0	0	0	0.57111	0.46878	0.39886	0.62174	0.22786	0	0	0.70404	0.78076	0.64965	1.8503	1.2024	2.7748	1.979	0.87668	1.3486	1.7234	0.97821	1.1735	1.2494	1.4994	0.804	0.90847	0.96256	0	0.63963	0.81691	0.58612	0.31275	0.47956	0.61006	0.42794	0.29114	0.45586	0.49061	0.43817	0.29849	0	0	0	0	0	0	0	0	0	0	0	0	0	0	0	0	0.65155	0.77588	0.82725	0.74153	0.73767	0.75497	0.24576	0.24915	1.0918	1.2343	0.87938	0.97126	0.95171	1.1394	0.95536	0.52881	0.89807	0.58339	1.076	1.366	1.7312	0.97753	0.73883	0.59956	0.77537	0.89427	1.129	0.83298	1.1177	0.99575	1.0376	1.0501	1.1066	0.75997	0.5744	1.1132	0.80495	0.69869	0.65452	0.61313	0.5619	0.56057	0.66039	0.72038	0.72038	0.70703	0.47175	0.60574	0.58294	0.71984	0.48259	0.86888	1.1014	1.0327	1.3754	1.5436	1.5179	1.6632	1.6323	1.4361
0	0	0	0	0	0	0	0	0.29126	0.26405	0.34424	0	0.27584	0	0	0	0	0	0	0	0	0	0	0.52016	0.37231	0.29875	0	0	0	0	0	0	0	0	0	0	0	0	0.20086	0.32926	0.32424	0.52581	0.87866	0.82471	0	0	0	0	0	0	0	0	0	0	0	0	0	0.42437	0.93715	0.78804	0.58339	0.23753	0	0.45133	0.80752	0.43664	0.71091	1.0509	0.76772	1.4351	0.91079	0.69052	0.70598	0.75794	1.5582	1.4442	0.92751	1.0452	0.94774	0	0.46427	0.94774	0.72103	0.72956	0.50974	0.50628	0.59458	0.55278	0.29073	0.27211	0	0.29114	0.3399	0	0	0	0	0	0	0	0	0	0	0	0	0	0	0	0.42539	0.42481	0.7597	0.67788	0.98742	1.311	1.0155	0.69407	0.6356	0.59875	0.65356	0.80663	0.81224	0.76192	0.65574	0.97033	0.65485	0.8782	0.68824	0.78347	1.1698	1.1147	1.1237	0.87734	0.51024	0.74112	0.65796	0.85233	0.8865	1.4521	0.6941	1.0439	0.70199	0.83992	0.46021	0.7314	0.73306	0.74583	0.93843	0.44356	0.71797	0.65764	0.49477	0	0.64631	0.49667	0.81888	0.59153	0.93524	0.7526	0.77076	0.57329	0.725	0.79363	0.94115	1.0028	1.4379	1.5779	1.3232	1.4712	1.2885	1.0391
0	0	0	0	0	0	0	0	0	0	0	0	0	0	0	0	0	0	0	0	0.24229	0.30018	0.09482	0.9064	0	0	0	0	0	0	0	0	0	0	0	0	0	0	0	0.43818	0.34692	0.39344	0.47587	0.45614	0.92981	0	0	0	0	0	0	0	0	0	0	0	0	0.50672	0.87049	0.43557	0.38053	0.33506	0	0.1187	0.7447	1.2784	1.0306	0.4612	0.44421	0.50348	0.44559	1.1002	1.2166	0.93342	1.149	1.1295	0.6111	1.1739	0.4852	0	0.80346	1.1678	0.53869	0.42506	0.71961	0.446	0.77795	0.55397	0.23411	0	0	0	0	0	0	0	0	0	0	0	0	0	0	0	0	0	0	0.48126	0.61611	0.6214	0.80952	0.69481	0.78171	0.5243	0.88464	0.44797	0.52535	0.60378	0.62272	0	0.50046	0.63688	0.63346	0.90815	0.74689	1.069	0.64421	1.0203	1.35	0.88392	0.90157	0.95841	1.0716	0.68417	0.84218	1.2291	0.71962	1.3559	0.96295	0.80009	0.62721	0.90948	0.60794	0.51437	1.1039	0.82984	0.84359	0.61313	0	0	0	0	0.59727	0	0	0.90104	0.74811	0.78548	0.77846	0.6026	0.90571	0.86155	0.61763	1.1582	1.3011	1.7905	1.7267	1.7329	1.3027	2.2064
0	0	0	0	0.33434	0	0	0	0	0	0	0	0	0	0	0	0	0	0	0	0.38183	0.61943	0.29236	0.39266	0	0.38375	0	0	0	0	0	0	0	0	0	0	0	0	0.35306	0.22514	0.51762	0.56877	0.75914	0.44723	0.66336	0	0	0	0	0	0	0	0	0	0	0	0.23435	0.773	1.0048	1.1839	0.48165	0.71847	0.50702	1.2549	0.42275	0	0.74015	0.68271	0.64483	1.1954	0	0	0.45332	0.84132	0.8505	0.53659	0.6639	0.68514	0.5503	0.2792	0.3844	0.32366	0.98579	1.044	0.6176	0.61062	0.39837	0.37506	0	0	0	0	0	0	0	0	0	0	0	0	0	0	0	0	0	0	0.53817	0.36016	0.45997	0.35138	0.55851	0.5135	0.90571	0.46872	0.70018	0.24256	0.30891	0	0	0.41951	0.60574	0.47175	0.64266	0.83002	0.90778	1.0545	0.6999	0.98922	0.87231	0.74377	0.90778	0.55517	0.26547	0.30732	1.0059	0.36095	0.88717	0.55224	0.73023	0	0.8423	0.37577	0.92985	0.96645	0.93926	0.97102	1.1076	0.71657	0.50481	0	0	0	0	0	0	0.87756	0.89505	0.99928	0.57803	0	0.42682	1.1216	1.0564	1.5055	1.2951	1.3195	1.4432	2.4106	1.3824	1.3137
0	0	0	0	0	0.51075	0	0	0	0	0	0	0	0	0	0	0	0	0	0	0.16416	0	0.95484	0	0	0	0	0	0	0	0	0	0	0	0	0	0	0	0.2355	0.28285	0.93422	0.60364	0	0.72864	0.45722	0	0	0	0	0	0.48071	0.36863	0	0	0	0	0	0.99049	1.3952	1.4015	0.76748	1.1262	0.92571	0.71521	0	0	0.46767	0.83934	0.63582	0.44771	0.53773	0.88597	1.2364	1.3249	1.5179	1.0742	0.78298	0.65242	0.54925	0.59741	0.65916	0.70084	1.1262	1.0793	0.54059	0.59741	0.57592	0.31404	0.20898	0.2435	0	0	0	0	0	0	0	0	0	0	0	0	0	0	0	0	1.8591	1.1475	1.1475	0.71884	0.49365	0.70799	0.50167	0.68321	0.75602	0.59741	0.42613	0.49631	0	0.69374	1.5661	1.3128	0.98574	1.044	1.0641	1.1209	1.364	1.059	1.1475	1.0793	0.99526	0.95303	0.85185	0.69728	0.69728	1.1262	1.1529	1.3371	0	0.9123	0.68321	0.89905	1.1529	0.75982	1.63	1.7338	1.9579	1.6957	1.2137	1.0896	0.69374	0	0	0	0.56097	0.52083	0.64573	0.83934	0.77133	0.69728	0.75602	0.84349	1.2193	1.7721	1.7799	1.5315	1.5315	2.2339	2.6059	1.7031
0	0	0	0	0	0	0	0	0	0	0	0	0	0	0	0	0	0	0	0	0	0	0	0	0	0	0	0	0	0	0	0	0	0	0	0	0	0	0	0.33062	0.45005	1.0686	0	0	0.41782	0	0	0	0	0	0	0	0	0	0	0	0	0.25398	0.39648	0.63819	0.99526	1.3995	0.97161	0.44284	0	0	0	0.33078	0.30152	0.63254	0.5699	0.63582	0.99526	0.44042	0.67841	0.47534	0.71159	0.35426	0.39648	0.50709	0.71521	0.82406	0.84349	0.70441	0.80674	0.36444	0.46261	0.24204	0.31954	0.19884	0.17978	0	0	0	0	0	0	0	0	0	0	0	0	0	0	0	0.40767	0.76748	1.1475	0.70441	0.51805	0.69728	0.70084	0.7752	0.69728	0.3987	0.46767	0	0	0.57592	0.76748	0.71884	0.89905	0.71521	0.64241	0.98574	1.0691	1.1475	1.0742	0.90787	2.0612	1.3249	1.9412	1.1475	0.9123	0.76748	0.64573	0.89528	0.9123	1.0641	1.059	0.7752	0.5699	0	0	0.59741	0.41222	0.38772	0.582	0.63582	0	0.63911	0	0.58505	0	0.83521	0.84349	0.77908	0.57291	0.83934	0.84349	0.98574	1.7414	1.1475	1.8098	0.89528	0.5699	1.6018	1.1529	1.331
0	0	0	0	0	0	0	0	0	0	0	0	0	0	0	0	0	0	0	0	0	0	0	0	0	0	0	0	0	0	0	0	0	0	0	0	0	0	0	0.36865	0	0	0.46065	0	0.44878	0.40815	0.70296	0	0	0	0	0	0	0	0	0	0.85279	0.19884	0.82699	0.88597	0.46513	0.64573	0.66255	0.76748	0.26484	0	0	0	0.47021	0.70441	0.34431	0.44527	0.54346	0.53773	0	0	0.39648	0.44284	0.81479	0.70441	0.71521	0.81884	0.75223	0.9763	0.65242	0.54925	0.69374	0.5943	0.32325	0.18792	0.17639	0	0	0	0	0	0	0	0	0	0	0	0	0	0	0	0	0.62279	0	1.1529	0.93022	1.4058	1.3249	1.5801	0.56394	0.3834	0.43801	0.53204	0.42613	0	0.38555	0.93022	0.86877	0.74096	0.67626	0.86877	0.93474	1.0742	1.3128	0.86877	0.80274	0.95303	0.93474	1.2479	1.1475	0.7447	0.73164	0	0.57895	0	0.52641	0.74096	1.0742	0.81075	0	0	0	0.38125	0.57592	0.63254	0.58505	0.48051	0.73723	0.92571	1.0483	0.6867	0.41913	0.68321	0.67973	0.68321	0.47792	0.61637	0.86451	1.1692	1.1584	0.93474	0.99029	1.3189	1.2307	1.217
0	0	0	0	0	0	0	0	0	0	0	0	0	0	0	0	0	0	0	0	0	0	0	0	0	0	0	0	0	0	0	0	0	0	0	0	0	0	0	0	0	0.55666	0.43138	0	0.70411	0.66368	0	0	0	0	0	0	0	0	0	0	0.18674	0.16976	0.60054	0.75602	0.48836	0.17751	0	0.60054	0.34826	0.52922	0.36034	0.36651	0.53773	0.47792	0.3834	0.30505	0.38772	0.69374	0.58505	0.49365	0.66596	0.35426	0.71884	0.69022	0.86877	0.8229	0.74846	0.81075	0.68321	0.37487	0.63582	0.63582	0.17527	0.29976	0.17751	0.16867	0	0	0	0	0	0	0	0	0	0	0	0	0	0	0	0	0	0.79084	1.6591	1.5731	1.3618	0.65916	1.2307	0.38555	0.45017	0.15917	0.28603	0.26014	0.46513	0.66938	0.97161	0.63254	0.85605	0.85605	0.64573	0.73723	1.3868	0.8229	0.94843	0.82699	0.54346	0.73352	0.44042	0.84349	0.64241	0.91675	0.81075	0.44284	0.75602	0.6867	0.50709	0.38772	0.62279	0	0	0.77908	0.47792	0.58505	0.60054	0.62279	0.37067	0.28268	0.48836	0.7752	0.48051	0.47277	1.3931	0.60999	0.59121	0.7447	0.99526	0.75223	0.9763	1.0097	0.71159	1.2889	1.2741	0.59741
0	0	0.26806	0	0	0	0	0	0	0	0	0	0	0	0	0	0	0	0	0	0	0	0	0	0	0	0	0	0	0	0	0	0	0	0	0	0	0	0	0	0.71804	0	0.92117	1.2463	1.0631	0.35109	0	0	0	0	0	0	0	0	0	0	0.17809	0.37911	0.41913	0.79479	0.44771	0.27121	0.16334	0.66596	1.2364	0.90345	0.45263	0.29283	0.34235	0.2617	0.24204	0.22363	0.41913	0.55216	0.90787	0.86877	0.48573	0.77908	0.86451	0.72983	0.57291	0.49899	0.54635	0.84766	0.53488	0.38989	0.45511	0.46261	0.31223	0.17639	0	0.30328	0	0	0	0	0	0	0	0	0	0	0	0	0	0	0	0	0	0	1.1156	0.60683	1.1209	0.66938	0.87733	1.3189	0.62279	0.58812	0.30862	0.30152	0.62279	0	0	0.47534	1.0896	0.55508	0.9763	0.94385	0.89905	0.85605	0.89905	0.77133	0.81075	0.69374	0.72615	0.38125	0.4576	0.582	0.60368	0.89031	1.5731	1.8834	1.044	0.44771	0	0	0.70084	0	0.62603	0.43322	1.1529	0.60054	0.53773	0.32889	0.67626	1.0793	0	0.54346	0.70441	0.68321	0.41222	1.0391	0.83934	0.82699	0.54635	1.0987	0.75602	0.93929	1.3335	2.219
0	0	0	0	0	0	0	0	0	0	0	0	0	0	0	0	0	0	0	0	0	0	0	0	0	0	0	0	0	0	0	0	0	0	0	0	0	0	0	0	0.55973	0	0.94301	0.85936	0	0.70639	0	0	0	0	0	0	0	0	0	0	0.17918	0.21955	0.31404	0.50709	0.38125	0.49899	0.44771	0.4576	0.83109	0.62928	0.52083	0.38125	0.50437	0.53773	0.52083	0.65916	0.66596	1.0001	0.50981	0.83109	0.57291	0.62279	0.78298	0.54635	0.83521	0.7752	0.57291	0.52922	0.20008	0.45017	0.37277	0.49631	0.26801	0.20898	0.17751	0	0	0	0	0	0	0	0	0	0	0	0	0	0	0	0	0	0	0	0.40541	0.93929	0.95764	1.0793	0.66596	0.66477	0.53773	0.4576	0.21289	0.38125	0.67281	0.57592	0.69374	1.0001	1.3008	1.3868	1.3008	1.0632	1.1422	0.94843	1.1368	1.1422	1.1475	1.0793	1.2307	0.48836	0.67281	0.62603	0.61957	0.89031	1.0194	1.4642	1.2193	0.68321	0.56394	0.49365	0.62603	0.52361	0.61637	0	0	0.44527	0.84766	0.76748	0.40767	0.93929	0.64241	0.76748	0.7752	0.83521	1.0896	0.77908	0.82002	0.93952	1.217	1.331	1.2364	1.733	1.2396	0.93502
0	0	0	0	0	0	0	0	0	0	0	0	0	0	0	0	0	0	0	0	0	0	0	0	0	0	0	0	0	0	0	0	0	0	0	0	0	0	0	0	0	0	0	0	0	0	0.47433	0	0	0	0	0	0	0	0	0	0	0	0.16245	0.25551	0.45263	0.34826	0.37277	0.45263	0.7752	0.38555	0.51805	0.42378	0.27283	0.60999	0.36239	0	0	0.41913	0.26014	0	0.96693	1.1837	0.89467	1.1802	0.71521	0.5699	0.3346	0.20898	0.25398	0.48051	0.42145	0.3346	0.21955	0.20008	0.21421	0.17194	0	0	0	0	0	0	0	0	0	0	0	0	0	0	0	0	0	0	0	0	0	0	0.29976	0	0.33269	0.41681	0	0.38555	0	0	0.52641	0	0.72615	0.67626	0.86027	1.059	1.3432	1.2081	1.3128	0.9123	0.66938	0.76364	1.2537	0.3987	0.90787	0.55508	0.6867	0.31404	0.75223	0.63582	0.54635	0.59121	0.36651	0.45263	0.41913	0	0	0	0.60999	0.74096	0	0.79084	0.72615	0.4601	0.42378	0.24204	0.45263	0.63582	0.7767	0.84349	0.70441	1.1782	0.86027	1.1039	1.0885	1.0093	0.90836	0.69578
0	0	0	0	0	0	0	0	0	0	0	0	0	0	0	0	0	0	0	0	0	0	0	0	0	0	0	0	0	0	0	0	0	0	0	0	0	0	0	0	0	0	0	0	0	0	0.46547	0	0	0	0	0	0	0	0	0	0.16856	0	0.1738	0.41912	0.74096	0.69374	0.4576	0.37067	0.41222	0.30862	0	0.21158	0.4576	0	0	0	0.51805	0	0	1.0793	0.67973	1.4078	0.62279	0.42613	0.45263	0.69728	0.58812	0.35426	0.20898	0.42613	0.21158	0.1903	0.23768	0.16976	0.36444	0	0	0	0	0	0	0	0	0	0	0	0	0	0	0	0	0	0.36492	0	0	0	0	0	0	0.327	0.43801	0.47534	0	0	0	0	0	0.50709	1.054	0.64907	0.92122	0.93022	1.0194	0.81479	0.86027	0.63911	0.74846	0.49365	0	0.44771	0.39208	0.45263	0.54346	0.44042	0.62603	0.86451	0.58505	0.54925	0.97161	0.33846	0.6867	0	0.62603	0	0.45511	1.059	1.2595	0.58505	0.48573	0.35025	0.37911	0.66255	0.46513	0.44527	0.72798	0.9123	0.68321	0.82812	0.55786	1.4141	0.84038	1.0632	0.77286	0.79223
0	0	0	0	0	0	0	0	0	0	0	0	0	0	0	0	0	0	0	0	0	0	0	0	0	0	0	0	0	0	0	0	0	0	0	0	0	0	0	0	0	0	0	0	0	0	0	0	0	0	0	0	0	0	0	0.15268	0	0.19851	0.23756	0.59747	0.63732	0.42848	0	0.44527	0.58812	0	0	0	0	0	0.24646	0	0	0	0	1.5043	1.1156	0.38125	0.56097	0.491	0.29455	0.38772	0.35225	0.25095	0.50167	0.49631	0.55216	0.26484	0.1915	0.1903	0	0.34235	0.31404	0	0	0	0	0	0	0	0	0	0	0	0	0	0	0	0	0	0	0	0	0	0.36239	0.38989	0	0.36444	0	0	0	0.582	0.43322	0.41913	0.42378	0.55802	0.56394	1.1091	1.4577	0.70084	1.1857	0.85185	0.80274	0.38989	0.34235	0	0.56394	0.50437	0	0.55802	0.86027	0.86451	0	0.50709	0.63911	1.0641	0	1.054	0.60999	0	0	0.74846	0.49631	0.86027	0.70084	0.38989	0.63911	0.47792	0.46825	0.69227	0.91718	0.96232	1.9138	1.1782	1.2948	0.84863	0.79223	0.91276	0.84038	0.85279
0	0	0	0	0	0.25761	0	0	0	0	0	0	0	0	0	0	0	0	0	0	0	0	0	0	0	0	0	0	0	0	0	0	0	0	0	0	0	0	0	0	0	0	0	0	0	0	0	0	0	0	0	0	0	0	0.24176	0.20855	0	0.40383	0.40815	0.43947	0.75754	0.70441	0.38555	0.48311	0	0	0.3346	0	0.17978	0.20512	0.29112	0.33269	0.36651	0	0.60683	1.2024	0.70441	0.52641	0.40994	0.46767	0.31042	0.21027	0.36034	0.26642	0.491	0.46767	0.75982	0.55802	0.56097	0.76364	0.40541	0.28941	0.39208	0.22638	0.39428	0.44284	0.3177	0	0	0	0	0	0	0	0	0	0	0	0	0	0	0	0	0	0	0	0	0	0	0	0	0.65578	0.35225	0.50981	0.70441	0.60683	0	0.46261	0.70441	0.45511	0.44771	0.66938	0.55508	0.76748	0	0.51255	0	0.41222	0.37487	0.44771	0.70441	0.32139	0.27772	0.24646	0.54635	0.60054	0	0.50437	0	0.33269	0	0.20133	0.51255	0.28268	0.18674	0.38555	0.43322	0.23947	0.40868	0.50167	0.6031	0.65137	0.78056	0.71711	0.76522	0.77908	0.61251	0.82812	0.97623	0.79479
0	0	0	0	0	0	0	0	0	0	0	0	0	0	0	0	0	0	0	0	0	0	0	0	0	0	0	0	0	0	0	0	0	0	0	0	0	0	0	0	0	0	0	0	0	0	0	0	0	0	0	0	0	0	0.20731	0.24383	0.21359	0	0.29586	0.44411	0.55691	0.24103	0.35025	0	0.3583	0.33846	0.59121	0.56097	0.42613	0.33652	0.19884	0.38125	0	0.43801	0.75223	1.1368	0.87304	0.48051	0.42848	0.47534	0.56691	0.47277	0.36444	0	0.59741	0	0.78832	0.75602	0.60683	0.55802	0.49899	0.47021	0	0	0.39208	0.24058	0	0	0	0	0.34628	0	0	0	0	0	0	0	0	0	0	0	0	0	0	0	0	0	0	0.31094	0	0.3987	0.34826	0.38125	0.39208	0	0.51255	0.51805	0.75982	0.81075	0.9123	0.60683	0.41913	0	0	0	0.24945	0	0	0.76364	0	0.327	0.36034	0.47021	0.3987	0.39428	0	0.41913	0.63911	0.1903	0	0	0	0.35025	0.28268	0	0.75602	0.41776	0.52083	0.79615	0.97623	0.93474	1.1091	0.80009	0.68531	0.69578	0.93022	1.0001	0.86027	0.72798
0	0	0	0	0	0	0	0	0	0	0	0	0	0	0	0	0	0	0	0	0	0	0	0	0	0	0	0	0	0	0	0	0	0	0	0	0	0	0	0	0	0	0	0	0	0	0	0	0	0	0	0	0	0	0	0	0	0	0	0	0	0	0.3216	0.81884	0.7447	0.81884	0.28603	0.29801	0.56691	0.41222	0	0.24646	0.28603	0.43561	0.66255	0.99526	0.36444	0.19271	0.60368	0.32889	0.37911	0	0	0	0	0	0.60999	0.20259	0	0.20385	0	0	0	0	0	0.33652	0	0	0	0.35426	0	0	0	0	0	0	0	0	0	0	0	0	0	0	0	0	0	0	0	0	0	0	0	0	0	0.42848	0	0	0	0.39648	0.5699	0.50981	0	0	0	0	0.3834	0	0.60683	0.80801	0.47792	0.55216	0	0.44042	0.28435	0	0.26326	0.47534	0.491	0.59741	0	0	0	0.27772	0.37818	0.73899	0.64475	0.47077	0.48573	0.81884	0.69578	0.491	0.62928	0.5969	0.85279	0.90836	1.0582	0.59075	0.85279	0.96694
