52470
52471
52471
52472
52473
52474
52474
52475
52476
52476
52477
52478
52478
52479
52480
52481
52481
52482
52483
52483
52484
52485
52485
52486
52487
52488
52488
52489
52490
52490
52491
52492
52492
52493
52494
52495
52495
52496
52497
52497
52498
52499
52499
52500
52501
52502
52502
52503
52504
52504
52505
52506
52506
52507
52508
52509
52509
52510
52511
52511
52512
52513
52513
52514
52515
52516
52516
52517
52518
52518
52519
52520
52520
52521
52522
52523
52523
52524
52525
52525
52526
52527
52527
52528
52529
52530
52530
52531
52532
52532
52533
52534
52534
52535
52536
52537
52537
52538
52539
52539
52540
52541
52541
52542
52543
52544
52544
52545
52546
52546
52547
52548
52548
52549
52550
52551
52551
52552
52553
52553
52554
52555
52555
52556
52557
52558
52558
52559
52560
52560
52561
52562
52562
52563
52564
52565
52565
52566
52567
52567
52568
52569
52569
52570
52571
52572
52572
52573
52574
52574
52575
52576
52576
52577
52578
52579
52579
52580
52581
52581
52582
52583
52583
52584
52585
52586
52586
52587
52588
52588
52589
52590
52590
52591
52592
52593
52593
52594
52595
52595
52596
52597
52597
52598
52599
52600
52600
52601
52602
52602
52603
52604
52604
52605
52606
52607
52607
52608
52609
52609
52610
52611
52611
52612
52613
52614
52614
52615
52616
52616
52617
52618
52618
52619
52620
52621
52621
52622
52623
52623
52624
52625
52625
52626
52627
52628
52628
52629
52630
52630
52631
52632
52632
52633
52634
52635
52635
52636
52637
52637
52638
52639
52639
52640
52641
52642
52642
52643
52644
52644
52645
52646
52646
52647
52648
52649
52649
52650
52651
52651
52652
52653
52653
52654
52655
52656
52656
52657
52658
52658
52659
52660
52660
52661
52662
52663
52663
52664
52665
52665
52666
52667
52667
52668
52669
52670
52670
52671
52672
52672
52673
52674
52674
52675
52676
52677
52677
52678
52679
52679
52680
52681
52681
52682
52683
52684
52684
52685
52686
52686
52687
52688
52688
52689
52690
52691
52691
52692
52693
52693
52694
52695
52695
52696
52697
52698
52698
52699
52700
52700
52701
52702
52702
52703
52704
52705
52705
52706
52707
52707
52708
52709
52709
52710
52711
52712
52712
52713
52714
52714
52715
52716
52716
52717
52718
52719
52719
52720
52721
52721
52722
52723
52723
52724
52725
52726
52726
52727
52728
52728
52729
52730
52730
52731
52732
52733
52733
52734
52735
52735
52736
52737
52737
52738
52739
52740
52740
52741
52742
52742
52743
52744
52744
52745
52746
52747
52747
52748
52749
52749
52750
52751
52751
52752
52753
52754
52754
52755
52756
52756
52757
52758
52758
52759
52760
52761
52761
52762
52763
52763
52764
52765
52765
52766
52767
52768
52768
52769
52770
52770
52771
52772
52772
52773
52774
52775
52775
52776
52777
52777
52778
52779
52779
52780
52781
52782
52782
52783
52784
52784
52785
52786
52786
52787
52788
52789
52789
52790
52791
52791
52792
52793
52793
52794
52795
52796
52796
52797
52798
52798
52799
52800
52800
52801
52802
52803
52803
52804
52805
52805
52806
52807
52807
52808
52809
52810
52810
52811
52812
52812
52813
52814
52814
52815
52816
52817
52817
52818
52819
52819
52820
52821
52821
52822
52823
52824
52824
52825
52826
52826
52827
52828
52828
52829
52830
52831
52831
52832
52833
52833
52834
52835
52835
52836
52837
52838
52838
52839
52840
52840
52841
52842
52842
52843
52844
52845
52845
52846
52847
52847
52848
52849
52849
52850
52851
52852
52852
52853
52854
52854
52855
52856
52856
52857
52858
52859
52859
52860
52861
52861
52862
52863
52863
52864
52865
52866
52866
52867
52868
52868
52869
52870
52870
52871
52872
52873
52873
52874
