55547
55547
55548
55549
55549
55550
55551
55551
55552
55553
55554
55554
55555
55556
55556
55557
55558
55558
55559
55560
55561
55561
55562
55563
55563
55564
55565
55565
55566
55567
55568
55568
55569
55570
55570
55571
55572
55572
55573
55574
55575
55575
55576
55577
55577
55578
55579
55579
55580
55581
55582
55582
55583
55584
55584
55585
55586
55586
55587
55588
55589
55589
55590
55591
55591
55592
55593
55593
55594
55595
55596
55596
55597
55598
55598
55599
55600
55600
55601
55602
55603
55603
55604
55605
55605
55606
55607
55607
55608
55609
55610
55610
55611
55612
55612
55613
55614
55614
55615
55616
55617
55617
55618
55619
55619
55620
55621
55621
55622
55623
55624
55624
55625
55626
55626
55627
55628
55628
55629
55630
55631
55631
55632
55633
55633
55634
55635
55635
55636
55637
55638
55638
55639
55640
55640
55641
55642
55642
55643
55644
55645
55645
55646
55647
55647
55648
55649
55649
55650
55651
55652
55652
55653
55654
55654
55655
55656
55656
55657
55658
55659
55659
55660
55661
55661
55662
55663
55663
55664
55665
55666
55666
55667
55668
55668
55669
55670
55670
55671
55672
55673
55673
55674
55675
55675
55676
55677
55677
55678
55679
55680
55680
55681
55682
55682
55683
55684
55684
55685
55686
55687
55687
55688
55689
55689
55690
55691
55691
55692
55693
55694
55694
55695
55696
55696
55697
55698
55698
55699
55700
55701
55701
55702
55703
55703
55704
55705
55705
55706
55707
55708
55708
55709
55710
55710
55711
55712
55712
55713
55714
55715
55715
55716
55717
55717
55718
55719
55719
55720
55721
55722
55722
55723
55724
55724
55725
55726
55726
55727
55728
55729
55729
55730
55731
55731
55732
55733
55733
55734
55735
