36840
36841
36842
36842
36843
36844
36844
36845
36846
36847
36847
36848
36849
36849
36850
36851
36851
36852
36853
36854
36854
36855
36856
36856
36857
36858
36858
36859
36860
36861
36861
36862
36863
36863
36864
36865
36865
36866
36867
36868
36868
36869
36870
36870
36871
36872
36872
36873
36874
36875
36875
36876
36877
36877
36878
36879
36879
36880
36881
36882
36882
36883
36884
36884
36885
36886
36886
36887
36888
36889
36889
36890
36891
36891
36892
36893
36893
36894
36895
36896
36896
36897
36898
36898
36899
36900
36900
36901
36902
36903
36903
36904
36905
36905
36906
36907
36907
36908
36909
36910
36910
36911
36912
36912
36913
36914
36914
36915
36916
36917
36917
36918
36919
36919
36920
36921
36921
36922
36923
36924
36924
36925
36926
36926
36927
36928
36928
36929
36930
36931
36931
36932
36933
36933
36934
36935
36935
36936
36937
36938
36938
36939
36940
36940
36941
36942
36942
36943
36944
36945
36945
36946
36947
36947
36948
36949
36949
36950
36951
36952
36952
36953
36954
36954
36955
36956
36956
36957
36958
36959
36959
36960
36961
36961
36962
36963
36963
36964
36965
36966
36966
36967
36968
36968
36969
36970
36970
36971
36972
36973
36973
36974
36975
36975
36976
36977
36977
36978
36979
36980
36980
36981
36982
36982
36983
36984
36984
36985
36986
36987
36987
36988
36989
36989
36990
36991
36991
36992
36993
36994
36994
36995
36996
36996
36997
36998
36998
36999
37000
37001
37001
37002
37003
37003
37004
37005
37005
37006
37007
37008
37008
37009
37010
37010
37011
37012
37012
37013
37014
37015
37015
37016
37017
37017
37018
37019
37019
37020
37021
37022
37022
37023
37024
37024
37025
37026
37026
37027
37028
37029
37029
37030
37031
37031
37032
37033
37033
37034
37035
37036
37036
37037
37038
37038
37039
37040
37040
37041
37042
37043
37043
37044
37045
37045
37046
37047
37047
37048
37049
37050
37050
37051
37052
37052
37053
37054
37054
37055
37056
37057
37057
37058
37059
37059
37060
37061
37061
37062
37063
37064
37064
37065
37066
37066
37067
37068
37068
37069
37070
37071
37071
37072
37073
37073
37074
37075
37075
37076
37077
37078
37078
37079
37080
37080
37081
37082
37082
37083
37084
37085
37085
37086
37087
37087
37088
37089
37089
37090
37091
37092
37092
37093
37094
37094
37095
37096
37096
37097
37098
37099
37099
37100
37101
37101
37102
37103
37103
37104
37105
37106
37106
37107
37108
37108
37109
37110
37110
37111
37112
37113
37113
37114
37115
37115
37116
37117
37117
37118
37119
37120
37120
37121
37122
37122
37123
37124
37124
37125
37126
37127
37127
37128
37129
37129
37130
37131
37131
37132
37133
37134
37134
37135
37136
37136
37137
37138
37138
37139
37140
37141
37141
37142
37143
37143
37144
37145
37145
37146
37147
37148
37148
37149
37150
37150
37151
37152
37152
37153
37154
37155
37155
37156
37157
37157
37158
37159
37159
37160
37161
37162
37162
37163
37164
37164
37165
37166
37166
37167
37168
37169
37169
37170
37171
37171
37172
37173
37173
37174
37175
37176
37176
37177
37178
37178
37179
37180
37180
37181
37182
37183
37183
37184
37185
37185
37186
37187
37187
37188
37189
37190
37190
37191
37192
37192
37193
37194
37194
37195
37196
37197
37197
37198
37199
37199
37200
37201
37201
37202
37203
37204
37204
37205
37206
37206
37207
37208
37208
37209
37210
37211
37211
37212
37213
37213
37214
37215
37215
37216
37217
37218
37218
37219
37220
37220
37221
37222
37222
37223
37224
37225
37225
37226
37227
37227
37228
37229
37229
37230
37231
37232
37232
37233
37234
37234
37235
37236
37236
37237
37238
37239
37239
37240
37241
37241
37242
37243
37243
37244
37245
37246
37246
37247
37248
37248
37249
37250
37250
37251
37252
37253
37253
37254
37255
37255
37256
37257
37257
37258
37259
37260
37260
37261
37262
37262
37263
37264
37264
37265
37266
37267
37267
37268
37269
37269
37270
37271
37271
37272
37273
