2718.8
2719.5
2720.2
2720.9
2721.6
2722.3
2723
2723.7
2724.4
2725.1
2725.8
2726.5
2727.2
2727.9
2728.6
2729.3
2730
2730.7
2731.4
2732.1
2732.8
2733.5
2734.2
2734.9
2735.6
2736.3
2737
2737.7
2738.4
2739.1
2739.8
2740.5
2741.2
2741.9
2742.6
2743.3
2744
2744.7
2745.4
2746.1
2746.8
2747.5
2748.2
2748.9
2749.6
2750.3
2751
2751.7
2752.4
2753.1
2753.8
2754.5
2755.2
2755.9
2756.6
2757.3
2758
2758.7
2759.4
2760.1
2760.8
2761.5
2762.2
2762.9
2763.6
2764.3
2765
2765.7
2766.4
2767.1
2767.8
2768.5
2769.2
2769.9
2770.6
2771.3
2772
2772.7
2773.4
2774.1
2774.8
2775.5
2776.2
2776.9
2777.6
2778.3
2779
2779.7
2780.4
2781.1
2781.8
2782.5
2783.2
2783.9
2784.6
2785.3
2786
2786.7
2787.4
2788.1
2788.8
2789.5
2790.2
2790.9
2791.6
2792.3
2793
2793.7
2794.4
2795.1
2795.8
2796.5
2797.2
2797.9
2798.6
2799.3
2800
2800.7
2801.4
2802.1
2802.8
2803.5
2804.2
2804.9
2805.6
2806.3
2807
2807.7
2808.4
2809.1
2809.8
2810.5
2811.2
2811.9
2812.6
2813.3
2814
2814.7
2815.4
2816.1
2816.8
2817.5
2818.2
2818.9
2819.6
2820.3
2821
2821.7
2822.4
2823.1
2823.8
2824.5
2825.2
2825.9
2826.6
2827.3
2828
2828.7
2829.4
2830.1
2830.8
2831.5
2832.2
2832.9
2833.6
2834.3
2835
2835.7
2836.4
2837.1
2837.8
2838.5
2839.2
2839.9
2840.6
2841.3
2842
2842.7
2843.4
2844.1
2844.8
2845.5
2846.2
2846.9
2847.6
2848.3
2849
2849.7
2850.4
2851.1
2851.8
2852.5
2853.2
2853.9
2854.6
2855.3
2856
2856.7
2857.4
2858.1
2858.8
2859.5
2860.2
2860.9
2861.6
2862.3
2863
2863.7
2864.4
2865.1
2865.8
2866.5
2867.2
2867.9
2868.6
2869.3
2870
2870.7
2871.4
2872.1
2872.8
2873.5
2874.2
2874.9
2875.6
2876.3
2877
2877.7
2878.4
2879.1
2879.8
2880.5
2881.2
2881.9
2882.6
2883.3
2884
2884.7
2885.4
2886.1
2886.8
2887.5
2888.2
2888.9
2889.6
2890.3
2891
2891.7
2892.4
2893.1
2893.8
2894.5
2895.2
2895.9
2896.6
2897.3
2898
2898.7
2899.4
2900.1
2900.8
2901.5
2902.2
2902.9
2903.6
2904.3
2905
2905.7
2906.4
2907.1
2907.8
2908.5
2909.2
2909.9
2910.6
2911.3
2912
2912.7
2913.4
2914.1
2914.8
2915.5
2916.2
2916.9
2917.6
2918.3
2919
2919.7
2920.4
2921.1
2921.8
2922.5
2923.2
2923.9
2924.6
2925.3
2926
2926.7
2927.4
2928.1
2928.8
2929.5
2930.2
2930.9
2931.6
2932.3
2933
2933.7
2934.4
2935.1
2935.8
2936.5
2937.2
2937.9
2938.6
2939.3
2940
2940.7
2941.4
2942.1
2942.8
2943.5
2944.2
2944.9
2945.6
2946.3
2947
2947.7
2948.4
2949.1
2949.8
2950.5
2951.2
2951.9
2952.6
2953.3
2954
2954.7
2955.4
2956.1
2956.8
2957.5
2958.2
2958.9
2959.6
2960.3
2961
2961.7
2962.4
2963.1
2963.8
2964.5
2965.2
2965.9
2966.6
2967.3
2968
2968.7
2969.4
2970.1
2970.8
2971.5
2972.2
