74758
74759
74759
74760
74761
74761
74762
74763
74764
74764
74765
74766
74766
74767
74768
74768
74769
74770
74771
74771
74772
74773
74773
74774
74775
74775
74776
74777
74778
74778
74779
74780
74780
74781
74782
74782
74783
74784
74785
74785
74786
74787
74787
74788
74789
74789
74790
74791
74792
74792
74793
74794
74794
74795
74796
74796
74797
74798
74799
74799
74800
74801
74801
74802
74803
74803
74804
74805
74806
74806
74807
74808
74808
74809
74810
74810
74811
74812
74813
74813
74814
74815
74815
74816
74817
74817
74818
74819
74820
74820
74821
74822
74822
74823
74824
74824
74825
74826
74827
74827
74828
74829
74829
74830
74831
74831
74832
74833
74834
74834
74835
74836
74836
74837
74838
74838
74839
74840
74841
74841
74842
74843
74843
74844
74845
74845
74846
74847
74848
74848
74849
74850
74850
74851
74852
74852
74853
74854
74855
74855
74856
74857
74857
74858
74859
74859
74860
74861
74862
74862
74863
74864
74864
74865
74866
74866
74867
74868
74869
74869
74870
74871
74871
74872
74873
74873
74874
74875
74876
74876
74877
74878
74878
74879
74880
74880
74881
74882
74883
74883
74884
74885
74885
74886
74887
74887
74888
74889
74890
74890
74891
74892
74892
74893
74894
74894
74895
74896
74897
74897
74898
74899
74899
74900
74901
74901
74902
74903
74904
74904
74905
74906
74906
74907
74908
74908
74909
74910
74911
74911
74912
74913
74913
74914
74915
74915
74916
74917
74918
74918
74919
74920
74920
74921
74922
74922
74923
74924
74925
74925
74926
74927
74927
74928
74929
74929
74930
74931
74932
74932
74933
74934
74934
74935
74936
74936
74937
74938
74939
74939
74940
74941
74941
74942
74943
74943
74944
74945
74946
74946
74947
74948
74948
74949
74950
74950
74951
74952
74953
74953
74954
74955
74955
74956
74957
74957
74958
74959
74960
74960
74961
74962
74962
74963
74964
74964
74965
74966
74967
74967
74968
74969
74969
74970
74971
74971
74972
74973
74974
74974
74975
74976
74976
74977
74978
74978
74979
74980
74981
74981
74982
74983
74983
74984
74985
74985
74986
74987
74988
74988
74989
74990
74990
74991
74992
74992
74993
74994
74995
