7628.3
7629
7629.7
7630.4
7631.1
7631.8
7632.5
7633.2
7633.9
7634.6
7635.3
7636
7636.7
7637.4
7638.1
7638.8
7639.5
7640.2
7640.9
7641.6
7642.3
7643
7643.7
7644.4
7645.1
7645.8
7646.5
7647.2
7647.9
7648.6
7649.3
7650
7650.7
7651.4
7652.1
7652.8
7653.5
7654.2
7654.9
7655.6
7656.3
7657
7657.7
7658.4
7659.1
7659.8
7660.5
7661.2
7661.9
7662.6
7663.3
7664
7664.7
7665.4
7666.1
7666.8
7667.5
7668.2
7668.9
7669.6
7670.3
7671
7671.7
7672.4
7673.1
7673.8
7674.5
7675.2
7675.9
7676.6
7677.3
7678
7678.7
7679.4
7680.1
7680.8
7681.5
7682.2
7682.9
7683.6
7684.3
7685
7685.7
7686.4
7687.1
7687.8
7688.5
7689.2
7689.9
7690.6
7691.3
7692
7692.7
7693.4
7694.1
7694.8
7695.5
7696.2
7696.9
7697.6
7698.3
7699
7699.7
7700.4
7701.1
7701.8
7702.5
7703.2
7703.9
7704.6
7705.3
7706
7706.7
7707.4
7708.1
7708.8
7709.5
7710.2
7710.9
7711.6
7712.3
7713
7713.7
7714.4
7715.1
7715.8
7716.5
7717.2
7717.9
7718.6
7719.3
7720
7720.7
7721.4
7722.1
7722.8
7723.5
7724.2
7724.9
7725.6
7726.3
7727
7727.7
7728.4
7729.1
7729.8
7730.5
7731.2
7731.9
7732.6
7733.3
7734
