57301
57301
57302
57303
57303
57304
57305
57305
57306
57307
57308
57308
57309
57310
57310
57311
57312
57312
57313
57314
57315
57315
57316
57317
57317
57318
57319
57319
57320
57321
57322
57322
57323
57324
57324
57325
57326
57326
57327
57328
57329
57329
57330
57331
57331
57332
57333
57333
57334
57335
57336
57336
57337
57338
57338
57339
57340
57340
57341
57342
57343
57343
57344
57345
57345
57346
57347
57347
57348
57349
57350
57350
57351
57352
57352
57353
57354
57354
57355
57356
57357
57357
57358
57359
57359
57360
57361
57361
57362
57363
57364
57364
57365
57366
57366
57367
57368
57368
57369
57370
57371
57371
57372
57373
57373
57374
57375
57375
57376
57377
57378
57378
57379
57380
57380
57381
57382
57382
57383
57384
57385
57385
57386
57387
57387
57388
57389
57389
57390
57391
57392
57392
57393
57394
57394
57395
57396
57396
57397
57398
57399
57399
57400
57401
57401
57402
57403
57403
57404
57405
57406
57406
57407
57408
57408
57409
57410
57410
57411
57412
57413
57413
57414
57415
57415
57416
57417
57417
57418
57419
57420
57420
57421
57422
57422
57423
57424
57424
57425
57426
57427
57427
57428
57429
57429
57430
57431
57431
57432
57433
57434
57434
57435
57436
57436
57437
57438
57438
57439
57440
57441
57441
57442
57443
57443
57444
57445
57445
57446
57447
57448
57448
57449
57450
57450
57451
57452
57452
57453
57454
57455
57455
57456
57457
57457
57458
57459
57459
57460
57461
57462
57462
57463
57464
57464
57465
57466
57466
57467
57468
57469
57469
57470
57471
57471
57472
57473
57473
57474
57475
57476
57476
57477
57478
57478
57479
57480
57480
57481
57482
57483
57483
57484
57485
57485
57486
57487
57487
57488
57489
57490
57490
57491
57492
57492
57493
57494
57494
57495
57496
57497
57497
57498
57499
57499
57500
57501
57501
57502
57503
57504
57504
57505
57506
57506
57507
57508
57508
57509
57510
57511
57511
57512
57513
57513
57514
57515
57515
57516
57517
57518
57518
57519
57520
57520
57521
57522
57522
57523
57524
57525
57525
57526
57527
57527
57528
57529
57529
57530
57531
57532
57532
57533
57534
57534
57535
57536
57536
57537
57538
57539
57539
57540
57541
57541
57542
57543
57543
57544
57545
57546
57546
57547
57548
57548
57549
57550
57550
57551
57552
57553
57553
57554
57555
57555
57556
57557
57557
57558
57559
57560
57560
57561
57562
57562
57563
57564
57564
57565
57566
57567
57567
57568
57569
57569
57570
57571
57571
57572
57573
57574
57574
57575
57576
57576
57577
57578
57578
57579
57580
57581
57581
57582
57583
57583
57584
57585
57585
57586
57587
57588
57588
57589
57590
57590
57591
57592
57592
57593
57594
57595
57595
57596
57597
57597
57598
57599
57599
57600
57601
57602
57602
57603
57604
57604
57605
57606
57606
57607
57608
57609
57609
57610
57611
57611
57612
57613
57613
57614
57615
57616
57616
57617
57618
57618
57619
57620
57620
57621
57622
57623
57623
57624
57625
57625
57626
57627
57627
57628
57629
57630
57630
57631
57632
57632
57633
57634
57634
57635
57636
57637
57637
57638
57639
57639
57640
57641
57641
57642
57643
57644
57644
57645
57646
57646
57647
57648
57648
57649
57650
57651
57651
57652
57653
57653
57654
57655
57655
57656
57657
57658
57658
57659
57660
57660
57661
57662
57662
57663
57664
57665
57665
57666
57667
57667
57668
57669
57669
57670
57671
57672
57672
57673
57674
57674
57675
57676
57676
57677
57678
57679
57679
57680
57681
57681
57682
57683
57683
57684
57685
57686
57686
