77024
77025
77025
77026
77027
77027
77028
77029
77030
77030
77031
77032
77032
77033
77034
77034
77035
77036
77037
77037
77038
77039
77039
77040
77041
77041
77042
77043
77044
77044
77045
77046
77046
77047
77048
77048
77049
77050
77051
77051
77052
77053
77053
77054
77055
77055
77056
77057
77058
77058
77059
77060
77060
77061
77062
77062
77063
77064
77065
77065
77066
77067
77067
77068
77069
77069
77070
77071
77072
77072
77073
77074
77074
77075
77076
77076
77077
77078
77079
77079
77080
77081
77081
77082
77083
77083
77084
77085
77086
77086
77087
77088
77088
77089
77090
77090
77091
77092
77093
77093
77094
77095
77095
77096
77097
77097
77098
77099
77100
77100
77101
77102
77102
77103
77104
77104
77105
77106
77107
77107
77108
77109
77109
77110
77111
77111
77112
77113
77114
77114
77115
77116
77116
77117
77118
77118
77119
77120
77121
77121
77122
77123
77123
77124
77125
77125
77126
77127
77128
77128
77129
77130
77130
77131
77132
77132
77133
77134
77135
77135
77136
77137
77137
77138
77139
77139
77140
77141
77142
77142
77143
77144
77144
77145
77146
77146
77147
77148
77149
77149
77150
77151
77151
77152
77153
77153
77154
77155
77156
77156
77157
77158
77158
77159
77160
77160
77161
77162
77163
77163
77164
77165
77165
77166
77167
77167
77168
77169
77170
77170
77171
77172
77172
77173
77174
77174
77175
77176
77177
77177
77178
77179
77179
77180
77181
77181
77182
77183
77184
77184
77185
77186
77186
77187
77188
77188
77189
77190
77191
77191
77192
77193
77193
77194
77195
77195
77196
77197
77198
77198
77199
77200
77200
77201
77202
77202
77203
77204
77205
77205
77206
77207
77207
77208
77209
77209
77210
77211
77212
77212
77213
77214
77214
77215
77216
77216
77217
77218
77219
77219
77220
77221
77221
77222
77223
77223
77224
77225
77226
77226
77227
77228
77228
77229
77230
77230
77231
77232
77233
77233
77234
77235
77235
77236
77237
77237
77238
77239
77240
77240
77241
77242
77242
77243
77244
77244
77245
77246
77247
77247
77248
77249
77249
77250
77251
77251
77252
77253
77254
77254
77255
77256
77256
77257
77258
77258
77259
77260
77261
77261
77262
77263
77263
77264
77265
77265
77266
77267
77268
77268
77269
77270
77270
77271
77272
77272
77273
77274
77275
77275
77276
77277
77277
77278
