53967
53968
53968
53969
53970
53970
53971
53972
53972
53973
53974
53975
53975
53976
53977
53977
53978
53979
53979
53980
53981
53982
53982
53983
53984
53984
53985
53986
53986
53987
53988
53989
53989
53990
53991
53991
53992
53993
53993
53994
53995
53996
53996
53997
53998
53998
53999
54000
54000
54001
54002
54003
54003
54004
54005
54005
54006
54007
54007
54008
54009
54010
54010
54011
54012
54012
54013
54014
54014
54015
54016
54017
54017
54018
54019
54019
54020
54021
54021
54022
54023
54024
54024
54025
54026
54026
54027
54028
54028
54029
54030
54031
54031
54032
54033
54033
54034
54035
54035
54036
54037
54038
54038
54039
54040
54040
54041
54042
54042
54043
54044
54045
54045
54046
54047
54047
54048
54049
54049
54050
54051
54052
54052
54053
54054
54054
54055
54056
54056
54057
54058
54059
54059
54060
54061
54061
54062
54063
54063
54064
54065
54066
54066
54067
54068
54068
54069
54070
54070
54071
54072
54073
54073
54074
54075
54075
54076
54077
54077
54078
54079
54080
54080
54081
54082
54082
54083
54084
54084
54085
54086
54087
54087
54088
54089
54089
54090
54091
54091
54092
54093
54094
54094
54095
54096
54096
54097
54098
54098
54099
54100
54101
54101
54102
54103
54103
54104
54105
54105
54106
54107
54108
54108
54109
54110
54110
54111
54112
54112
54113
54114
54115
54115
54116
54117
54117
54118
54119
54119
54120
54121
54122
54122
54123
54124
54124
54125
54126
54126
54127
54128
54129
54129
54130
54131
54131
54132
54133
54133
54134
54135
54136
54136
54137
54138
54138
54139
54140
54140
54141
54142
54143
54143
54144
54145
54145
54146
54147
54147
54148
54149
54150
54150
54151
54152
54152
54153
54154
54154
54155
54156
54157
54157
54158
54159
54159
54160
54161
54161
54162
54163
54164
54164
54165
54166
54166
54167
54168
54168
54169
54170
54171
54171
54172
54173
54173
54174
54175
54175
54176
54177
54178
54178
54179
54180
54180
54181
54182
54182
54183
54184
54185
54185
54186
54187
54187
54188
54189
54189
54190
54191
54192
54192
54193
54194
54194
54195
54196
54196
54197
54198
54199
54199
54200
54201
54201
54202
54203
54203
54204
54205
54206
54206
54207
54208
54208
54209
54210
54210
54211
54212
54213
54213
54214
54215
54215
54216
54217
54217
54218
54219
54220
54220
54221
54222
54222
54223
54224
54224
54225
54226
54227
54227
54228
54229
54229
54230
54231
54231
54232
54233
54234
54234
54235
54236
