63975
63976
63976
63977
63978
63978
63979
63980
63980
63981
63982
63983
63983
63984
63985
63985
63986
63987
63987
63988
63989
63990
63990
63991
63992
63992
63993
63994
63994
63995
63996
63997
63997
63998
63999
63999
64000
64001
64001
64002
64003
64004
64004
64005
64006
64006
64007
64008
64008
64009
64010
64011
64011
64012
64013
64013
64014
64015
64015
64016
64017
64018
64018
64019
64020
64020
64021
64022
64022
64023
64024
64025
64025
64026
64027
64027
64028
64029
64029
64030
64031
64032
64032
64033
64034
64034
64035
64036
64036
64037
64038
64039
64039
64040
64041
64041
64042
64043
64043
64044
64045
64046
64046
64047
64048
64048
64049
64050
64050
64051
64052
64053
64053
64054
64055
64055
64056
64057
64057
64058
64059
64060
64060
64061
64062
64062
64063
64064
64064
64065
64066
64067
64067
64068
64069
64069
64070
64071
64071
64072
64073
64074
64074
64075
64076
64076
64077
64078
64078
64079
64080
64081
64081
64082
64083
64083
64084
64085
64085
64086
64087
64088
64088
64089
64090
64090
64091
64092
64092
64093
64094
64095
64095
64096
64097
64097
64098
64099
64099
64100
64101
64102
64102
64103
64104
64104
64105
64106
64106
64107
64108
64109
64109
64110
64111
64111
64112
64113
64113
64114
64115
64116
64116
64117
64118
64118
64119
64120
64120
64121
64122
64123
64123
64124
64125
64125
64126
64127
64127
64128
64129
64130
64130
64131
64132
64132
64133
64134
64134
64135
64136
64137
64137
64138
64139
64139
64140
64141
64141
64142
64143
64144
64144
64145
64146
64146
64147
64148
64148
64149
64150
64151
64151
64152
64153
64153
64154
64155
64155
64156
64157
64158
64158
64159
64160
64160
64161
64162
64162
64163
64164
64165
64165
64166
64167
64167
64168
64169
64169
64170
64171
64172
64172
64173
64174
64174
64175
64176
64176
64177
64178
64179
64179
64180
64181
64181
64182
64183
64183
64184
64185
64186
64186
64187
64188
64188
64189
64190
64190
64191
64192
64193
64193
64194
64195
64195
64196
64197
64197
64198
64199
64200
64200
64201
64202
64202
64203
64204
64204
64205
64206
64207
64207
64208
64209
64209
64210
64211
64211
64212
64213
64214
64214
64215
64216
64216
64217
64218
64218
64219
64220
64221
64221
64222
64223
64223
64224
64225
64225
64226
64227
64228
64228
64229
64230
64230
64231
64232
64232
64233
64234
64235
64235
64236
64237
64237
64238
64239
64239
64240
64241
64242
64242
64243
64244
64244
64245
64246
64246
64247
64248
64249
64249
64250
64251
64251
64252
64253
64253
64254
64255
64256
64256
64257
64258
64258
64259
64260
64260
64261
64262
64263
64263
64264
64265
64265
64266
64267
64267
64268
64269
64270
64270
64271
64272
64272
64273
64274
64274
64275
64276
64277
64277
64278
64279
64279
64280
64281
64281
64282
64283
64284
64284
64285
64286
64286
64287
64288
64288
