5223.8
5224.5
5225.2
5225.9
5226.6
5227.3
5228
5228.7
5229.4
5230.1
5230.8
5231.5
5232.2
5232.9
5233.6
5234.3
5235
5235.7
5236.4
5237.1
5237.8
5238.5
5239.2
5239.9
5240.6
5241.3
5242
5242.7
5243.4
5244.1
5244.8
5245.5
5246.2
5246.9
5247.6
5248.3
5249
5249.7
5250.4
5251.1
5251.8
5252.5
5253.2
5253.9
5254.6
5255.3
5256
5256.7
5257.4
5258.1
5258.8
5259.5
5260.2
5260.9
5261.6
5262.3
5263
5263.7
5264.4
5265.1
5265.8
5266.5
5267.2
5267.9
5268.6
5269.3
5270
5270.7
5271.4
5272.1
5272.8
5273.5
5274.2
5274.9
5275.6
5276.3
5277
5277.7
5278.4
5279.1
5279.8
5280.5
5281.2
5281.9
5282.6
5283.3
5284
5284.7
5285.4
5286.1
5286.8
5287.5
5288.2
5288.9
5289.6
5290.3
5291
5291.7
5292.4
5293.1
5293.8
5294.5
5295.2
5295.9
5296.6
5297.3
5298
5298.7
5299.4
5300.1
5300.8
5301.5
5302.2
5302.9
5303.6
5304.3
5305
5305.7
5306.4
5307.1
5307.8
5308.5
5309.2
5309.9
5310.6
5311.3
5312
5312.7
5313.4
5314.1
5314.8
5315.5
5316.2
5316.9
5317.6
5318.3
5319
5319.7
5320.4
5321.1
5321.8
5322.5
5323.2
5323.9
5324.6
5325.3
5326
5326.7
5327.4
5328.1
5328.8
5329.5
5330.2
5330.9
5331.6
5332.3
5333
5333.7
5334.4
5335.1
5335.8
5336.5
5337.2
5337.9
5338.6
5339.3
5340
5340.7
5341.4
5342.1
5342.8
5343.5
5344.2
5344.9
5345.6
5346.3
5347
5347.7
5348.4
5349.1
5349.8
5350.5
5351.2
5351.9
5352.6
5353.3
5354
5354.7
5355.4
5356.1
5356.8
5357.5
5358.2
5358.9
5359.6
5360.3
5361
5361.7
5362.4
5363.1
5363.8
5364.5
5365.2
5365.9
5366.6
5367.3
5368
5368.7
5369.4
5370.1
5370.8
5371.5
5372.2
5372.9
5373.6
5374.3
5375
5375.7
5376.4
5377.1
5377.8
5378.5
5379.2
5379.9
5380.6
5381.3
5382
5382.7
5383.4
5384.1
5384.8
5385.5
5386.2
5386.9
5387.6
5388.3
5389
5389.7
5390.4
5391.1
5391.8
5392.5
5393.2
5393.9
5394.6
5395.3
5396
5396.7
5397.4
5398.1
5398.8
5399.5
5400.2
5400.9
5401.6
5402.3
5403
5403.7
5404.4
5405.1
5405.8
5406.5
5407.2
5407.9
5408.6
5409.3
5410
5410.7
5411.4
5412.1
5412.8
5413.5
5414.2
5414.9
5415.6
5416.3
5417
5417.7
5418.4
5419.1
5419.8
5420.5
5421.2
5421.9
5422.6
5423.3
5424
5424.7
5425.4
5426.1
5426.8
5427.5
5428.2
5428.9
5429.6
5430.3
5431
5431.7
5432.4
5433.1
5433.8
5434.5
5435.2
5435.9
5436.6
5437.3
5438
5438.7
5439.4
5440.1
5440.8
5441.5
5442.2
5442.9
5443.6
5444.3
5445
5445.7
5446.4
5447.1
5447.8
5448.5
5449.2
5449.9
5450.6
5451.3
5452
5452.7
5453.4
5454.1
5454.8
5455.5
5456.2
5456.9
5457.6
5458.3
5459
5459.7
5460.4
5461.1
5461.8
5462.5
5463.2
5463.9
5464.6
5465.3
5466
5466.7
5467.4
5468.1
5468.8
5469.5
5470.2
5470.9
5471.6
5472.3
5473
5473.7
5474.4
5475.1
5475.8
5476.5
5477.2
5477.9
5478.6
5479.3
5480
5480.7
5481.4
5482.1
5482.8
5483.5
5484.2
5484.9
5485.6
5486.3
5487
5487.7
5488.4
5489.1
5489.8
5490.5
5491.2
5491.9
5492.6
5493.3
5494
5494.7
5495.4
5496.1
5496.8
5497.5
5498.2
5498.9
5499.6
5500.3
5501
5501.7
5502.4
5503.1
5503.8
5504.5
5505.2
5505.9
5506.6
5507.3
5508
5508.7
5509.4
5510.1
5510.8
5511.5
5512.2
5512.9
5513.6
5514.3
5515
5515.7
5516.4
5517.1
5517.8
5518.5
5519.2
5519.9
5520.6
5521.3
5522
5522.7
5523.4
5524.1
5524.8
5525.5
5526.2
5526.9
5527.6
5528.3
5529
5529.7
5530.4
5531.1
5531.8
5532.5
5533.2
5533.9
5534.6
5535.3
5536
5536.7
5537.4
5538.1
5538.8
5539.5
5540.2
5540.9
5541.6
5542.3
5543
5543.7
5544.4
5545.1
5545.8
5546.5
5547.2
5547.9
5548.6
5549.3
5550
5550.7
5551.4
5552.1
5552.8
5553.5
5554.2
5554.9
5555.6
5556.3
5557
5557.7
5558.4
5559.1
5559.8
5560.5
5561.2
5561.9
5562.6
5563.3
5564
5564.7
5565.4
5566.1
5566.8
5567.5
5568.2
5568.9
5569.6
5570.3
5571
5571.7
5572.4
5573.1
5573.8
5574.5
5575.2
5575.9
5576.6
5577.3
5578
5578.7
5579.4
5580.1
5580.8
5581.5
5582.2
5582.9
5583.6
5584.3
5585
5585.7
5586.4
