28839
28840
28841
28842
28842
28843
28844
28844
28845
28846
28846
28847
28848
28849
28849
28850
28851
28851
28852
28853
28853
28854
28855
28856
28856
28857
28858
28858
28859
28860
28860
28861
28862
28863
28863
28864
28865
28865
28866
28867
28867
28868
28869
28870
28870
28871
28872
28872
28873
28874
28874
28875
28876
28877
28877
28878
28879
28879
28880
28881
28881
28882
28883
28883
28884
28885
28886
28886
28887
28888
28888
28889
28890
28890
28891
28892
28893
28893
28894
28895
28895
28896
28897
28897
28898
28899
28900
28900
28901
28902
28902
28903
28904
28904
28905
28906
28907
28907
28908
28909
28909
28910
28911
28911
28912
28913
28914
28914
28915
28916
28916
28917
28918
28918
28919
28920
28921
28921
28922
28923
28923
28924
28925
28925
28926
28927
28928
28928
28929
28930
28930
28931
28932
28932
28933
28934
28935
28935
28936
28937
28937
28938
28939
28939
28940
28941
28942
28942
28943
28944
28944
28945
28946
28946
28947
28948
28949
28949
28950
28951
28951
28952
28953
28953
28954
28955
28956
28956
28957
28958
28958
28959
28960
28960
28961
28962
28963
28963
28964
28965
28965
28966
28967
28967
28968
28969
28970
28970
28971
28972
28972
28973
28974
28974
28975
28976
28977
28977
28978
28979
28979
28980
28981
28981
28982
28983
28984
28984
28985
28986
28986
28987
28988
28988
28989
28990
28991
28991
28992
28993
28993
28994
28995
28995
28996
28997
28998
28998
28999
29000
29000
29001
29002
29002
29003
29004
29005
29005
29006
29007
29007
29008
29009
29009
29010
29011
29012
29012
29013
29014
29014
29015
29016
29016
29017
29018
29019
29019
29020
29021
29021
29022
29023
29023
29024
29025
29026
29026
29027
29028
29028
29029
29030
29030
29031
29032
29033
29033
29034
29035
29035
29036
29037
29037
29038
29039
29040
29040
29041
29042
29042
29043
29044
29044
29045
29046
29047
29047
29048
29049
29049
29050
29051
29051
29052
29053
29054
29054
29055
29056
29056
29057
29058
29058
29059
29060
29061
29061
29062
29063
29063
29064
29065
29065
29066
29067
29068
29068
29069
29070
29070
29071
29072
29072
29073
29074
29075
29075
29076
29077
29077
29078
29079
29079
29080
29081
29082
29082
29083
29084
29084
29085
29086
29086
29087
29088
29089
29089
29090
29091
29091
29092
29093
29093
29094
29095
29096
29096
29097
29098
29098
29099
29100
29100
29101
29102
29103
29103
29104
29105
29105
29106
29107
29107
29108
29109
29110
29110
29111
29112
29112
29113
29114
29114
29115
29116
29117
29117
29118
29119
29119
29120
29121
29121
29122
29123
29124
29124
29125
29126
29126
29127
29128
