41164
41164
41165
41166
41166
41167
41168
41168
41169
41170
41171
41171
41172
41173
41173
41174
41175
41175
41176
41177
41178
41178
41179
41180
41180
41181
41182
41182
41183
41184
41185
41185
41186
41187
41187
41188
41189
41189
41190
41191
41192
41192
41193
41194
41194
41195
41196
41196
41197
41198
41199
41199
41200
41201
41201
41202
41203
41203
41204
41205
41206
41206
41207
41208
41208
41209
41210
41210
41211
41212
41213
41213
41214
41215
41215
41216
41217
41217
41218
41219
41220
41220
41221
41222
41222
41223
41224
41224
41225
41226
41227
41227
41228
41229
41229
41230
41231
41231
41232
41233
41234
41234
41235
41236
41236
41237
41238
41238
41239
41240
41241
41241
41242
41243
41243
41244
41245
41245
41246
41247
41248
41248
41249
41250
41250
41251
41252
41252
41253
41254
41255
41255
41256
41257
41257
41258
41259
41259
41260
41261
41262
41262
41263
41264
41264
41265
41266
41266
41267
41268
41269
41269
41270
41271
41271
41272
41273
41273
41274
41275
41276
41276
41277
41278
41278
41279
41280
41280
41281
41282
41283
41283
41284
41285
41285
41286
41287
41287
41288
41289
41290
41290
41291
41292
41292
41293
41294
41294
41295
41296
41297
41297
41298
41299
41299
41300
41301
41301
41302
41303
41304
41304
41305
41306
41306
41307
41308
41308
41309
41310
41311
41311
41312
41313
41313
41314
41315
41315
41316
41317
41318
41318
41319
41320
41320
41321
41322
41322
41323
41324
41325
41325
41326
41327
41327
41328
41329
41329
41330
41331
41332
41332
41333
41334
41334
41335
41336
41336
41337
41338
41339
41339
41340
41341
41341
41342
41343
41343
41344
41345
41346
41346
41347
41348
41348
41349
41350
41350
41351
41352
41353
41353
41354
41355
41355
41356
41357
41357
41358
41359
41360
41360
41361
41362
41362
41363
41364
41364
41365
41366
41367
41367
41368
41369
41369
41370
41371
41371
41372
41373
41374
41374
41375
41376
41376
41377
41378
41378
41379
41380
41381
41381
41382
41383
41383
41384
41385
41385
41386
41387
41388
41388
41389
41390
41390
41391
41392
41392
41393
41394
41395
41395
41396
41397
41397
41398
41399
41399
41400
41401
41402
41402
41403
41404
41404
41405
41406
41406
41407
41408
41409
41409
41410
41411
41411
41412
41413
41413
41414
41415
41416
41416
41417
41418
41418
41419
41420
41420
41421
41422
41423
41423
41424
41425
41425
41426
41427
41427
41428
41429
41430
41430
41431
41432
41432
41433
41434
41434
41435
41436
41437
41437
41438
41439
41439
41440
41441
41441
41442
41443
41444
41444
41445
41446
41446
41447
41448
41448
41449
41450
41451
41451
41452
41453
41453
41454
41455
41455
41456
41457
41458
41458
41459
41460
41460
41461
41462
41462
41463
41464
41465
41465
41466
41467
41467
41468
41469
41469
41470
41471
41472
41472
41473
41474
41474
41475
41476
41476
41477
41478
41479
41479
41480
41481
41481
41482
41483
41483
41484
41485
41486
41486
41487
41488
41488
41489
41490
41490
41491
41492
41493
41493
41494
41495
41495
41496
41497
41497
41498
41499
41500
41500
41501
41502
41502
41503
41504
41504
41505
41506
41507
41507
41508
41509
41509
41510
41511
41511
41512
41513
41514
41514
41515
41516
41516
41517
41518
41518
41519
41520
41521
41521
41522
41523
41523
41524
41525
41525
41526
41527
41528
41528
41529
41530
41530
41531
41532
41532
41533
41534
41535
41535
41536
41537
41537
41538
41539
41539
41540
41541
41542
41542
41543
41544
41544
41545
41546
41546
41547
41548
41549
41549
41550
41551
41551
41552
41553
41553
41554
41555
41556
41556
41557
41558
41558
41559
41560
41560
41561
41562
41563
41563
41564
41565
41565
41566
41567
41567
41568
41569
41570
41570
41571
41572
41572
41573
41574
41574
41575
41576
41577
41577
41578
41579
41579
41580
41581
41581
41582
41583
41584
41584
41585
41586
41586
41587
41588
41588
41589
41590
