8999.5
9000.2
9000.9
9001.6
9002.3
9003
9003.7
9004.4
9005.1
9005.8
9006.5
9007.2
9007.9
9008.6
9009.3
9010
9010.7
9011.4
9012.1
9012.8
9013.5
9014.2
9014.9
9015.6
9016.3
9017
9017.7
9018.4
9019.1
9019.8
9020.5
9021.2
9021.9
9022.6
9023.3
9024
9024.7
9025.4
9026.1
9026.8
9027.5
9028.2
9028.9
9029.6
9030.3
9031
9031.7
9032.4
9033.1
9033.8
9034.5
9035.2
9035.9
9036.6
9037.3
9038
9038.7
9039.4
9040.1
9040.8
9041.5
9042.2
9042.9
9043.6
9044.3
9045
9045.7
9046.4
9047.1
9047.8
9048.5
9049.2
9049.9
9050.6
9051.3
9052
9052.7
9053.4
9054.1
9054.8
9055.5
9056.2
9056.9
9057.6
9058.3
9059
9059.7
9060.4
9061.1
9061.8
9062.5
9063.2
9063.9
9064.6
9065.3
9066
9066.7
9067.4
9068.1
9068.8
9069.5
9070.2
9070.9
9071.6
9072.3
9073
9073.7
9074.4
9075.1
9075.8
9076.5
9077.2
9077.9
9078.6
9079.3
9080
9080.7
9081.4
9082.1
9082.8
9083.5
9084.2
9084.9
9085.6
9086.3
9087
9087.7
9088.4
9089.1
