52774
52774
52775
52776
52777
52777
52778
52779
52779
52780
52781
52781
52782
52783
52784
52784
52785
52786
52786
52787
52788
52788
52789
52790
52791
52791
52792
52793
52793
52794
52795
52795
52796
52797
52798
52798
52799
52800
52800
52801
52802
52802
52803
52804
52805
52805
52806
52807
52807
52808
52809
52809
52810
52811
52812
52812
52813
52814
52814
52815
52816
52816
52817
52818
52819
52819
52820
52821
52821
52822
52823
52823
52824
52825
52826
52826
52827
52828
52828
52829
52830
52830
52831
52832
52833
52833
52834
52835
52835
52836
52837
52837
52838
52839
52840
52840
52841
52842
52842
52843
52844
52844
52845
52846
52847
52847
52848
52849
52849
52850
52851
52851
52852
52853
52854
52854
52855
52856
52856
52857
52858
52858
52859
52860
52861
52861
52862
52863
52863
52864
52865
52865
52866
52867
52868
52868
52869
52870
52870
52871
52872
52872
52873
52874
52875
52875
52876
52877
52877
52878
52879
52879
52880
52881
52882
52882
52883
52884
52884
52885
52886
52886
52887
52888
52889
52889
52890
52891
52891
52892
52893
52893
52894
52895
52896
52896
52897
52898
52898
52899
52900
52900
52901
52902
52903
52903
52904
52905
52905
52906
52907
52907
52908
52909
52910
52910
52911
52912
52912
52913
52914
52914
52915
52916
52917
52917
52918
52919
52919
52920
52921
52921
52922
52923
52924
52924
52925
52926
52926
52927
52928
52928
52929
52930
52931
52931
52932
52933
52933
52934
52935
52935
52936
52937
52938
52938
52939
52940
52940
52941
52942
52942
52943
52944
52945
52945
52946
52947
52947
52948
52949
52949
52950
52951
52952
52952
52953
52954
52954
52955
52956
52956
52957
52958
52959
52959
52960
52961
52961
52962
52963
52963
52964
52965
52966
52966
52967
52968
52968
52969
52970
52970
52971
52972
52973
52973
52974
52975
52975
52976
52977
52977
52978
52979
52980
52980
52981
52982
52982
52983
52984
52984
52985
52986
52987
52987
52988
52989
52989
52990
52991
52991
52992
52993
52994
52994
52995
52996
52996
52997
52998
52998
52999
53000
53001
53001
53002
53003
53003
53004
53005
53005
53006
53007
53008
53008
53009
53010
53010
53011
53012
53012
53013
53014
53015
53015
53016
53017
53017
53018
53019
53019
53020
53021
53022
53022
53023
53024
53024
53025
53026
53026
53027
