63057
63057
63058
63059
63059
63060
63061
63062
63062
63063
63064
63064
63065
63066
63066
63067
63068
63069
63069
63070
63071
63071
63072
63073
63073
63074
63075
63076
63076
63077
63078
63078
63079
63080
63080
63081
63082
63083
63083
63084
63085
63085
63086
63087
63087
63088
63089
63090
63090
63091
63092
63092
63093
63094
63094
63095
63096
63097
63097
63098
63099
63099
63100
63101
63101
63102
63103
63104
63104
63105
63106
63106
63107
63108
63108
63109
63110
63111
63111
63112
63113
63113
63114
63115
63115
63116
63117
63118
63118
63119
63120
63120
63121
63122
63122
63123
63124
63125
63125
63126
63127
63127
63128
63129
63129
63130
63131
63132
63132
63133
63134
63134
63135
63136
63136
63137
63138
63139
63139
63140
63141
63141
63142
63143
63143
63144
63145
63146
63146
63147
63148
63148
63149
63150
63150
63151
63152
63153
63153
63154
63155
63155
63156
63157
63157
63158
63159
63160
63160
63161
63162
63162
63163
63164
63164
63165
63166
63167
63167
63168
63169
63169
63170
63171
63171
63172
63173
63174
63174
63175
63176
63176
63177
63178
63178
63179
63180
63181
63181
63182
63183
63183
63184
63185
63185
63186
63187
63188
63188
63189
63190
63190
63191
63192
63192
63193
63194
63195
63195
63196
63197
63197
63198
63199
63199
63200
63201
63202
63202
63203
63204
63204
63205
63206
63206
63207
63208
63209
63209
63210
63211
63211
63212
63213
63213
63214
63215
63216
63216
63217
63218
63218
63219
63220
63220
63221
63222
63223
63223
63224
63225
63225
63226
63227
63227
63228
63229
63230
63230
63231
63232
63232
63233
63234
63234
63235
63236
63237
63237
63238
63239
63239
63240
63241
63241
63242
63243
63244
63244
63245
63246
63246
63247
63248
63248
63249
63250
63251
63251
63252
63253
63253
63254
63255
63255
63256
63257
63258
63258
63259
63260
63260
63261
63262
63262
63263
63264
63265
63265
63266
63267
63267
63268
63269
63269
63270
63271
63272
63272
63273
63274
63274
63275
63276
63276
63277
63278
63279
63279
63280
63281
63281
63282
63283
63283
63284
63285
63286
63286
63287
63288
63288
63289
63290
63290
63291
63292
63293
63293
63294
63295
63295
63296
63297
63297
63298
63299
63300
63300
63301
63302
63302
63303
63304
63304
63305
63306
63307
63307
63308
63309
63309
63310
63311
63311
63312
63313
63314
63314
63315
63316
63316
63317
63318
63318
63319
63320
63321
63321
63322
63323
63323
63324
63325
63325
63326
63327
63328
63328
63329
63330
63330
63331
63332
63332
63333
63334
63335
63335
63336
63337
63337
63338
63339
63339
63340
63341
63342
63342
63343
63344
63344
63345
63346
63346
63347
63348
63349
63349
63350
63351
63351
63352
63353
63353
63354
