79836
79837
79837
79838
79839
79840
79840
79841
79842
79842
79843
79844
79844
79845
79846
79847
79847
79848
79849
79849
79850
79851
79851
79852
79853
79854
79854
79855
79856
79856
79857
79858
79858
79859
79860
79861
79861
79862
79863
79863
79864
79865
79865
79866
79867
79868
79868
79869
79870
79870
79871
79872
79872
79873
79874
79875
79875
79876
79877
79877
79878
79879
79879
79880
79881
79882
79882
79883
79884
79884
79885
79886
79886
79887
79888
79889
79889
79890
79891
79891
79892
79893
79893
79894
79895
79896
79896
79897
79898
79898
79899
79900
79900
79901
79902
79903
79903
79904
79905
79905
79906
79907
79907
79908
79909
79910
79910
79911
79912
79912
79913
79914
79914
79915
79916
79917
79917
79918
79919
79919
79920
79921
79921
79922
79923
79924
79924
79925
79926
79926
79927
79928
79928
79929
79930
79931
79931
79932
79933
79933
79934
79935
79935
79936
79937
79938
79938
79939
79940
79940
79941
79942
79942
79943
79944
79945
79945
79946
79947
79947
79948
79949
79949
79950
79951
79952
79952
79953
79954
79954
79955
79956
79956
79957
79958
79959
79959
79960
79961
79961
79962
79963
79963
79964
79965
79966
79966
79967
79968
79968
79969
79970
79970
79971
79972
79973
79973
79974
79975
79975
79976
79977
79977
79978
79979
79980
79980
79981
79982
79982
79983
79984
79984
79985
79986
79987
79987
79988
79989
79989
79990
79991
79991
79992
79993
79994
79994
79995
79996
79996
79997
79998
79998
79999
80000
80001
80001
80002
80003
80003
80004
80005
80005
80006
80007
80008
80008
80009
80010
80010
80011
80012
80012
80013
80014
80015
80015
80016
80017
80017
80018
80019
80019
80020
80021
80022
80022
80023
80024
80024
80025
80026
80026
80027
80028
80029
80029
80030
80031
80031
80032
80033
80033
80034
80035
80036
80036
80037
80038
80038
80039
80040
80040
80041
80042
80043
80043
80044
80045
80045
80046
80047
80047
80048
80049
80050
80050
80051
80052
80052
80053
80054
80054
80055
80056
80057
80057
80058
80059
80059
80060
80061
80061
80062
80063
80064
80064
80065
80066
80066
80067
80068
80068
80069
80070
80071
80071
80072
80073
80073
80074
80075
80075
80076
80077
80078
80078
80079
80080
80080
80081
80082
80082
80083
80084
80085
80085
80086
80087
80087
80088
80089
80089
80090
80091
80092
80092
80093
80094
80094
80095
80096
80096
80097
80098
80099
80099
80100
80101
80101
80102
80103
80103
80104
80105
80106
80106
80107
80108
80108
80109
80110
80110
80111
80112
80113
80113
80114
80115
80115
80116
80117
80117
80118
80119
80120
80120
80121
80122
80122
80123
80124
80124
80125
80126
80127
80127
80128
80129
80129
80130
80131
80131
80132
80133
80134
80134
80135
80136
80136
80137
80138
80138
80139
80140
80141
80141
80142
80143
80143
80144
80145
80145
80146
80147
80148
80148
80149
80150
80150
80151
80152
80152
80153
80154
80155
80155
80156
80157
80157
80158
80159
80159
80160
80161
80162
80162
80163
80164
80164
80165
80166
80166
80167
80168
80169
80169
80170
80171
80171
80172
80173
80173
80174
80175
80176
80176
80177
80178
80178
80179
80180
80180
80181
80182
80183
80183
80184
80185
80185
80186
80187
80187
80188
80189
80190
80190
80191
80192
80192
80193
80194
80194
80195
80196
80197
80197
80198
80199
80199
80200
80201
80201
80202
80203
80204
80204
80205
80206
80206
80207
80208
80208
80209
80210
80211
80211
80212
80213
80213
80214
80215
80215
80216
80217
80218
80218
80219
80220
80220
80221
80222
80222
80223
80224
