76013
76014
76014
76015
76016
76016
76017
76018
76018
76019
76020
76021
76021
76022
76023
76023
76024
76025
76025
76026
76027
76028
76028
76029
76030
76030
76031
76032
76032
76033
76034
76035
76035
76036
76037
76037
76038
76039
76039
76040
76041
76042
76042
76043
76044
76044
76045
76046
76046
76047
76048
76049
76049
76050
76051
76051
76052
76053
76053
76054
76055
76056
76056
76057
76058
76058
76059
76060
76060
76061
76062
76063
76063
76064
76065
76065
76066
76067
76067
76068
76069
76070
76070
76071
76072
76072
76073
76074
76074
76075
76076
76077
76077
76078
76079
76079
76080
76081
76081
76082
76083
76084
76084
76085
76086
76086
76087
76088
76088
76089
76090
76091
76091
76092
76093
76093
76094
76095
76095
76096
76097
76098
76098
76099
76100
76100
76101
76102
76102
76103
76104
76105
76105
76106
76107
76107
76108
76109
76109
76110
76111
76112
76112
76113
76114
76114
76115
76116
76116
76117
76118
76119
76119
76120
76121
76121
76122
76123
76123
76124
76125
76126
76126
76127
76128
76128
76129
76130
76130
76131
76132
