36258
36259
36259
36260
36261
36261
36262
36263
36263
36264
36265
36266
36266
36267
36268
36268
36269
36270
36270
36271
36272
36273
36273
36274
36275
36275
36276
36277
36277
36278
36279
36280
36280
36281
36282
36282
36283
36284
36284
36285
36286
36287
36287
36288
36289
36289
36290
36291
36291
36292
36293
36294
36294
36295
36296
36296
36297
36298
36298
36299
36300
36301
36301
36302
36303
36303
36304
36305
36305
36306
36307
36308
36308
36309
36310
36310
36311
36312
36312
36313
36314
36315
36315
36316
36317
36317
36318
36319
36319
36320
36321
36322
36322
36323
36324
36324
36325
36326
36326
36327
36328
36329
36329
36330
36331
36331
36332
36333
36333
36334
36335
36336
36336
36337
36338
36338
36339
36340
36340
36341
36342
36343
36343
36344
36345
36345
36346
36347
36347
36348
36349
36350
36350
36351
36352
36352
36353
36354
36354
36355
36356
36357
36357
36358
36359
36359
36360
36361
36361
36362
36363
36364
36364
36365
36366
36366
36367
36368
36368
36369
36370
36371
36371
36372
36373
36373
36374
36375
36375
36376
36377
36378
36378
36379
36380
36380
36381
36382
36382
36383
36384
36385
36385
36386
36387
36387
36388
36389
36389
36390
36391
36392
36392
36393
36394
36394
36395
36396
36396
36397
36398
36399
36399
36400
36401
36401
36402
36403
36403
36404
36405
36406
36406
36407
36408
36408
36409
36410
36410
36411
36412
36413
36413
36414
36415
36415
36416
36417
36417
36418
36419
36420
36420
36421
36422
36422
36423
36424
36424
36425
36426
36427
36427
36428
36429
36429
36430
36431
36431
36432
36433
36434
36434
36435
36436
36436
36437
36438
36438
36439
36440
36441
36441
36442
36443
36443
36444
36445
36445
36446
36447
36448
36448
36449
36450
36450
36451
36452
36452
36453
36454
36455
36455
36456
36457
36457
36458
36459
36459
36460
36461
36462
36462
36463
36464
36464
36465
36466
36466
36467
36468
36469
36469
36470
36471
36471
36472
36473
36473
36474
36475
36476
36476
36477
36478
36478
36479
36480
36480
36481
36482
36483
36483
36484
36485
36485
36486
36487
36487
36488
36489
36490
36490
36491
36492
36492
36493
36494
36494
36495
36496
36497
36497
36498
36499
36499
36500
36501
36501
36502
36503
36504
36504
36505
36506
36506
36507
36508
36508
36509
36510
36511
36511
36512
36513
36513
36514
36515
36515
36516
36517
36518
36518
36519
36520
36520
36521
36522
36522
36523
36524
36525
36525
36526
36527
36527
36528
36529
36529
36530
36531
36532
36532
36533
36534
36534
36535
36536
36536
36537
36538
36539
36539
36540
36541
36541
36542
36543
36543
36544
36545
36546
36546
36547
36548
36548
36549
36550
36550
36551
36552
36553
36553
36554
36555
36555
36556
36557
36557
36558
36559
36560
36560
36561
36562
36562
36563
36564
36564
