4976.8
4977.5
4978.2
4978.9
4979.6
4980.3
4981
4981.7
4982.4
4983.1
4983.8
4984.5
4985.2
4985.9
4986.6
4987.3
4988
4988.7
4989.4
4990.1
4990.8
4991.5
4992.2
4992.9
4993.6
4994.3
4995
4995.7
4996.4
4997.1
4997.8
4998.5
4999.2
4999.9
5000.6
5001.3
5002
5002.7
5003.4
5004.1
5004.8
5005.5
5006.2
5006.9
5007.6
5008.3
5009
5009.7
5010.4
5011.1
5011.8
5012.5
5013.2
5013.9
5014.6
5015.3
5016
5016.7
5017.4
5018.1
5018.8
5019.5
5020.2
5020.9
5021.6
5022.3
5023
5023.7
5024.4
5025.1
5025.8
5026.5
5027.2
5027.9
5028.6
5029.3
5030
5030.7
5031.4
5032.1
5032.8
5033.5
5034.2
5034.9
5035.6
5036.3
5037
5037.7
5038.4
5039.1
5039.8
5040.5
5041.2
5041.9
5042.6
5043.3
5044
5044.7
5045.4
5046.1
5046.8
5047.5
5048.2
5048.9
5049.6
5050.3
5051
5051.7
5052.4
5053.1
5053.8
5054.5
5055.2
5055.9
5056.6
5057.3
5058
5058.7
5059.4
5060.1
5060.8
5061.5
5062.2
5062.9
5063.6
5064.3
5065
5065.7
5066.4
5067.1
5067.8
5068.5
5069.2
5069.9
5070.6
5071.3
5072
5072.7
5073.4
5074.1
5074.8
5075.5
5076.2
5076.9
5077.6
5078.3
5079
5079.7
5080.4
5081.1
5081.8
5082.5
5083.2
5083.9
5084.6
5085.3
5086
5086.7
5087.4
5088.1
5088.8
5089.5
5090.2
5090.9
5091.6
5092.3
5093
5093.7
5094.4
5095.1
5095.8
5096.5
5097.2
5097.9
5098.6
5099.3
5100
5100.7
5101.4
5102.1
5102.8
5103.5
5104.2
5104.9
5105.6
5106.3
5107
5107.7
5108.4
5109.1
5109.8
5110.5
5111.2
5111.9
5112.6
5113.3
5114
5114.7
5115.4
5116.1
5116.8
5117.5
5118.2
5118.9
5119.6
5120.3
5121
5121.7
5122.4
5123.1
5123.8
5124.5
5125.2
5125.9
5126.6
5127.3
5128
5128.7
5129.4
5130.1
5130.8
5131.5
5132.2
5132.9
5133.6
5134.3
5135
5135.7
5136.4
5137.1
5137.8
5138.5
5139.2
5139.9
5140.6
5141.3
5142
5142.7
5143.4
5144.1
5144.8
5145.5
5146.2
5146.9
5147.6
5148.3
5149
5149.7
5150.4
5151.1
5151.8
5152.5
5153.2
5153.9
5154.6
5155.3
5156
5156.7
5157.4
5158.1
5158.8
5159.5
5160.2
5160.9
5161.6
5162.3
5163
5163.7
5164.4
5165.1
5165.8
5166.5
5167.2
5167.9
5168.6
5169.3
5170
5170.7
5171.4
5172.1
5172.8
5173.5
5174.2
5174.9
5175.6
5176.3
5177
5177.7
5178.4
5179.1
5179.8
5180.5
5181.2
5181.9
5182.6
5183.3
5184
5184.7
5185.4
5186.1
5186.8
5187.5
5188.2
5188.9
5189.6
5190.3
5191
5191.7
5192.4
5193.1
5193.8
5194.5
5195.2
5195.9
5196.6
5197.3
5198
5198.7
5199.4
5200.1
5200.8
5201.5
5202.2
5202.9
5203.6
5204.3
5205
5205.7
5206.4
5207.1
5207.8
5208.5
5209.2
5209.9
5210.6
5211.3
5212
5212.7
5213.4
5214.1
5214.8
5215.5
5216.2
5216.9
5217.6
5218.3
5219
5219.7
5220.4
5221.1
5221.8
5222.5
5223.2
5223.9
5224.6
5225.3
5226
5226.7
5227.4
5228.1
5228.8
5229.5
5230.2
5230.9
5231.6
5232.3
5233
5233.7
5234.4
5235.1
5235.8
5236.5
5237.2
5237.9
5238.6
5239.3
5240
5240.7
5241.4
5242.1
5242.8
5243.5
5244.2
5244.9
5245.6
5246.3
5247
5247.7
5248.4
5249.1
5249.8
5250.5
5251.2
5251.9
5252.6
5253.3
5254
5254.7
5255.4
5256.1
5256.8
5257.5
5258.2
5258.9
5259.6
5260.3
5261
5261.7
5262.4
5263.1
5263.8
5264.5
5265.2
5265.9
5266.6
5267.3
5268
5268.7
5269.4
5270.1
5270.8
5271.5
5272.2
5272.9
5273.6
5274.3
5275
5275.7
5276.4
5277.1
5277.8
5278.5
5279.2
5279.9
5280.6
5281.3
5282
5282.7
5283.4
5284.1
5284.8
5285.5
5286.2
5286.9
5287.6
5288.3
5289
5289.7
5290.4
5291.1
5291.8
5292.5
5293.2
5293.9
5294.6
5295.3
5296
5296.7
5297.4
5298.1
5298.8
5299.5
5300.2
5300.9
5301.6
5302.3
5303
5303.7
5304.4
5305.1
5305.8
5306.5
5307.2
5307.9
5308.6
5309.3
5310
5310.7
5311.4
5312.1
5312.8
5313.5
5314.2
5314.9
5315.6
5316.3
5317
5317.7
5318.4
5319.1
5319.8
5320.5
5321.2
5321.9
5322.6
5323.3
5324
5324.7
5325.4
5326.1
5326.8
5327.5
5328.2
5328.9
5329.6
5330.3
5331
5331.7
5332.4
5333.1
5333.8
5334.5
5335.2
5335.9
5336.6
5337.3
