62647
62648
62649
62650
62650
62651
62652
62652
62653
62654
62654
62655
62656
62657
62657
62658
62659
62659
62660
62661
62661
62662
62663
62664
62664
62665
62666
62666
62667
62668
62668
62669
62670
62671
62671
62672
62673
62673
62674
62675
62675
62676
62677
62678
62678
62679
62680
62680
62681
62682
62682
62683
62684
62685
62685
62686
62687
62687
62688
62689
62689
62690
62691
62692
62692
62693
62694
62694
62695
62696
62696
62697
62698
62699
62699
62700
62701
62701
62702
62703
62703
62704
62705
62706
62706
62707
62708
62708
62709
62710
62710
62711
62712
62713
62713
62714
62715
62715
62716
62717
62717
62718
62719
62720
62720
62721
62722
62722
62723
62724
62724
62725
62726
62727
62727
62728
62729
62729
62730
62731
62731
62732
62733
62734
62734
62735
62736
62736
62737
62738
62738
62739
62740
62741
62741
62742
62743
62743
62744
62745
62745
62746
62747
62748
62748
62749
62750
62750
62751
62752
62752
62753
62754
62755
62755
62756
62757
62757
62758
62759
62759
62760
62761
62762
62762
62763
62764
62764
62765
62766
62766
62767
62768
62769
62769
62770
62771
62771
62772
62773
62773
62774
62775
62776
62776
62777
62778
62778
62779
62780
62780
62781
62782
62783
62783
62784
62785
62785
62786
62787
62787
62788
62789
62790
62790
62791
62792
62792
62793
62794
62794
62795
62796
62797
62797
62798
62799
62799
62800
62801
62801
62802
62803
62804
62804
62805
62806
62806
62807
62808
62808
62809
62810
62811
62811
62812
62813
62813
62814
62815
62815
62816
62817
62818
62818
62819
62820
62820
62821
62822
62822
62823
62824
62825
62825
62826
62827
62827
62828
62829
62829
62830
62831
62832
62832
62833
62834
62834
62835
62836
62836
62837
62838
62839
62839
62840
62841
62841
62842
62843
