4667
4667.7
4668.4
4669.1
4669.8
4670.5
4671.2
4671.9
4672.6
4673.3
4674
4674.7
4675.4
4676.1
4676.8
4677.5
4678.2
4678.9
4679.6
4680.3
4681
4681.7
4682.4
4683.1
4683.8
4684.5
4685.2
4685.9
4686.6
4687.3
4688
4688.7
4689.4
4690.1
4690.8
4691.5
4692.2
4692.9
4693.6
4694.3
4695
4695.7
4696.4
4697.1
4697.8
4698.5
4699.2
4699.9
4700.6
4701.3
4702
4702.7
4703.4
4704.1
4704.8
4705.5
4706.2
4706.9
4707.6
4708.3
4709
4709.7
4710.4
4711.1
4711.8
4712.5
4713.2
4713.9
4714.6
4715.3
4716
4716.7
4717.4
4718.1
4718.8
4719.5
4720.2
4720.9
4721.6
4722.3
4723
4723.7
4724.4
4725.1
4725.8
4726.5
4727.2
4727.9
4728.6
4729.3
4730
4730.7
4731.4
4732.1
4732.8
4733.5
4734.2
4734.9
4735.6
4736.3
4737
4737.7
4738.4
4739.1
4739.8
4740.5
4741.2
4741.9
4742.6
4743.3
4744
4744.7
4745.4
4746.1
4746.8
4747.5
4748.2
4748.9
4749.6
4750.3
4751
4751.7
4752.4
4753.1
4753.8
4754.5
4755.2
4755.9
4756.6
4757.3
4758
4758.7
4759.4
4760.1
4760.8
4761.5
4762.2
4762.9
4763.6
4764.3
4765
4765.7
4766.4
4767.1
4767.8
4768.5
4769.2
4769.9
4770.6
4771.3
4772
4772.7
4773.4
4774.1
4774.8
4775.5
4776.2
4776.9
4777.6
4778.3
4779
4779.7
4780.4
4781.1
4781.8
4782.5
4783.2
4783.9
4784.6
4785.3
4786
4786.7
4787.4
4788.1
4788.8
4789.5
4790.2
4790.9
4791.6
4792.3
4793
4793.7
4794.4
4795.1
4795.8
4796.5
4797.2
4797.9
4798.6
4799.3
4800
4800.7
4801.4
4802.1
4802.8
4803.5
4804.2
4804.9
4805.6
4806.3
4807
4807.7
4808.4
4809.1
4809.8
4810.5
4811.2
4811.9
4812.6
4813.3
4814
4814.7
4815.4
4816.1
4816.8
4817.5
4818.2
4818.9
4819.6
4820.3
4821
4821.7
4822.4
4823.1
4823.8
4824.5
4825.2
4825.9
4826.6
4827.3
4828
4828.7
4829.4
4830.1
4830.8
4831.5
4832.2
4832.9
4833.6
4834.3
4835
4835.7
4836.4
4837.1
4837.8
4838.5
4839.2
4839.9
4840.6
4841.3
4842
4842.7
4843.4
4844.1
4844.8
4845.5
4846.2
4846.9
4847.6
4848.3
4849
4849.7
4850.4
4851.1
4851.8
4852.5
4853.2
4853.9
4854.6
4855.3
4856
4856.7
4857.4
4858.1
4858.8
4859.5
4860.2
4860.9
4861.6
4862.3
4863
4863.7
4864.4
4865.1
4865.8
4866.5
4867.2
4867.9
4868.6
4869.3
4870
4870.7
4871.4
4872.1
4872.8
4873.5
4874.2
4874.9
4875.6
4876.3
4877
4877.7
4878.4
4879.1
4879.8
4880.5
4881.2
4881.9
4882.6
4883.3
4884
4884.7
4885.4
4886.1
4886.8
4887.5
4888.2
4888.9
4889.6
4890.3
4891
4891.7
4892.4
4893.1
4893.8
4894.5
4895.2
4895.9
4896.6
4897.3
4898
4898.7
4899.4
4900.1
4900.8
4901.5
4902.2
4902.9
4903.6
4904.3
4905
4905.7
4906.4
4907.1
4907.8
4908.5
4909.2
4909.9
4910.6
4911.3
4912
4912.7
4913.4
4914.1
4914.8
4915.5
4916.2
4916.9
4917.6
4918.3
4919
4919.7
4920.4
4921.1
4921.8
4922.5
4923.2
4923.9
4924.6
4925.3
4926
4926.7
4927.4
4928.1
4928.8
4929.5
4930.2
4930.9
4931.6
4932.3
4933
4933.7
4934.4
4935.1
4935.8
4936.5
4937.2
4937.9
4938.6
4939.3
4940
4940.7
4941.4
4942.1
4942.8
4943.5
4944.2
4944.9
4945.6
4946.3
4947
4947.7
4948.4
4949.1
4949.8
4950.5
4951.2
4951.9
4952.6
4953.3
4954
4954.7
4955.4
4956.1
4956.8
4957.5
4958.2
4958.9
4959.6
4960.3
4961
4961.7
4962.4
4963.1
4963.8
4964.5
4965.2
4965.9
4966.6
4967.3
4968
