85952
85953
85954
85954
85955
85956
85956
85957
85958
85958
85959
85960
85961
85961
85962
85963
85963
85964
85965
85965
85966
85967
85968
85968
85969
85970
85970
85971
85972
85972
85973
85974
85975
85975
85976
85977
85977
85978
85979
85979
85980
85981
85982
85982
85983
85984
85984
85985
85986
85986
85987
85988
85989
85989
85990
85991
85991
85992
85993
85993
85994
85995
85996
85996
85997
85998
85998
85999
86000
86000
86001
86002
86003
86003
86004
86005
86005
86006
86007
86007
86008
86009
86010
86010
86011
86012
86012
86013
86014
86014
86015
86016
86017
86017
86018
86019
86019
86020
86021
86021
86022
86023
86024
86024
86025
86026
86026
86027
86028
86028
86029
86030
86031
86031
86032
86033
86033
86034
86035
86035
86036
86037
86038
86038
86039
86040
86040
86041
86042
86042
86043
86044
86045
86045
86046
86047
86047
86048
86049
86049
86050
86051
86052
86052
86053
86054
86054
86055
86056
86056
86057
86058
86059
86059
86060
86061
86061
86062
86063
86063
86064
86065
86066
86066
86067
86068
86068
86069
86070
86070
86071
86072
86073
86073
86074
86075
86075
86076
86077
86077
86078
86079
86080
86080
86081
86082
86082
86083
86084
86084
86085
86086
86087
86087
86088
86089
86089
86090
86091
86091
86092
86093
86094
86094
86095
86096
86096
86097
86098
86098
86099
86100
86101
86101
86102
86103
86103
86104
86105
86105
86106
86107
86108
86108
86109
86110
86110
86111
86112
86112
86113
86114
86115
86115
86116
86117
86117
86118
86119
86119
86120
86121
86122
86122
86123
86124
86124
86125
86126
86126
86127
86128
86129
86129
86130
86131
86131
86132
86133
86133
86134
86135
86136
86136
86137
86138
86138
86139
86140
86140
86141
86142
86143
86143
86144
86145
86145
86146
86147
86147
86148
86149
86150
86150
86151
86152
86152
86153
86154
86154
86155
86156
86157
86157
86158
86159
86159
86160
86161
86161
86162
86163
86164
86164
86165
86166
86166
86167
86168
86168
86169
86170
86171
86171
86172
86173
86173
86174
86175
86175
86176
86177
86178
86178
86179
86180
86180
86181
86182
86182
86183
86184
86185
86185
86186
86187
86187
86188
86189
86189
86190
86191
86192
86192
86193
86194
86194
86195
86196
86196
86197
86198
86199
86199
86200
86201
86201
86202
86203
86203
86204
86205
86206
86206
86207
86208
86208
86209
86210
86210
86211
86212
86213
86213
86214
86215
86215
86216
