12341
12342
12342
12343
12344
12344
12345
12346
12346
12347
12348
12349
12349
12350
12351
12351
12352
12353
12353
12354
12355
12356
12356
12357
12358
12358
12359
12360
12360
12361
12362
12363
12363
12364
12365
12365
12366
12367
12367
12368
12369
12370
12370
12371
12372
12372
12373
12374
12374
12375
12376
12377
12377
12378
12379
12379
12380
12381
12381
12382
12383
12384
12384
12385
12386
12386
12387
12388
12388
12389
12390
12391
12391
12392
12393
12393
12394
12395
12395
12396
12397
12398
12398
12399
12400
12400
12401
12402
12402
12403
12404
12405
12405
12406
12407
12407
12408
12409
12409
12410
12411
12412
12412
12413
12414
12414
12415
12416
12416
12417
12418
12419
12419
12420
12421
12421
12422
12423
12423
12424
12425
12426
12426
12427
12428
12428
12429
12430
12430
12431
12432
12433
12433
12434
12435
12435
12436
12437
12437
12438
12439
12440
12440
12441
12442
12442
12443
12444
12444
12445
12446
12447
12447
12448
12449
12449
12450
12451
12451
12452
12453
12454
12454
12455
12456
12456
12457
12458
12458
12459
12460
12461
12461
12462
12463
12463
12464
12465
12465
12466
12467
12468
12468
12469
12470
12470
12471
12472
12472
12473
12474
12475
12475
12476
12477
12477
12478
12479
12479
12480
12481
12482
12482
12483
12484
12484
12485
12486
12486
12487
12488
12489
12489
12490
12491
12491
12492
12493
12493
12494
