4349.4
4350.1
4350.8
4351.5
4352.2
4352.9
4353.6
4354.3
4355
4355.7
4356.4
4357.1
4357.8
4358.5
4359.2
4359.9
4360.6
4361.3
4362
4362.7
4363.4
4364.1
4364.8
4365.5
4366.2
4366.9
4367.6
4368.3
4369
4369.7
4370.4
4371.1
4371.8
4372.5
4373.2
4373.9
4374.6
4375.3
4376
4376.7
4377.4
4378.1
4378.8
4379.5
4380.2
4380.9
4381.6
4382.3
4383
4383.7
4384.4
4385.1
4385.8
4386.5
4387.2
4387.9
4388.6
4389.3
4390
4390.7
4391.4
4392.1
4392.8
4393.5
4394.2
4394.9
4395.6
4396.3
4397
4397.7
4398.4
4399.1
4399.8
4400.5
4401.2
4401.9
4402.6
4403.3
4404
4404.7
4405.4
4406.1
4406.8
4407.5
4408.2
4408.9
4409.6
4410.3
4411
4411.7
4412.4
4413.1
4413.8
4414.5
4415.2
4415.9
4416.6
4417.3
4418
4418.7
4419.4
4420.1
4420.8
4421.5
4422.2
4422.9
4423.6
4424.3
4425
4425.7
4426.4
4427.1
4427.8
4428.5
4429.2
4429.9
4430.6
4431.3
4432
4432.7
4433.4
4434.1
4434.8
4435.5
4436.2
4436.9
4437.6
4438.3
4439
4439.7
4440.4
4441.1
4441.8
4442.5
4443.2
4443.9
4444.6
4445.3
4446
4446.7
4447.4
4448.1
4448.8
4449.5
4450.2
4450.9
4451.6
4452.3
4453
4453.7
4454.4
4455.1
4455.8
4456.5
4457.2
4457.9
4458.6
4459.3
4460
4460.7
4461.4
4462.1
4462.8
4463.5
4464.2
4464.9
4465.6
4466.3
4467
4467.7
4468.4
4469.1
4469.8
4470.5
4471.2
4471.9
4472.6
4473.3
4474
4474.7
4475.4
4476.1
4476.8
4477.5
4478.2
4478.9
4479.6
4480.3
4481
4481.7
4482.4
4483.1
4483.8
4484.5
4485.2
4485.9
4486.6
4487.3
4488
4488.7
4489.4
4490.1
4490.8
4491.5
4492.2
4492.9
4493.6
4494.3
4495
4495.7
4496.4
4497.1
4497.8
4498.5
4499.2
4499.9
4500.6
4501.3
4502
4502.7
4503.4
4504.1
4504.8
4505.5
4506.2
4506.9
4507.6
4508.3
4509
4509.7
4510.4
4511.1
4511.8
4512.5
4513.2
4513.9
4514.6
4515.3
4516
4516.7
4517.4
4518.1
4518.8
4519.5
4520.2
4520.9
4521.6
4522.3
4523
