75511
75512
75512
75513
75514
75514
75515
75516
75517
75517
75518
75519
75519
75520
75521
75521
75522
75523
75524
75524
75525
75526
75526
75527
75528
75528
75529
75530
75531
75531
75532
75533
75533
75534
75535
75535
75536
75537
75538
75538
75539
75540
75540
75541
75542
75542
75543
75544
75545
75545
75546
75547
75547
75548
75549
75549
75550
75551
75552
75552
75553
75554
75554
75555
75556
75556
75557
75558
75559
75559
75560
75561
75561
75562
75563
75563
75564
75565
75566
75566
75567
75568
75568
75569
75570
75570
75571
75572
75573
75573
75574
75575
75575
75576
75577
75577
75578
75579
75580
75580
75581
75582
75582
75583
75584
75584
75585
75586
75587
75587
75588
75589
75589
75590
75591
75591
75592
75593
75594
75594
75595
75596
75596
75597
75598
75598
75599
75600
75601
75601
75602
75603
75603
75604
75605
75605
75606
75607
75608
75608
75609
75610
75610
75611
75612
75612
75613
75614
75615
75615
75616
75617
75617
75618
75619
75619
75620
75621
75622
75622
75623
75624
75624
75625
75626
75626
75627
75628
75629
75629
75630
75631
75631
75632
75633
75633
75634
75635
75636
75636
75637
75638
75638
75639
75640
75640
75641
75642
75643
75643
75644
75645
75645
75646
75647
75647
75648
75649
75650
75650
75651
75652
75652
75653
75654
75654
75655
75656
75657
75657
75658
75659
75659
75660
75661
75661
75662
75663
75664
75664
75665
75666
75666
75667
75668
75668
75669
75670
75671
75671
75672
75673
75673
75674
75675
75675
75676
75677
75678
75678
75679
75680
75680
75681
75682
75682
75683
75684
75685
75685
75686
75687
75687
75688
75689
75689
75690
75691
75692
75692
75693
75694
75694
75695
75696
75696
75697
75698
75699
75699
75700
75701
75701
75702
75703
75703
75704
75705
75706
75706
75707
75708
75708
75709
75710
75710
75711
75712
75713
75713
75714
75715
75715
75716
75717
75717
75718
75719
75720
75720
75721
75722
75722
75723
75724
75724
75725
75726
75727
75727
75728
75729
75729
75730
75731
75731
75732
75733
75734
75734
75735
75736
75736
75737
75738
75738
75739
75740
75741
75741
75742
75743
75743
75744
75745
75745
75746
75747
75748
75748
75749
75750
75750
75751
75752
75752
75753
75754
75755
75755
75756
75757
75757
75758
75759
75759
75760
75761
75762
75762
75763
75764
75764
75765
75766
75766
75767
75768
75769
75769
75770
75771
75771
75772
75773
75773
75774
75775
75776
75776
75777
75778
75778
75779
75780
75780
75781
75782
75783
75783
75784
75785
75785
75786
75787
75787
75788
75789
75790
75790
75791
75792
75792
75793
75794
75794
75795
75796
75797
75797
75798
75799
75799
75800
75801
75801
75802
75803
75804
75804
75805
75806
75806
75807
75808
75808
75809
75810
75811
75811
75812
75813
75813
75814
75815
75815
75816
75817
75818
75818
75819
75820
75820
75821
75822
75822
75823
75824
75825
75825
75826
75827
75827
75828
75829
75829
75830
75831
75832
75832
75833
75834
75834
75835
75836
75836
75837
75838
75839
75839
75840
75841
75841
75842
75843
75843
75844
75845
75846
75846
75847
75848
75848
75849
75850
75850
75851
75852
75853
75853
