70135
70136
70137
70137
70138
70139
70140
70140
70141
70142
70142
70143
70144
70144
70145
70146
70147
70147
70148
70149
70149
70150
70151
70151
70152
70153
70154
70154
70155
70156
70156
70157
70158
70158
70159
70160
70161
70161
70162
70163
70163
70164
70165
70165
70166
70167
70168
70168
70169
70170
70170
70171
70172
70172
70173
70174
70175
70175
70176
70177
70177
70178
70179
70179
70180
70181
70182
70182
70183
70184
70184
70185
70186
70186
70187
70188
70189
70189
70190
70191
70191
70192
70193
70193
70194
70195
70196
70196
70197
70198
70198
70199
70200
70200
70201
70202
70203
70203
70204
70205
70205
70206
70207
70207
70208
70209
70210
70210
70211
70212
70212
70213
70214
70214
70215
70216
70217
70217
70218
70219
70219
70220
70221
70221
70222
70223
70224
70224
70225
70226
70226
70227
70228
70228
70229
70230
70231
70231
70232
70233
70233
70234
70235
70235
70236
70237
70238
70238
70239
70240
70240
70241
70242
70242
70243
70244
70245
70245
70246
70247
70247
70248
70249
70249
70250
70251
70252
70252
70253
70254
70254
70255
70256
70256
70257
70258
70259
70259
70260
70261
70261
70262
70263
70263
70264
70265
70266
70266
70267
70268
70268
70269
70270
70270
70271
70272
70273
70273
70274
70275
70275
70276
70277
70277
70278
70279
70280
70280
70281
70282
70282
70283
