67804
67804
67805
67806
67806
67807
67808
67809
67809
67810
67811
67811
67812
67813
67813
67814
67815
67816
67816
67817
67818
67818
67819
67820
67820
67821
67822
67823
67823
67824
67825
67825
67826
67827
67827
67828
67829
67830
67830
67831
67832
67832
67833
67834
67834
67835
67836
67837
67837
67838
67839
67839
67840
67841
67841
67842
67843
67844
67844
67845
67846
67846
67847
67848
67848
67849
67850
67851
67851
67852
67853
67853
67854
67855
67855
67856
67857
67858
67858
67859
67860
67860
67861
67862
67862
67863
67864
67865
67865
67866
67867
67867
67868
67869
67869
67870
67871
67872
67872
67873
67874
67874
67875
67876
67876
67877
67878
67879
67879
67880
67881
67881
67882
67883
67883
67884
67885
67886
67886
67887
67888
67888
67889
67890
67890
67891
67892
67893
67893
67894
67895
67895
67896
67897
67897
67898
67899
67900
67900
67901
67902
67902
67903
67904
67904
67905
67906
67907
67907
67908
67909
67909
67910
67911
67911
67912
67913
67914
67914
67915
67916
67916
67917
67918
67918
67919
67920
67921
67921
67922
67923
67923
67924
67925
67925
67926
67927
67928
67928
67929
67930
67930
67931
67932
67932
67933
67934
67935
67935
67936
67937
67937
67938
67939
67939
67940
67941
67942
67942
67943
67944
67944
67945
67946
67946
67947
67948
67949
67949
67950
67951
67951
67952
67953
67953
67954
67955
67956
67956
67957
67958
67958
67959
67960
67960
67961
67962
67963
67963
67964
67965
67965
67966
67967
67967
67968
67969
67970
67970
67971
67972
67972
67973
67974
67974
67975
67976
67977
67977
67978
67979
67979
67980
67981
67981
67982
67983
67984
67984
67985
67986
67986
67987
67988
67988
67989
67990
67991
67991
67992
67993
67993
67994
67995
67995
67996
67997
67998
67998
67999
68000
68000
68001
68002
68002
68003
68004
68005
68005
68006
68007
68007
68008
68009
68009
68010
68011
68012
68012
68013
68014
68014
68015
68016
68016
68017
68018
68019
68019
68020
68021
68021
68022
68023
68023
68024
68025
68026
68026
68027
68028
68028
68029
68030
68030
68031
68032
68033
68033
68034
68035
68035
68036
68037
68037
68038
68039
68040
68040
68041
68042
68042
68043
68044
68044
68045
68046
68047
68047
68048
68049
68049
68050
68051
68051
68052
68053
68054
68054
68055
68056
68056
68057
68058
68058
68059
68060
68061
68061
68062
68063
68063
68064
68065
68065
68066
68067
68068
68068
68069
68070
68070
68071
68072
68072
