73819
73819
73820
73821
73822
73822
73823
73824
73824
73825
73826
73826
73827
73828
73829
73829
73830
73831
73831
73832
73833
73833
73834
73835
73836
73836
73837
73838
73838
73839
73840
73840
73841
73842
73843
73843
73844
73845
73845
73846
73847
73847
73848
73849
73850
73850
73851
73852
73852
73853
73854
73854
73855
73856
73857
73857
73858
73859
73859
73860
73861
73861
73862
73863
73864
73864
73865
73866
73866
73867
73868
73868
73869
73870
73871
73871
73872
73873
73873
73874
73875
73875
73876
73877
73878
73878
73879
73880
73880
73881
73882
73882
73883
73884
73885
73885
73886
73887
73887
73888
73889
73889
73890
73891
73892
73892
73893
73894
73894
73895
73896
73896
73897
73898
73899
73899
73900
73901
73901
73902
73903
73903
73904
73905
73906
73906
73907
73908
73908
73909
73910
73910
73911
73912
73913
73913
73914
73915
73915
73916
73917
73917
73918
73919
73920
73920
73921
73922
73922
73923
73924
73924
73925
73926
73927
73927
73928
73929
73929
