78477
78478
78479
78479
78480
78481
78481
78482
78483
78483
78484
78485
78486
78486
78487
78488
78488
78489
78490
78490
78491
78492
78493
78493
78494
78495
78495
78496
78497
78497
78498
78499
78500
78500
78501
78502
78502
78503
78504
78504
78505
78506
78507
78507
78508
78509
78509
78510
78511
78511
78512
78513
78514
78514
78515
78516
78516
78517
78518
78518
78519
78520
78521
78521
78522
78523
78523
78524
78525
78525
78526
78527
78528
78528
78529
78530
78530
78531
78532
78532
78533
78534
78535
78535
78536
78537
78537
78538
78539
78539
78540
78541
78542
78542
78543
78544
78544
78545
78546
78546
78547
78548
78549
78549
78550
78551
78551
78552
78553
78553
78554
78555
78556
78556
78557
78558
78558
78559
78560
78560
78561
78562
78563
78563
78564
78565
78565
78566
78567
78567
78568
78569
78570
78570
78571
78572
78572
78573
78574
78574
78575
78576
78577
78577
78578
78579
78579
78580
78581
78581
78582
78583
78584
78584
78585
78586
78586
78587
78588
78588
78589
78590
78591
78591
78592
78593
78593
78594
78595
78595
78596
78597
78598
78598
78599
78600
78600
78601
78602
78602
78603
78604
78605
78605
78606
78607
78607
78608
78609
78609
78610
78611
78612
78612
78613
78614
78614
78615
78616
78616
78617
78618
78619
78619
78620
78621
78621
78622
78623
78623
78624
78625
78626
78626
78627
78628
78628
78629
78630
78630
78631
78632
78633
78633
78634
78635
78635
78636
78637
78637
78638
78639
78640
78640
78641
78642
78642
78643
78644
78644
78645
78646
78647
78647
78648
78649
78649
78650
78651
78651
78652
78653
78654
78654
78655
78656
78656
78657
78658
78658
78659
78660
78661
78661
78662
78663
78663
78664
78665
78665
78666
78667
78668
78668
78669
78670
78670
78671
78672
78672
78673
78674
78675
78675
78676
78677
78677
78678
78679
78679
78680
78681
78682
78682
78683
78684
78684
78685
78686
78686
78687
78688
78689
78689
78690
78691
78691
78692
78693
78693
78694
78695
78696
78696
78697
78698
78698
78699
78700
78700
78701
78702
78703
78703
78704
78705
78705
78706
78707
78707
78708
78709
78710
78710
78711
78712
78712
78713
78714
78714
78715
78716
78717
78717
78718
78719
78719
78720
78721
78721
78722
78723
78724
78724
78725
78726
78726
78727
78728
78728
78729
78730
78731
78731
78732
78733
78733
78734
78735
78735
78736
78737
78738
78738
78739
78740
78740
78741
78742
78742
78743
