63049
63050
63051
63051
63052
63053
63054
63054
63055
63056
63056
63057
63058
63058
63059
63060
63061
63061
63062
63063
63063
63064
63065
63065
63066
63067
63068
63068
63069
63070
63070
63071
63072
63072
63073
63074
63075
63075
63076
63077
63077
63078
63079
63079
63080
63081
63082
63082
63083
63084
63084
63085
63086
63086
63087
63088
63089
63089
63090
63091
63091
63092
63093
63093
63094
63095
63096
63096
63097
63098
63098
63099
63100
63100
63101
63102
63103
63103
63104
63105
63105
63106
63107
63107
63108
63109
63110
63110
63111
63112
63112
63113
63114
63114
63115
63116
63117
63117
63118
63119
63119
63120
63121
63121
63122
63123
63124
63124
63125
63126
63126
63127
63128
63128
63129
63130
63131
63131
63132
63133
63133
63134
63135
63135
63136
63137
63138
63138
63139
63140
63140
63141
63142
63142
63143
63144
63145
63145
63146
63147
63147
63148
63149
63149
63150
63151
63152
63152
63153
63154
63154
63155
63156
63156
63157
63158
63159
63159
63160
63161
63161
63162
63163
63163
63164
63165
63166
63166
63167
63168
63168
63169
63170
63170
63171
63172
63173
63173
63174
63175
63175
63176
63177
63177
63178
63179
63180
63180
63181
63182
63182
63183
63184
63184
63185
63186
63187
63187
63188
63189
63189
63190
63191
63191
63192
63193
63194
63194
63195
63196
63196
63197
63198
63198
63199
63200
63201
63201
63202
63203
63203
63204
63205
63205
63206
63207
63208
63208
63209
63210
63210
63211
63212
63212
63213
63214
63215
63215
63216
63217
63217
63218
63219
63219
63220
63221
63222
63222
63223
63224
63224
63225
63226
63226
63227
63228
63229
63229
63230
63231
63231
63232
63233
63233
63234
63235
63236
63236
63237
63238
63238
63239
63240
63240
63241
63242
63243
63243
63244
63245
63245
63246
63247
63247
63248
63249
63250
63250
63251
63252
63252
63253
63254
63254
63255
63256
63257
63257
63258
63259
63259
63260
63261
63261
63262
63263
63264
63264
63265
63266
63266
63267
63268
63268
63269
63270
63271
63271
63272
63273
63273
63274
63275
63275
63276
63277
63278
63278
63279
63280
63280
63281
63282
63282
63283
63284
63285
63285
63286
63287
63287
63288
63289
63289
63290
63291
63292
63292
63293
63294
63294
63295
63296
63296
63297
63298
63299
63299
63300
63301
63301
63302
63303
63303
63304
63305
63306
63306
63307
63308
63308
63309
63310
63310
63311
63312
63313
63313
63314
63315
63315
63316
63317
63317
63318
63319
63320
63320
63321
63322
63322
63323
63324
63324
63325
63326
63327
63327
63328
63329
63329
63330
63331
63331
63332
63333
63334
63334
63335
63336
63336
63337
63338
63338
63339
63340
63341
63341
63342
63343
63343
63344
63345
63345
63346
63347
63348
63348
63349
63350
63350
63351
63352
63352
63353
63354
63355
63355
63356
63357
63357
63358
63359
63359
63360
63361
