46783
46783
46784
46785
46786
46786
46787
46788
46788
46789
46790
46790
46791
46792
46793
46793
46794
46795
46795
46796
46797
46797
46798
46799
46800
46800
46801
46802
46802
46803
46804
46804
46805
46806
46807
46807
46808
46809
46809
46810
46811
46811
46812
46813
46814
46814
46815
46816
46816
46817
46818
46818
46819
46820
46821
46821
46822
46823
46823
46824
46825
46825
46826
46827
46828
46828
46829
46830
46830
46831
46832
46832
46833
46834
46835
46835
46836
46837
46837
46838
46839
46839
46840
46841
46842
46842
46843
46844
46844
46845
46846
46846
46847
46848
46849
46849
46850
46851
46851
46852
46853
46853
46854
46855
46856
46856
46857
46858
46858
46859
46860
46860
46861
46862
46863
46863
46864
46865
46865
46866
46867
46867
46868
46869
46870
46870
46871
46872
46872
46873
46874
46874
46875
46876
46877
46877
46878
46879
46879
46880
46881
46881
46882
46883
46884
46884
46885
46886
46886
46887
46888
46888
46889
46890
46891
46891
46892
46893
46893
46894
46895
46895
46896
46897
46898
46898
46899
46900
46900
46901
46902
46902
46903
46904
46905
46905
46906
46907
