20.169
20.869
21.569
22.269
22.969
23.669
24.369
25.069
25.769
26.469
27.169
27.869
28.569
29.269
29.969
30.669
31.369
32.069
32.769
33.469
34.169
34.869
35.569
36.269
36.969
37.669
38.369
39.069
39.769
40.469
41.169
41.869
42.569
43.269
43.969
44.669
45.369
46.069
46.769
47.469
48.169
48.869
49.569
50.269
50.969
51.669
52.369
53.069
53.769
54.469
55.169
55.869
56.569
57.269
57.969
58.669
59.369
60.069
60.769
61.469
62.169
62.869
63.569
64.269
64.969
65.669
66.369
67.069
67.769
68.469
69.169
69.869
70.569
71.269
71.969
72.669
73.369
74.069
74.769
75.469
76.169
76.869
77.569
78.269
78.968
79.669
80.369
81.068
81.769
82.468
83.168
83.868
84.568
85.268
85.968
86.668
87.368
88.068
88.768
89.468
90.168
90.868
91.568
92.268
92.968
93.668
94.368
95.068
95.768
96.468
97.168
97.868
98.568
99.268
99.968
100.67
101.37
102.07
102.77
103.47
104.17
104.87
105.57
106.27
106.97
107.67
108.37
109.07
109.77
110.47
111.17
111.87
112.57
113.27
113.97
114.67
115.37
116.07
116.77
117.47
118.17
118.87
119.57
120.27
120.97
121.67
122.37
123.07
123.77
124.47
125.17
125.87
126.57
127.27
127.97
128.67
129.37
130.07
130.77
131.47
132.17
132.87
133.57
134.27
134.97
135.67
136.37
137.07
137.77
138.47
139.17
139.87
140.57
141.27
141.97
142.67
143.37
144.07
144.77
145.47
146.17
146.87
147.57
148.27
148.97
149.67
150.37
151.07
151.77
152.47
153.17
153.87
154.57
155.27
155.97
156.67
157.37
158.07
158.77
159.47
160.17
160.87
161.57
162.27
162.97
163.67
164.37
165.07
165.77
166.47
167.17
167.87
168.57
169.27
169.97
170.67
171.37
172.07
172.77
173.47
174.17
174.87
175.57
176.27
176.97
177.67
178.37
179.07
179.77
180.47
181.17
181.87
182.57
183.27
183.97
184.67
185.37
186.07
186.77
187.47
188.17
188.87
189.57
190.27
190.97
191.67
192.37
193.07
193.77
194.47
195.17
195.87
196.57
197.27
197.97
198.67
199.37
200.07
200.77
201.47
202.17
202.87
203.57
204.27
204.97
205.67
206.37
207.07
207.77
208.47
209.17
209.87
210.57
211.27
211.97
212.67
213.37
214.07
214.77
215.47
216.17
216.87
217.57
218.27
218.97
219.67
220.37
221.07
221.77
222.47
223.17
223.87
224.57
225.27
225.97
226.67
227.37
228.07
228.77
229.47
230.17
230.87
231.57
232.27
232.97
233.67
234.37
235.07
235.77
236.47
237.17
237.87
238.57
239.27
239.97
240.67
241.37
242.07
242.77
243.47
244.17
244.87
