3579.9
3580.6
3581.3
3582
3582.7
3583.4
3584.1
3584.8
3585.5
3586.2
3586.9
3587.6
3588.3
3589
3589.7
3590.4
3591.1
3591.8
3592.5
3593.2
3593.9
3594.6
3595.3
3596
3596.7
3597.4
3598.1
3598.8
3599.5
3600.2
3600.9
3601.6
3602.3
3603
3603.7
3604.4
3605.1
3605.8
3606.5
3607.2
3607.9
3608.6
3609.3
3610
3610.7
3611.4
3612.1
3612.8
3613.5
3614.2
3614.9
3615.6
3616.3
3617
3617.7
3618.4
3619.1
3619.8
3620.5
3621.2
3621.9
3622.6
3623.3
3624
3624.7
3625.4
3626.1
3626.8
3627.5
3628.2
3628.9
3629.6
3630.3
3631
3631.7
3632.4
3633.1
3633.8
3634.5
3635.2
3635.9
3636.6
3637.3
3638
3638.7
3639.4
3640.1
3640.8
3641.5
3642.2
3642.9
3643.6
3644.3
3645
3645.7
3646.4
3647.1
3647.8
3648.5
3649.2
3649.9
3650.6
3651.3
3652
3652.7
3653.4
3654.1
3654.8
3655.5
3656.2
3656.9
3657.6
3658.3
3659
3659.7
3660.4
3661.1
3661.8
3662.5
3663.2
3663.9
3664.6
3665.3
3666
3666.7
3667.4
3668.1
3668.8
3669.5
3670.2
3670.9
3671.6
3672.3
3673
3673.7
3674.4
3675.1
3675.8
3676.5
3677.2
3677.9
3678.6
3679.3
3680
3680.7
3681.4
3682.1
3682.8
3683.5
3684.2
3684.9
3685.6
3686.3
3687
3687.7
3688.4
3689.1
3689.8
3690.5
3691.2
3691.9
3692.6
3693.3
3694
3694.7
3695.4
3696.1
3696.8
3697.5
3698.2
3698.9
3699.6
3700.3
3701
3701.7
3702.4
3703.1
3703.8
3704.5
3705.2
3705.9
3706.6
3707.3
3708
3708.7
3709.4
3710.1
3710.8
3711.5
3712.2
3712.9
3713.6
3714.3
3715
3715.7
3716.4
3717.1
3717.8
3718.5
3719.2
3719.9
3720.6
3721.3
3722
