78702
78702
78703
78704
78704
78705
78706
78706
78707
78708
78709
78709
78710
78711
78711
78712
78713
78713
78714
78715
78716
78716
78717
78718
78718
78719
78720
78720
78721
78722
78723
78723
78724
78725
78725
78726
78727
78727
78728
78729
78730
78730
78731
78732
78732
78733
78734
78734
78735
78736
78737
78737
78738
78739
78739
78740
78741
78741
78742
78743
78744
78744
78745
78746
78746
78747
78748
78748
78749
78750
78751
78751
78752
78753
78753
78754
78755
78755
78756
78757
78758
78758
78759
78760
78760
78761
78762
78762
78763
78764
78765
78765
78766
78767
78767
78768
78769
78769
78770
78771
78772
78772
78773
78774
78774
78775
78776
78776
78777
78778
78779
78779
78780
78781
78781
78782
78783
78783
78784
78785
78786
78786
78787
78788
78788
78789
78790
78790
78791
78792
78793
78793
78794
78795
78795
78796
78797
78797
78798
78799
78800
78800
78801
78802
78802
78803
78804
78804
78805
78806
78807
78807
78808
78809
78809
78810
78811
78811
78812
78813
78814
78814
78815
78816
78816
78817
78818
78818
78819
78820
78821
78821
78822
78823
78823
78824
78825
78825
78826
78827
78828
78828
78829
78830
78830
78831
78832
78832
78833
78834
78835
78835
78836
78837
78837
78838
78839
78839
78840
78841
78842
78842
78843
78844
78844
78845
78846
78846
78847
78848
78849
78849
78850
78851
78851
78852
78853
78853
78854
78855
78856
78856
78857
78858
78858
78859
78860
78860
78861
78862
78863
78863
78864
78865
78865
78866
78867
78867
78868
78869
78870
78870
78871
78872
78872
78873
78874
78874
78875
78876
78877
78877
78878
78879
78879
78880
78881
78881
78882
78883
78884
78884
78885
78886
78886
78887
78888
78888
78889
78890
78891
78891
78892
78893
78893
78894
78895
78895
78896
78897
78898
78898
78899
78900
78900
78901
78902
78902
78903
78904
78905
78905
78906
78907
78907
78908
78909
78909
78910
78911
78912
78912
78913
78914
78914
78915
78916
78916
78917
78918
78919
78919
78920
78921
78921
78922
78923
78923
78924
78925
78926
78926
78927
78928
78928
78929
78930
78930
78931
78932
78933
78933
78934
78935
78935
78936
78937
78937
78938
78939
78940
78940
78941
78942
78942
78943
78944
78944
78945
78946
78947
78947
78948
78949
