38054
38055
38056
38057
38057
38058
38059
38059
38060
38061
38061
38062
38063
38064
38064
38065
38066
38066
38067
38068
38068
38069
38070
38071
38071
38072
38073
38073
38074
38075
38075
38076
38077
38078
38078
38079
38080
38080
38081
38082
38082
38083
38084
38085
38085
38086
38087
38087
38088
38089
38089
38090
38091
38092
38092
38093
38094
38094
38095
38096
38096
38097
38098
38099
38099
38100
38101
38101
38102
38103
38103
38104
38105
38106
38106
38107
38108
38108
38109
38110
38110
38111
38112
38113
38113
38114
38115
38115
38116
38117
38117
38118
38119
38120
38120
38121
38122
38122
38123
38124
38124
38125
38126
38127
38127
38128
38129
38129
38130
38131
38131
38132
38133
38134
38134
38135
38136
38136
38137
38138
38138
38139
38140
38141
38141
38142
38143
38143
38144
38145
38145
38146
38147
38148
38148
38149
38150
38150
38151
38152
38152
38153
38154
38155
38155
38156
38157
38157
38158
38159
38159
38160
38161
38162
38162
38163
38164
38164
38165
38166
38166
38167
38168
38169
38169
38170
38171
38171
38172
38173
38173
38174
38175
38176
38176
38177
38178
38178
38179
38180
38180
38181
38182
38183
38183
38184
38185
38185
38186
38187
38187
38188
38189
38190
38190
38191
38192
38192
38193
38194
38194
38195
38196
38197
38197
38198
38199
38199
38200
38201
38201
38202
38203
38204
38204
38205
38206
38206
38207
38208
38208
38209
38210
38211
38211
38212
38213
38213
38214
38215
38215
38216
38217
38218
38218
38219
38220
38220
38221
38222
38222
38223
38224
38225
38225
38226
38227
38227
38228
38229
38229
38230
38231
38232
38232
38233
38234
38234
38235
38236
38236
38237
38238
38239
38239
38240
38241
38241
38242
38243
38243
38244
38245
38246
38246
38247
38248
38248
38249
38250
38250
38251
38252
38253
38253
38254
38255
38255
38256
38257
38257
38258
38259
38260
38260
38261
38262
38262
38263
38264
38264
38265
38266
38267
38267
38268
38269
38269
38270
38271
38271
38272
38273
38274
38274
38275
38276
38276
38277
38278
38278
38279
38280
38281
38281
38282
38283
38283
38284
38285
38285
38286
38287
38288
38288
38289
38290
38290
38291
38292
38292
38293
38294
38295
38295
38296
38297
38297
38298
38299
38299
38300
38301
38302
38302
38303
38304
38304
38305
38306
38306
38307
38308
38309
38309
38310
38311
38311
38312
38313
38313
38314
38315
38316
38316
38317
38318
38318
38319
38320
38320
38321
38322
38323
38323
38324
38325
38325
38326
38327
38327
38328
38329
38330
38330
38331
38332
38332
38333
38334
38334
38335
38336
38337
38337
38338
38339
38339
38340
38341
38341
38342
38343
38344
38344
38345
38346
38346
38347
38348
38348
38349
38350
38351
38351
38352
38353
38353
38354
38355
38355
38356
38357
38358
38358
38359
38360
38360
38361
38362
38362
38363
38364
38365
38365
38366
38367
38367
38368
38369
38369
38370
38371
38372
38372
38373
38374
38374
38375
38376
38376
38377
38378
38379
38379
38380
38381
38381
38382
38383
38383
38384
38385
38386
38386
38387
38388
38388
38389
38390
38390
38391
38392
38393
38393
38394
38395
38395
38396
38397
38397
38398
38399
38400
38400
38401
38402
38402
38403
38404
38404
38405
38406
38407
38407
38408
38409
38409
38410
38411
38411
38412
38413
38414
38414
38415
38416
38416
38417
