362.86
363.56
364.26
364.96
365.66
366.36
367.06
367.76
368.46
369.16
369.86
370.56
371.26
371.96
372.66
373.36
374.06
374.76
375.46
376.16
376.86
377.56
378.26
378.96
379.66
380.36
381.06
381.76
382.46
383.16
383.86
384.56
385.26
385.96
386.66
387.36
388.06
388.76
389.46
390.16
390.86
391.56
392.26
392.96
393.66
394.36
395.06
395.76
396.46
397.16
397.86
398.56
399.26
399.96
400.66
401.36
402.06
402.76
403.46
404.16
404.86
405.56
406.26
406.96
407.66
408.36
409.06
409.76
410.46
411.16
411.86
412.56
413.26
413.96
414.66
415.36
416.06
416.76
417.46
418.16
418.86
419.56
420.26
420.96
421.66
422.36
423.06
423.76
424.46
425.16
425.86
426.56
427.26
427.96
428.66
429.36
430.06
430.76
431.46
432.16
432.86
433.56
434.26
434.96
435.66
436.36
437.06
437.76
438.46
439.16
439.86
440.56
441.26
441.96
442.66
443.36
444.06
444.76
445.46
446.16
446.86
447.56
448.26
448.96
449.66
450.36
451.06
451.76
452.46
453.16
453.86
454.56
455.26
455.96
456.66
457.36
458.06
458.76
459.46
460.16
460.86
461.56
462.26
462.96
463.66
464.36
465.06
465.76
466.46
467.16
467.86
468.56
469.26
469.96
470.66
471.36
472.06
472.76
473.46
474.16
474.86
475.56
476.26
476.96
477.66
478.36
479.06
479.76
480.46
481.16
481.86
482.56
483.26
483.96
484.66
485.36
486.06
486.76
487.46
488.16
488.86
489.56
490.26
490.96
491.66
492.36
493.06
493.76
494.46
495.16
495.86
496.56
497.26
497.96
498.66
499.36
500.06
500.76
501.46
502.16
502.86
503.56
504.26
504.96
505.66
506.36
507.06
507.76
508.46
509.16
509.86
510.56
511.26
511.96
512.66
513.36
514.06
514.76
515.46
516.16
516.86
517.56
518.26
518.96
519.66
520.36
521.06
521.76
522.46
523.16
523.86
524.56
525.26
525.96
526.66
527.36
528.06
528.76
529.46
530.16
530.86
531.56
532.26
532.96
533.66
534.36
535.06
535.76
536.46
537.16
537.86
538.56
539.26
539.96
540.66
541.36
542.06
542.76
543.46
544.16
544.86
545.56
546.26
546.96
547.66
548.36
549.06
549.76
550.46
551.16
551.86
552.56
553.26
553.96
554.66
555.36
556.06
556.76
557.46
558.16
558.86
559.56
560.26
560.96
561.66
562.36
563.06
563.76
564.46
565.16
565.86
566.56
567.26
567.96
568.66
569.36
570.06
570.76
571.46
572.16
572.86
573.56
574.26
574.96
575.66
576.36
577.06
577.76
578.46
579.16
579.86
580.56
581.26
581.96
582.66
583.36
584.06
584.76
585.46
586.16
586.86
587.56
588.26
588.96
589.66
590.36
591.06
591.76
592.46
593.16
593.86
594.56
595.26
595.96
596.66
597.36
598.06
598.76
599.46
600.16
600.86
601.56
602.26
602.96
603.66
604.36
605.06
605.76
606.46
607.16
607.86
608.56
609.26
609.96
610.66
611.36
612.06
612.76
613.46
614.16
614.86
615.56
616.26
616.96
617.66
618.36
619.06
619.76
620.46
621.16
621.86
622.56
623.26
623.96
624.66
625.36
626.06
626.76
627.46
628.16
628.86
629.56
630.26
630.96
631.66
632.36
633.06
633.76
634.46
635.16
635.86
636.56
637.26
