77852
77853
77854
77854
77855
77856
77856
77857
77858
77858
77859
77860
77861
77861
77862
77863
77863
77864
77865
77865
77866
77867
77868
77868
77869
77870
77870
77871
77872
77872
77873
77874
77875
77875
77876
77877
77877
77878
77879
77879
77880
77881
77882
77882
77883
77884
77884
77885
77886
77886
77887
77888
77889
77889
77890
77891
77891
77892
77893
77893
77894
77895
77896
77896
77897
77898
77898
77899
77900
77900
77901
77902
77903
77903
77904
77905
77905
77906
77907
77907
77908
77909
77910
77910
77911
77912
77912
77913
77914
77914
77915
77916
77917
77917
77918
77919
77919
77920
77921
77921
77922
77923
77924
77924
77925
77926
77926
77927
77928
77928
77929
77930
77931
77931
77932
77933
77933
77934
77935
77935
77936
77937
77938
77938
77939
77940
77940
77941
77942
77942
77943
77944
77945
77945
77946
77947
77947
77948
77949
77949
77950
77951
77952
77952
77953
77954
77954
77955
77956
77956
77957
77958
77959
77959
77960
77961
77961
77962
77963
77963
77964
77965
77966
77966
77967
77968
77968
77969
77970
77970
77971
77972
77973
77973
77974
77975
77975
77976
77977
77977
77978
77979
77980
77980
77981
77982
77982
77983
77984
77984
77985
77986
77987
77987
77988
77989
77989
77990
77991
77991
77992
77993
77994
77994
77995
77996
77996
77997
77998
77998
77999
78000
78001
78001
78002
78003
78003
78004
78005
78005
78006
78007
78008
78008
78009
78010
78010
78011
78012
78012
78013
78014
78015
78015
78016
78017
78017
78018
78019
78019
78020
78021
78022
78022
78023
78024
78024
78025
78026
78026
78027
78028
78029
78029
78030
78031
78031
78032
78033
78033
78034
78035
78036
78036
78037
78038
78038
78039
78040
78040
78041
78042
78043
78043
78044
78045
78045
78046
78047
78047
78048
78049
78050
78050
78051
78052
78052
78053
78054
78054
78055
78056
78057
78057
78058
78059
78059
78060
78061
78061
78062
78063
78064
78064
78065
78066
78066
78067
78068
78068
78069
78070
78071
78071
78072
78073
78073
78074
78075
78075
78076
78077
78078
78078
78079
78080
78080
78081
78082
78082
78083
78084
78085
78085
78086
78087
78087
78088
78089
78089
78090
78091
78092
78092
78093
78094
78094
78095
78096
78096
78097
78098
78099
78099
78100
78101
78101
78102
78103
78103
78104
78105
78106
78106
78107
78108
78108
78109
78110
78110
78111
78112
78113
78113
78114
78115
78115
78116
78117
78117
78118
78119
78120
78120
78121
78122
78122
78123
78124
78124
78125
78126
78127
78127
78128
78129
78129
78130
78131
78131
78132
78133
78134
78134
78135
78136
78136
78137
78138
78138
78139
78140
78141
78141
78142
78143
78143
78144
78145
78145
78146
78147
78148
78148
78149
78150
78150
78151
78152
78152
78153
78154
78155
78155
78156
78157
78157
78158
78159
78159
78160
78161
78162
78162
78163
78164
78164
78165
78166
78166
78167
78168
78169
78169
78170
78171
78171
78172
78173
78173
78174
78175
78176
78176
78177
78178
78178
78179
78180
78180
78181
78182
78183
78183
78184
78185
78185
78186
78187
78187
78188
78189
78190
78190
78191
78192
78192
78193
78194
