20072
20073
20074
20075
20075
20076
20077
20077
20078
20079
20079
20080
20081
20082
20082
20083
20084
20084
20085
20086
20086
20087
20088
20089
20089
20090
20091
20091
20092
20093
20093
20094
20095
20096
20096
20097
20098
20098
20099
20100
20100
20101
20102
20103
20103
20104
20105
20105
20106
20107
20107
20108
20109
20110
20110
20111
20112
20112
20113
20114
20114
20115
20116
20117
20117
20118
20119
20119
20120
20121
20121
20122
20123
20124
20124
20125
20126
20126
20127
20128
20128
20129
20130
20131
20131
20132
20133
20133
20134
20135
20135
20136
20137
20138
20138
20139
20140
20140
20141
20142
20142
20143
20144
20145
20145
20146
20147
20147
20148
20149
20149
20150
20151
20152
20152
20153
20154
20154
20155
20156
20156
20157
20158
20159
20159
20160
20161
20161
20162
20163
20163
20164
20165
20166
20166
20167
20168
20168
20169
20170
20170
20171
20172
20173
20173
20174
20175
20175
20176
20177
20177
20178
20179
20180
20180
20181
20182
20182
20183
20184
20184
20185
20186
20187
20187
20188
20189
20189
20190
20191
20191
20192
20193
20194
20194
20195
20196
20196
20197
20198
20198
20199
20200
20201
20201
20202
20203
20203
20204
20205
20205
20206
20207
20208
20208
20209
20210
20210
20211
20212
20212
20213
20214
20215
20215
20216
20217
20217
20218
20219
20219
20220
20221
20222
20222
20223
20224
20224
20225
20226
20226
20227
20228
20229
20229
20230
20231
20231
20232
20233
20233
20234
20235
20236
20236
20237
20238
20238
20239
20240
20240
20241
20242
20243
20243
20244
20245
20245
20246
20247
20247
20248
20249
20250
20250
20251
20252
20252
20253
20254
20254
20255
20256
20257
20257
20258
20259
20259
20260
20261
20261
20262
20263
20264
20264
20265
20266
20266
20267
20268
20268
20269
20270
20271
20271
20272
20273
20273
20274
20275
20275
20276
20277
20278
20278
20279
20280
20280
20281
20282
20282
20283
20284
20285
20285
20286
20287
20287
20288
20289
20289
20290
20291
20292
20292
20293
20294
20294
20295
20296
20296
20297
20298
20299
20299
20300
20301
20301
20302
20303
20303
20304
20305
20306
20306
20307
20308
20308
20309
20310
20310
20311
20312
20313
20313
20314
20315
20315
20316
20317
20317
20318
20319
20320
20320
20321
20322
20322
20323
20324
20324
20325
20326
20327
20327
20328
20329
20329
20330
20331
20331
20332
20333
20334
20334
20335
20336
20336
20337
20338
20338
20339
20340
20341
20341
20342
20343
20343
20344
20345
20345
20346
20347
20348
20348
20349
