42451
42452
42453
42453
42454
42455
42455
42456
42457
42457
42458
42459
42460
42460
42461
42462
42462
42463
42464
42464
42465
42466
42467
42467
42468
42469
42469
42470
42471
42471
42472
42473
42474
42474
42475
42476
42476
42477
42478
42478
42479
42480
42481
42481
42482
42483
42483
42484
42485
42485
42486
42487
42488
42488
42489
42490
42490
42491
42492
42492
42493
42494
42495
42495
42496
42497
42497
42498
42499
42499
42500
42501
42502
42502
42503
42504
42504
42505
42506
42506
42507
42508
42509
42509
42510
42511
42511
42512
42513
42513
42514
42515
42516
42516
42517
42518
42518
42519
42520
42520
42521
42522
42523
42523
42524
42525
42525
42526
42527
42527
42528
42529
42530
42530
42531
42532
42532
42533
42534
42534
42535
42536
42537
42537
42538
42539
42539
42540
42541
42541
42542
42543
42544
42544
42545
42546
42546
42547
42548
42548
42549
42550
42551
42551
42552
42553
42553
42554
42555
42555
42556
42557
42558
42558
42559
42560
42560
42561
42562
42562
42563
42564
42565
42565
42566
42567
42567
42568
42569
42569
42570
42571
42572
42572
42573
42574
42574
42575
42576
42576
42577
42578
42579
42579
42580
42581
42581
42582
42583
42583
42584
42585
42586
42586
42587
42588
42588
42589
42590
42590
42591
42592
42593
42593
42594
42595
42595
42596
42597
42597
42598
42599
42600
42600
42601
42602
42602
42603
42604
42604
42605
42606
42607
42607
42608
42609
42609
42610
42611
42611
42612
42613
42614
42614
42615
42616
42616
42617
42618
42618
42619
42620
42621
42621
42622
42623
42623
42624
42625
42625
42626
42627
42628
42628
42629
42630
42630
42631
42632
42632
42633
42634
42635
42635
42636
42637
42637
42638
42639
42639
42640
42641
42642
42642
42643
42644
42644
42645
42646
42646
42647
42648
42649
42649
42650
42651
42651
42652
42653
42653
42654
42655
42656
42656
42657
42658
42658
42659
42660
42660
42661
42662
42663
42663
42664
42665
42665
42666
42667
42667
42668
42669
42670
42670
42671
42672
42672
42673
42674
42674
42675
42676
42677
42677
42678
42679
42679
42680
42681
42681
42682
42683
42684
42684
42685
42686
42686
42687
42688
42688
42689
42690
42691
42691
42692
42693
42693
42694
42695
42695
42696
42697
42698
42698
42699
42700
42700
42701
42702
42702
42703
42704
42705
42705
42706
42707
42707
42708
42709
42709
42710
42711
42712
42712
42713
42714
42714
42715
42716
42716
42717
42718
42719
42719
42720
42721
42721
42722
42723
42723
42724
42725
42726
42726
42727
42728
42728
42729
42730
42730
42731
42732
42733
42733
42734
42735
42735
42736
42737
42737
42738
42739
42740
42740
42741
42742
42742
42743
42744
42744
42745
42746
42747
42747
42748
42749
42749
42750
42751
42751
42752
42753
42754
42754
42755
42756
42756
42757
42758
42758
42759
42760
42761
42761
42762
42763
42763
42764
42765
42765
42766
42767
42768
42768
42769
42770
42770
42771
42772
42772
42773
42774
42775
42775
42776
42777
42777
42778
42779
42779
42780
42781
