44361
44362
44363
44363
44364
44365
44365
44366
44367
44367
44368
44369
44370
44370
44371
44372
44372
44373
44374
44374
44375
44376
44377
44377
44378
44379
44379
44380
44381
44381
44382
44383
44384
44384
44385
44386
44386
44387
44388
44388
44389
44390
44391
44391
44392
44393
44393
44394
44395
44395
44396
44397
44398
44398
44399
44400
44400
44401
44402
44402
44403
44404
44405
44405
44406
44407
44407
44408
44409
44409
44410
44411
44412
44412
44413
44414
44414
44415
44416
44416
44417
44418
44419
44419
44420
44421
44421
44422
44423
44423
44424
44425
44426
44426
44427
44428
44428
44429
44430
44430
44431
44432
44433
44433
44434
44435
44435
44436
44437
44437
44438
44439
44440
44440
44441
44442
44442
44443
44444
44444
44445
44446
44447
44447
44448
44449
44449
44450
44451
44451
44452
44453
44454
44454
44455
44456
44456
44457
44458
44458
44459
44460
44461
44461
44462
44463
44463
44464
44465
44465
44466
44467
44468
44468
44469
44470
44470
44471
44472
44472
44473
44474
44475
44475
44476
44477
44477
44478
44479
44479
44480
44481
44482
44482
44483
44484
44484
44485
44486
44486
44487
44488
44489
44489
44490
44491
44491
44492
44493
44493
44494
44495
44496
44496
44497
44498
44498
44499
44500
44500
44501
44502
44503
44503
44504
44505
44505
44506
44507
44507
44508
44509
44510
44510
44511
44512
44512
44513
44514
44514
44515
44516
44517
44517
44518
44519
44519
44520
44521
44521
44522
44523
44524
44524
44525
44526
44526
44527
44528
44528
44529
44530
44531
44531
44532
44533
44533
44534
44535
44535
44536
44537
44538
44538
44539
44540
44540
44541
44542
44542
44543
44544
44545
44545
44546
44547
44547
44548
44549
44549
44550
44551
44552
44552
44553
44554
44554
44555
44556
44556
44557
44558
44559
44559
44560
44561
44561
44562
44563
44563
44564
44565
44566
44566
44567
44568
44568
44569
44570
44570
44571
44572
44573
44573
44574
44575
44575
44576
44577
44577
44578
44579
44580
44580
44581
44582
44582
44583
44584
44584
44585
44586
44587
44587
44588
44589
44589
44590
44591
44591
44592
44593
44594
44594
44595
44596
44596
44597
44598
44598
44599
44600
44601
44601
44602
44603
44603
44604
44605
44605
44606
44607
44608
44608
44609
44610
44610
44611
44612
44612
44613
44614
44615
44615
44616
44617
44617
44618
44619
44619
44620
44621
44622
44622
44623
44624
44624
44625
44626
44626
44627
44628
44629
44629
44630
44631
44631
44632
44633
44633
44634
44635
44636
44636
44637
44638
44638
44639
44640
44640
44641
44642
44643
44643
44644
44645
44645
44646
44647
44647
44648
44649
44650
44650
44651
44652
44652
44653
44654
44654
44655
44656
44657
44657
44658
44659
44659
44660
44661
44661
44662
44663
44664
44664
44665
44666
44666
44667
44668
44668
44669
44670
44671
44671
44672
44673
44673
44674
44675
44675
44676
44677
44678
44678
44679
44680
44680
44681
44682
44682
44683
44684
44685
44685
44686
44687
44687
44688
44689
44689
44690
44691
44692
44692
44693
44694
44694
44695
44696
44696
44697
44698
44699
44699
44700
44701
44701
44702
44703
44703
44704
44705
44706
44706
44707
44708
44708
44709
44710
44710
44711
44712
44713
44713
44714
44715
44715
44716
44717
44717
44718
44719
44720
44720
44721
44722
44722
44723
44724
44724
44725
44726
44727
44727
44728
44729
44729
44730
44731
44731
44732
44733
44734
44734
44735
44736
44736
44737
44738
44738
44739
44740
44741
44741
44742
44743
44743
44744
44745
44745
44746
44747
44748
44748
44749
44750
44750
44751
44752
44752
44753
44754
44755
44755
44756
