37407
37407
37408
37409
37409
37410
37411
37412
37412
37413
37414
37414
37415
37416
37416
37417
37418
37419
37419
37420
37421
37421
37422
37423
37423
37424
37425
37426
37426
37427
37428
37428
37429
37430
37430
37431
37432
37433
37433
37434
37435
37435
37436
37437
37437
37438
37439
37440
37440
37441
37442
37442
37443
37444
37444
37445
37446
37447
37447
37448
37449
37449
37450
37451
37451
37452
37453
37454
37454
37455
37456
37456
37457
37458
37458
37459
37460
37461
37461
37462
37463
37463
37464
37465
37465
37466
37467
37468
37468
37469
37470
37470
37471
37472
37472
37473
37474
37475
37475
37476
37477
37477
37478
37479
37479
37480
37481
37482
37482
37483
37484
37484
37485
37486
37486
37487
37488
37489
37489
37490
37491
37491
37492
37493
37493
37494
37495
37496
37496
37497
37498
37498
37499
37500
37500
37501
37502
37503
37503
37504
37505
37505
37506
37507
37507
37508
37509
37510
37510
37511
37512
37512
37513
37514
37514
37515
37516
37517
37517
37518
37519
37519
37520
37521
37521
37522
37523
37524
37524
37525
37526
37526
37527
37528
37528
37529
37530
37531
37531
37532
37533
37533
37534
37535
37535
37536
37537
37538
37538
37539
37540
37540
37541
37542
37542
37543
37544
37545
37545
37546
37547
37547
37548
37549
37549
37550
37551
37552
37552
37553
37554
37554
37555
37556
37556
37557
37558
37559
37559
37560
37561
37561
37562
37563
37563
37564
37565
37566
37566
37567
37568
37568
37569
37570
37570
37571
37572
37573
37573
37574
37575
37575
37576
37577
37577
37578
37579
37580
37580
37581
37582
37582
37583
37584
37584
37585
37586
37587
37587
37588
37589
37589
37590
37591
37591
37592
37593
37594
37594
37595
37596
37596
37597
37598
37598
37599
37600
37601
37601
37602
37603
37603
37604
37605
37605
37606
37607
37608
37608
37609
37610
37610
37611
37612
37612
37613
37614
37615
37615
37616
37617
37617
37618
37619
37619
37620
37621
37622
37622
37623
37624
37624
37625
37626
37626
37627
37628
37629
37629
37630
37631
37631
37632
37633
37633
37634
37635
37636
37636
37637
37638
37638
37639
37640
37640
37641
37642
37643
37643
37644
37645
37645
37646
37647
37647
37648
37649
37650
37650
37651
37652
37652
37653
37654
37654
37655
37656
37657
37657
37658
37659
37659
37660
37661
37661
37662
37663
37664
37664
37665
37666
37666
37667
37668
37668
37669
37670
37671
37671
37672
37673
37673
37674
37675
37675
37676
37677
37678
37678
37679
37680
37680
37681
37682
37682
37683
37684
37685
37685
37686
37687
37687
37688
37689
37689
37690
37691
37692
37692
37693
37694
37694
37695
37696
37696
37697
37698
37699
37699
37700
37701
37701
37702
37703
37703
37704
37705
37706
37706
37707
37708
37708
37709
37710
37710
37711
37712
37713
37713
37714
37715
37715
37716
37717
37717
37718
37719
37720
37720
37721
37722
37722
37723
37724
37724
37725
37726
37727
37727
37728
37729
37729
37730
37731
37731
37732
37733
37734
37734
37735
37736
37736
37737
37738
37738
37739
37740
37741
37741
37742
37743
37743
37744
37745
37745
37746
37747
37748
37748
37749
37750
37750
37751
37752
37752
37753
37754
37755
37755
37756
37757
37757
37758
37759
37759
37760
37761
37762
37762
37763
37764
37764
37765
37766
37766
37767
37768
37769
37769
37770
37771
37771
37772
37773
37773
37774
37775
37776
37776
37777
37778
37778
37779
37780
37780
37781
37782
37783
37783
37784
37785
37785
37786
37787
37787
37788
37789
37790
37790
37791
37792
37792
37793
37794
37794
37795
37796
37797
37797
37798
37799
37799
37800
37801
37801
37802
37803
37804
37804
37805
37806
37806
37807
37808
37808
37809
37810
37811
37811
