51359
51360
51360
51361
51362
51363
51363
51364
51365
51365
51366
51367
51367
51368
51369
51370
51370
51371
51372
51372
51373
51374
51374
51375
51376
51377
51377
51378
51379
51379
51380
51381
51381
51382
51383
51384
51384
51385
51386
51386
51387
51388
51388
51389
51390
51391
51391
51392
51393
51393
51394
51395
51395
51396
51397
51398
51398
51399
51400
51400
51401
51402
51402
51403
51404
51405
51405
51406
51407
51407
51408
51409
51409
51410
51411
51412
51412
51413
51414
51414
51415
51416
51416
51417
51418
51419
51419
51420
51421
51421
51422
51423
51423
51424
51425
51426
51426
51427
51428
51428
51429
51430
51430
51431
51432
51433
51433
51434
51435
51435
51436
51437
51437
51438
51439
51440
51440
51441
51442
51442
51443
51444
51444
51445
51446
51447
51447
51448
51449
51449
51450
51451
51451
51452
51453
51454
51454
51455
51456
51456
51457
51458
51458
51459
51460
51461
51461
51462
51463
51463
51464
51465
51465
51466
51467
51468
51468
51469
51470
51470
51471
51472
51472
51473
51474
51475
51475
51476
51477
51477
51478
51479
51479
51480
51481
51482
51482
51483
51484
51484
51485
51486
51486
51487
51488
51489
51489
51490
51491
51491
51492
51493
51493
51494
51495
51496
51496
51497
51498
51498
51499
51500
51500
51501
51502
51503
51503
51504
51505
51505
51506
51507
51507
51508
51509
51510
51510
51511
51512
51512
51513
51514
51514
51515
51516
51517
51517
51518
51519
51519
51520
51521
51521
51522
51523
51524
51524
51525
51526
51526
51527
51528
51528
51529
51530
51531
51531
51532
51533
51533
51534
51535
51535
51536
51537
51538
51538
51539
51540
51540
51541
51542
51542
51543
51544
51545
51545
51546
51547
51547
51548
51549
51549
51550
51551
51552
51552
51553
51554
51554
51555
51556
51556
51557
51558
51559
51559
51560
51561
51561
51562
51563
51563
51564
51565
51566
51566
51567
51568
51568
51569
51570
51570
51571
51572
51573
51573
51574
51575
51575
51576
51577
51577
51578
51579
51580
51580
51581
51582
51582
51583
51584
51584
51585
51586
51587
51587
51588
51589
51589
51590
51591
51591
51592
51593
51594
51594
51595
51596
51596
51597
51598
51598
51599
51600
51601
51601
51602
51603
51603
51604
51605
51605
51606
51607
51608
51608
51609
51610
51610
51611
51612
51612
51613
51614
51615
51615
51616
51617
51617
51618
51619
51619
51620
51621
51622
51622
51623
51624
51624
51625
51626
51626
51627
51628
51629
51629
51630
51631
51631
51632
51633
51633
51634
51635
51636
51636
51637
51638
51638
51639
51640
51640
51641
51642
51643
51643
51644
51645
51645
51646
51647
51647
51648
51649
51650
51650
51651
51652
51652
51653
51654
51654
51655
51656
51657
51657
51658
51659
51659
51660
51661
51661
51662
51663
51664
51664
51665
51666
51666
51667
51668
51668
51669
51670
51671
51671
51672
51673
51673
51674
51675
51675
51676
51677
51678
