85786
85787
85788
85788
85789
85790
85790
85791
85792
85793
85793
85794
85795
85795
85796
85797
85797
85798
85799
85800
85800
85801
85802
85802
85803
85804
85804
85805
85806
85807
85807
85808
85809
85809
85810
85811
85811
85812
85813
85814
85814
85815
85816
85816
85817
85818
85818
85819
85820
85821
85821
85822
85823
85823
85824
85825
85825
85826
85827
85828
85828
85829
85830
85830
85831
85832
85832
85833
85834
85835
85835
85836
85837
85837
85838
85839
85839
85840
85841
85842
85842
85843
85844
85844
85845
85846
85846
85847
85848
85849
85849
85850
85851
85851
85852
85853
85853
85854
85855
85856
85856
85857
85858
85858
85859
85860
85860
85861
85862
85863
85863
85864
85865
85865
85866
85867
85867
85868
85869
85870
85870
85871
85872
85872
85873
85874
85874
85875
85876
85877
85877
85878
85879
85879
85880
85881
85881
85882
85883
85884
85884
85885
85886
85886
85887
85888
85888
85889
85890
85891
85891
85892
85893
85893
85894
85895
85895
85896
85897
85898
85898
85899
85900
85900
85901
85902
85902
85903
85904
85905
85905
85906
85907
85907
85908
85909
85909
85910
85911
85912
85912
85913
85914
85914
85915
85916
85916
85917
85918
85919
85919
85920
85921
85921
85922
85923
85923
85924
85925
85926
85926
85927
85928
85928
85929
85930
85930
85931
85932
85933
85933
85934
85935
85935
85936
85937
85937
85938
85939
85940
85940
85941
85942
85942
85943
85944
85944
85945
85946
85947
85947
85948
85949
85949
85950
85951
85951
85952
85953
85954
85954
85955
85956
85956
85957
85958
85958
85959
85960
85961
85961
85962
85963
85963
85964
85965
85965
85966
85967
85968
85968
85969
85970
85970
85971
85972
85972
85973
85974
85975
85975
85976
85977
85977
85978
85979
85979
85980
85981
85982
85982
85983
85984
85984
85985
85986
85986
85987
85988
85989
85989
85990
85991
85991
85992
85993
85993
85994
85995
85996
85996
85997
85998
85998
85999
86000
86000
86001
86002
86003
86003
86004
86005
86005
86006
86007
86007
86008
86009
86010
86010
86011
86012
86012
86013
86014
86014
86015
86016
86017
86017
86018
86019
86019
86020
86021
86021
86022
86023
86024
86024
86025
86026
86026
86027
86028
86028
86029
86030
86031
86031
86032
86033
86033
86034
86035
86035
86036
86037
86038
86038
86039
86040
86040
86041
86042
86042
86043
86044
86045
86045
86046
86047
86047
86048
86049
86049
86050
86051
86052
86052
86053
86054
86054
86055
86056
86056
86057
86058
86059
86059
86060
86061
86061
86062
86063
86063
86064
86065
86066
86066
86067
86068
86068
86069
86070
86070
86071
86072
86073
86073
86074
86075
86075
86076
86077
86077
86078
86079
86080
86080
86081
86082
86082
86083
86084
86084
86085
86086
86087
86087
86088
86089
86089
86090
86091
86091
86092
86093
86094
86094
86095
86096
86096
86097
