3580.2
3580.9
3581.6
3582.3
3583
3583.7
3584.4
3585.1
3585.8
3586.5
3587.2
3587.9
3588.6
3589.3
3590
3590.7
3591.4
3592.1
3592.8
3593.5
3594.2
3594.9
3595.6
3596.3
3597
3597.7
3598.4
3599.1
3599.8
3600.5
3601.2
3601.9
3602.6
3603.3
3604
3604.7
3605.4
3606.1
3606.8
3607.5
3608.2
3608.9
3609.6
3610.3
3611
3611.7
3612.4
3613.1
3613.8
3614.5
3615.2
3615.9
3616.6
3617.3
3618
3618.7
3619.4
3620.1
3620.8
3621.5
3622.2
3622.9
3623.6
3624.3
3625
3625.7
3626.4
3627.1
3627.8
3628.5
3629.2
3629.9
3630.6
3631.3
3632
3632.7
3633.4
3634.1
3634.8
3635.5
3636.2
3636.9
3637.6
3638.3
3639
3639.7
3640.4
3641.1
3641.8
3642.5
3643.2
3643.9
3644.6
3645.3
3646
3646.7
3647.4
3648.1
3648.8
3649.5
3650.2
3650.9
3651.6
3652.3
3653
3653.7
3654.4
3655.1
3655.8
3656.5
3657.2
3657.9
3658.6
3659.3
3660
3660.7
3661.4
3662.1
3662.8
3663.5
3664.2
3664.9
3665.6
3666.3
3667
3667.7
3668.4
3669.1
3669.8
3670.5
3671.2
3671.9
3672.6
3673.3
3674
3674.7
3675.4
3676.1
3676.8
3677.5
3678.2
3678.9
3679.6
3680.3
3681
3681.7
3682.4
3683.1
3683.8
3684.5
3685.2
3685.9
3686.6
3687.3
3688
3688.7
3689.4
3690.1
3690.8
3691.5
3692.2
3692.9
3693.6
3694.3
3695
3695.7
3696.4
3697.1
3697.8
3698.5
3699.2
3699.9
3700.6
3701.3
3702
3702.7
3703.4
3704.1
3704.8
3705.5
3706.2
3706.9
3707.6
3708.3
3709
3709.7
3710.4
3711.1
3711.8
3712.5
3713.2
3713.9
3714.6
3715.3
3716
3716.7
3717.4
3718.1
3718.8
3719.5
3720.2
3720.9
3721.6
