70399
70400
70401
70401
70402
70403
70403
70404
70405
70405
70406
70407
70408
70408
70409
70410
70410
70411
70412
70412
70413
70414
70415
70415
70416
70417
70417
70418
70419
70419
70420
70421
70422
70422
70423
70424
70424
70425
70426
70426
70427
70428
70429
70429
70430
70431
70431
70432
70433
70433
70434
70435
70436
70436
70437
70438
70438
70439
70440
70440
70441
70442
70443
70443
70444
70445
70445
70446
70447
70447
70448
70449
70450
70450
70451
70452
70452
70453
70454
70454
70455
70456
70457
70457
70458
70459
70459
70460
70461
70461
70462
70463
70464
70464
70465
70466
70466
70467
70468
70468
70469
70470
70471
70471
70472
70473
70473
70474
70475
70475
70476
70477
70478
70478
70479
70480
70480
70481
70482
70482
70483
70484
70485
70485
70486
70487
70487
70488
70489
70489
70490
70491
70492
70492
70493
70494
70494
70495
70496
70496
70497
70498
70499
70499
70500
70501
70501
70502
70503
70503
70504
70505
70506
70506
70507
70508
70508
70509
70510
70510
70511
70512
70513
70513
70514
70515
70515
70516
70517
70517
70518
70519
70520
70520
70521
70522
70522
70523
70524
70524
70525
70526
70527
70527
70528
70529
70529
70530
70531
70531
70532
70533
70534
70534
70535
70536
70536
70537
70538
70538
70539
70540
70541
70541
70542
70543
70543
70544
70545
70545
70546
70547
70548
70548
70549
70550
70550
70551
70552
70552
70553
70554
70555
70555
70556
70557
70557
70558
70559
70559
70560
70561
70562
70562
70563
70564
70564
70565
70566
70566
70567
70568
70569
70569
70570
70571
70571
70572
70573
70573
70574
70575
70576
70576
70577
70578
70578
70579
70580
70580
70581
70582
70583
70583
70584
70585
70585
70586
70587
70587
70588
70589
70590
70590
70591
70592
70592
70593
70594
70594
70595
70596
70597
70597
70598
70599
70599
70600
70601
70601
70602
70603
70604
70604
70605
70606
70606
70607
70608
70608
70609
70610
70611
70611
70612
70613
70613
70614
70615
70615
70616
70617
70618
70618
70619
70620
70620
70621
70622
70622
70623
70624
70625
70625
70626
70627
70627
70628
70629
70629
70630
70631
70632
70632
70633
70634
70634
70635
70636
70636
70637
70638
70639
70639
70640
70641
70641
70642
70643
70643
70644
70645
70646
70646
70647
70648
70648
70649
70650
70650
70651
70652
70653
70653
70654
70655
70655
70656
70657
70657
70658
70659
70660
70660
70661
70662
70662
70663
70664
70664
70665
70666
70667
70667
70668
70669
70669
70670
70671
70671
70672
70673
70674
70674
70675
70676
70676
