24825
24826
24826
24827
24828
24829
24829
24830
24831
24831
24832
24833
24833
24834
24835
24836
24836
24837
24838
24838
24839
24840
24840
24841
24842
24843
24843
24844
24845
24845
24846
24847
24847
24848
24849
24850
24850
24851
24852
24852
24853
24854
24854
24855
24856
24857
24857
24858
24859
24859
24860
24861
24861
24862
24863
24864
24864
24865
24866
24866
24867
24868
24868
24869
24870
24871
24871
24872
24873
24873
24874
24875
24875
24876
24877
24878
24878
24879
24880
24880
24881
24882
24882
24883
24884
24885
24885
24886
24887
24887
24888
24889
24889
24890
24891
24892
24892
24893
24894
24894
24895
24896
24896
24897
24898
24899
24899
24900
24901
24901
24902
24903
24903
24904
24905
24906
24906
24907
24908
24908
24909
24910
24910
24911
24912
24913
24913
24914
24915
24915
24916
24917
24917
24918
24919
24920
24920
24921
24922
24922
24923
24924
24924
24925
24926
24927
24927
24928
24929
24929
24930
24931
24931
24932
24933
24934
24934
24935
24936
24936
24937
24938
24938
24939
24940
24941
24941
24942
24943
24943
24944
24945
24945
24946
24947
24948
24948
24949
24950
24950
24951
24952
24952
24953
24954
24955
24955
24956
24957
24957
24958
24959
24959
24960
24961
24962
24962
24963
24964
24964
24965
24966
24966
24967
24968
24969
24969
24970
24971
24971
24972
24973
24973
24974
24975
24976
24976
24977
24978
24978
24979
24980
24980
24981
24982
24983
24983
24984
24985
24985
24986
24987
24987
24988
24989
24990
24990
24991
24992
24992
24993
24994
24994
24995
24996
24997
24997
24998
24999
24999
25000
25001
25001
25002
25003
25004
25004
25005
25006
25006
25007
25008
25008
25009
25010
25011
25011
25012
25013
25013
25014
25015
25015
25016
25017
25018
25018
25019
25020
25020
25021
25022
25022
25023
25024
25025
25025
25026
25027
25027
25028
25029
25029
25030
25031
25032
25032
25033
25034
25034
25035
25036
25036
25037
25038
25039
25039
25040
25041
25041
25042
25043
25043
25044
25045
25046
25046
25047
25048
25048
25049
25050
25050
25051
25052
25053
25053
25054
25055
25055
25056
25057
25057
25058
25059
25060
25060
25061
25062
25062
25063
25064
25064
25065
25066
25067
25067
25068
25069
25069
25070
25071
25071
25072
25073
25074
25074
25075
25076
25076
25077
25078
25078
25079
25080
25081
25081
25082
25083
25083
25084
25085
25085
25086
25087
25088
25088
25089
25090
25090
25091
25092
25092
25093
25094
25095
25095
25096
25097
25097
25098
25099
25099
25100
25101
25102
25102
25103
25104
25104
25105
25106
25106
25107
25108
25109
25109
25110
25111
25111
25112
25113
25113
25114
25115
