50564
50565
50566
50566
50567
50568
50568
50569
50570
50571
50571
50572
50573
50573
50574
50575
50575
50576
50577
50578
50578
50579
50580
50580
50581
50582
50582
50583
50584
50585
50585
50586
50587
50587
50588
50589
50589
50590
50591
50592
50592
50593
50594
50594
50595
50596
50596
50597
50598
50599
50599
50600
50601
50601
50602
50603
50603
50604
50605
50606
50606
50607
50608
50608
50609
50610
50610
50611
50612
50613
50613
50614
50615
50615
50616
50617
50617
50618
50619
50620
50620
50621
50622
50622
50623
50624
50624
50625
50626
50627
50627
50628
50629
50629
50630
50631
50631
50632
50633
50634
50634
50635
50636
50636
50637
50638
50638
50639
50640
50641
50641
50642
50643
50643
50644
50645
50645
50646
50647
50648
50648
50649
50650
50650
50651
50652
50652
50653
50654
50655
50655
50656
50657
50657
50658
50659
50659
50660
50661
50662
50662
50663
50664
50664
50665
50666
50666
50667
50668
50669
50669
50670
50671
50671
50672
50673
50673
50674
50675
50676
50676
50677
50678
50678
50679
50680
50680
50681
50682
50683
50683
50684
50685
50685
50686
50687
50687
50688
50689
50690
50690
50691
50692
50692
50693
50694
50694
50695
50696
50697
50697
50698
50699
50699
50700
50701
50701
50702
50703
50704
50704
50705
50706
50706
50707
50708
50708
50709
50710
50711
50711
50712
50713
50713
50714
50715
50715
50716
50717
50718
50718
50719
50720
50720
50721
50722
50722
50723
50724
50725
50725
50726
50727
50727
50728
50729
50729
50730
50731
50732
50732
50733
50734
50734
50735
50736
50736
50737
50738
50739
50739
50740
50741
50741
50742
50743
50743
50744
50745
50746
50746
50747
50748
50748
50749
50750
50750
50751
50752
50753
50753
50754
50755
50755
50756
50757
50757
50758
50759
50760
50760
50761
50762
50762
50763
50764
50764
50765
50766
50767
50767
50768
50769
50769
50770
50771
50771
50772
50773
50774
50774
50775
50776
50776
50777
50778
50778
50779
50780
50781
50781
50782
50783
50783
50784
50785
50785
50786
50787
50788
50788
50789
50790
50790
50791
50792
50792
50793
50794
50795
50795
50796
50797
50797
50798
50799
50799
50800
50801
50802
50802
50803
50804
50804
50805
50806
50806
50807
50808
50809
50809
50810
50811
50811
50812
50813
50813
50814
50815
50816
50816
50817
50818
50818
50819
50820
50820
50821
50822
50823
50823
50824
50825
50825
50826
50827
50827
50828
50829
50830
50830
50831
50832
50832
50833
50834
50834
50835
50836
50837
50837
50838
50839
50839
50840
50841
50841
50842
50843
50844
50844
50845
50846
50846
50847
50848
50848
50849
50850
50851
50851
50852
50853
50853
50854
50855
50855
50856
50857
50858
50858
50859
50860
50860
50861
50862
50862
50863
50864
50865
50865
50866
50867
50867
50868
50869
50869
50870
