59831
59832
59832
59833
59834
59835
59835
59836
59837
59837
59838
59839
59839
59840
59841
59842
59842
59843
59844
59844
59845
59846
59846
59847
59848
59849
59849
59850
59851
59851
59852
59853
59853
59854
59855
59856
59856
59857
59858
59858
59859
59860
59860
59861
59862
59863
59863
59864
59865
59865
59866
59867
59867
59868
59869
59870
59870
59871
59872
59872
59873
59874
59874
59875
59876
59877
59877
59878
59879
59879
59880
59881
59881
59882
59883
59884
59884
59885
59886
59886
59887
59888
59888
59889
59890
59891
59891
59892
59893
59893
59894
59895
59895
59896
59897
59898
59898
59899
59900
59900
59901
59902
59902
59903
59904
59905
59905
59906
59907
59907
59908
59909
59909
59910
59911
59912
59912
59913
59914
59914
59915
59916
59916
59917
59918
59919
59919
59920
59921
59921
59922
59923
59923
59924
59925
59926
59926
59927
59928
59928
59929
59930
59930
59931
59932
59933
59933
59934
59935
59935
59936
59937
59937
59938
59939
59940
59940
59941
59942
59942
59943
59944
59944
59945
59946
59947
59947
59948
59949
59949
59950
59951
59951
59952
59953
59954
59954
59955
59956
59956
59957
59958
59958
59959
59960
59961
59961
59962
59963
59963
59964
59965
59965
59966
59967
59968
