59451
59452
59452
59453
59454
59454
59455
59456
59457
59457
59458
59459
59459
59460
59461
59461
59462
59463
59464
59464
59465
59466
59466
59467
59468
59468
59469
59470
59471
59471
59472
59473
59473
59474
59475
59475
59476
59477
59478
59478
59479
59480
59480
59481
59482
59482
59483
59484
59485
59485
59486
59487
59487
59488
59489
59489
59490
59491
59492
59492
59493
59494
59494
59495
59496
59496
59497
59498
59499
59499
59500
59501
59501
59502
59503
59503
59504
59505
59506
59506
59507
59508
59508
59509
59510
59510
59511
59512
59513
59513
59514
59515
59515
59516
59517
59517
59518
59519
59520
59520
59521
59522
59522
59523
59524
59524
59525
59526
59527
59527
59528
59529
59529
59530
59531
59531
59532
59533
59534
59534
59535
59536
59536
59537
59538
59538
59539
59540
59541
59541
59542
59543
59543
59544
59545
59545
59546
59547
59548
59548
59549
59550
59550
59551
59552
59552
59553
59554
59555
59555
59556
59557
59557
59558
59559
59559
59560
59561
59562
59562
59563
59564
59564
59565
59566
59566
59567
59568
59569
59569
59570
59571
59571
59572
59573
59573
59574
59575
59576
59576
59577
59578
59578
59579
59580
59580
59581
59582
59583
59583
59584
59585
59585
59586
59587
59587
59588
59589
59590
59590
59591
59592
59592
59593
59594
59594
59595
59596
59597
59597
59598
59599
59599
59600
59601
59601
59602
59603
59604
59604
59605
59606
59606
59607
59608
59608
59609
59610
59611
59611
59612
59613
59613
59614
59615
59615
59616
59617
59618
59618
59619
59620
59620
59621
59622
59622
59623
59624
59625
59625
59626
59627
59627
59628
59629
59629
59630
59631
59632
59632
59633
59634
59634
59635
59636
59636
59637
59638
59639
59639
59640
59641
59641
59642
59643
59643
59644
59645
59646
59646
59647
59648
59648
59649
59650
59650
59651
59652
59653
59653
59654
59655
59655
59656
59657
59657
59658
59659
59660
59660
59661
59662
59662
59663
59664
59664
59665
59666
59667
59667
59668
59669
59669
59670
59671
59671
59672
59673
59674
59674
59675
59676
59676
59677
59678
59678
59679
59680
59681
59681
59682
59683
59683
59684
59685
59685
59686
59687
59688
59688
59689
59690
59690
59691
59692
59692
59693
59694
59695
59695
59696
59697
59697
59698
59699
59699
59700
59701
59702
59702
59703
59704
59704
59705
59706
59706
59707
59708
59709
59709
59710
59711
59711
59712
59713
59713
59714
59715
59716
59716
59717
59718
59718
59719
59720
59720
59721
59722
59723
59723
59724
59725
59725
59726
59727
59727
59728
59729
59730
59730
59731
59732
59732
59733
59734
59734
59735
59736
59737
59737
59738
59739
59739
59740
59741
59741
59742
59743
59744
59744
59745
59746
59746
59747
59748
59748
59749
59750
59751
59751
59752
59753
59753
59754
59755
59755
59756
59757
59758
59758
59759
59760
59760
59761
59762
59762
59763
59764
59765
59765
59766
59767
59767
59768
59769
59769
59770
59771
59772
59772
59773
59774
59774
