69554
69555
69555
69556
69557
69558
69558
69559
69560
69560
69561
69562
69562
69563
69564
69565
69565
69566
69567
69567
69568
69569
69569
69570
69571
69572
69572
69573
69574
69574
69575
69576
69576
69577
69578
69579
69579
69580
69581
69581
69582
69583
69583
69584
69585
69586
69586
69587
69588
69588
69589
69590
69590
69591
69592
69593
69593
69594
69595
69595
69596
69597
69597
69598
69599
69600
69600
69601
69602
69602
69603
69604
69604
69605
69606
69607
69607
69608
69609
69609
69610
69611
69611
69612
69613
69614
69614
69615
69616
69616
69617
69618
69618
69619
69620
69621
69621
69622
69623
69623
69624
69625
69625
69626
69627
69628
69628
69629
69630
69630
69631
69632
69632
69633
69634
69635
69635
69636
69637
69637
69638
69639
69639
69640
69641
69642
69642
69643
69644
69644
69645
69646
69646
69647
69648
69649
69649
69650
69651
69651
69652
69653
69653
69654
69655
69656
69656
69657
69658
69658
69659
69660
69660
69661
69662
69663
69663
69664
69665
69665
69666
69667
69667
69668
69669
69670
69670
69671
69672
69672
69673
69674
69674
69675
69676
69677
69677
69678
69679
69679
69680
69681
69681
69682
69683
69684
69684
69685
69686
69686
69687
69688
69688
69689
69690
69691
69691
69692
69693
69693
69694
69695
69695
69696
69697
69698
69698
69699
69700
69700
69701
69702
69702
69703
69704
69705
69705
69706
69707
69707
69708
69709
69709
69710
69711
69712
69712
69713
69714
69714
69715
69716
69716
69717
69718
69719
69719
69720
69721
69721
69722
69723
69723
69724
69725
69726
69726
69727
69728
69728
69729
69730
69730
69731
69732
69733
69733
69734
69735
69735
69736
69737
69737
69738
69739
69740
69740
69741
69742
69742
69743
69744
69744
69745
69746
69747
69747
69748
69749
69749
69750
69751
69751
69752
69753
69754
69754
69755
69756
69756
69757
69758
69758
69759
69760
69761
69761
69762
69763
69763
69764
69765
69765
69766
69767
69768
69768
69769
69770
69770
69771
69772
69772
69773
69774
69775
69775
69776
69777
69777
69778
69779
69779
69780
69781
69782
69782
69783
69784
69784
69785
69786
69786
69787
69788
69789
69789
69790
69791
69791
69792
69793
69793
69794
69795
69796
69796
69797
69798
69798
69799
69800
69800
69801
69802
69803
69803
69804
69805
69805
69806
69807
69807
69808
69809
69810
69810
69811
69812
69812
69813
69814
69814
69815
69816
69817
69817
69818
69819
69819
69820
69821
69821
69822
69823
69824
69824
69825
69826
69826
69827
69828
69828
69829
69830
69831
69831
69832
69833
69833
69834
69835
69835
69836
69837
69838
69838
69839
69840
69840
69841
69842
69842
69843
69844
69845
69845
69846
69847
69847
69848
69849
69849
69850
69851
69852
69852
69853
69854
69854
69855
69856
69856
69857
69858
69859
69859
69860
69861
69861
69862
69863
69863
69864
69865
69866
69866
69867
69868
69868
69869
69870
69870
69871
69872
69873
69873
69874
69875
69875
69876
69877
69877
69878
69879
69880
69880
69881
69882
69882
69883
69884
69884
69885
69886
69887
69887
69888
69889
69889
69890
69891
69891
69892
69893
69894
69894
69895
69896
69896
69897
69898
69898
69899
69900
69901
69901
69902
69903
69903
69904
69905
69905
69906
69907
69908
69908
69909
69910
69910
69911
69912
69912
69913
69914
69915
69915
69916
69917
69917
69918
69919
69919
69920
69921
69922
69922
69923
69924
69924
69925
69926
69926
69927
69928
69929
69929
69930
69931
69931
69932
69933
69933
69934
69935
69936
69936
69937
69938
69938
69939
69940
69940
69941
69942
69943
69943
69944
69945
69945
69946
69947
69947
69948
69949
69950
69950
69951
69952
69952
69953
69954
69954
69955
69956
69957
69957
69958
69959
69959
69960
69961
69961
69962
69963
69964
69964
69965
69966
69966
69967
69968
69968
69969
69970
69971
69971
69972
69973
69973
69974
69975
69975
69976
69977
69978
69978
69979
69980
69980
69981
69982
69982
69983
69984
69985
69985
69986
