2063
2063.7
2064.4
2065.1
2065.8
2066.5
2067.2
2067.9
2068.6
2069.3
2070
2070.7
2071.4
2072.1
2072.8
2073.5
2074.2
2074.9
2075.6
2076.3
2077
2077.7
2078.4
2079.1
2079.8
2080.5
2081.2
2081.9
2082.6
2083.3
2084
2084.7
2085.4
2086.1
2086.8
2087.5
2088.2
2088.9
2089.6
2090.3
2091
2091.7
2092.4
2093.1
2093.8
2094.5
2095.2
2095.9
2096.6
2097.3
2098
2098.7
2099.4
2100.1
2100.8
2101.5
2102.2
2102.9
2103.6
2104.3
2105
2105.7
2106.4
2107.1
2107.8
2108.5
2109.2
2109.9
2110.6
2111.3
2112
2112.7
2113.4
2114.1
2114.8
2115.5
2116.2
2116.9
2117.6
2118.3
2119
2119.7
2120.4
2121.1
2121.8
2122.5
2123.2
2123.9
2124.6
2125.3
2126
2126.7
2127.4
2128.1
2128.8
2129.5
2130.2
2130.9
2131.6
2132.3
2133
2133.7
2134.4
2135.1
2135.8
2136.5
2137.2
2137.9
2138.6
2139.3
2140
2140.7
2141.4
2142.1
2142.8
2143.5
2144.2
2144.9
2145.6
2146.3
2147
2147.7
2148.4
2149.1
2149.8
2150.5
2151.2
2151.9
2152.6
2153.3
2154
2154.7
2155.4
2156.1
2156.8
2157.5
2158.2
2158.9
2159.6
2160.3
2161
2161.7
2162.4
2163.1
2163.8
2164.5
2165.2
2165.9
2166.6
2167.3
2168
2168.7
2169.4
2170.1
2170.8
2171.5
2172.2
2172.9
2173.6
2174.3
2175
2175.7
2176.4
2177.1
2177.8
2178.5
2179.2
2179.9
2180.6
2181.3
2182
2182.7
2183.4
2184.1
2184.8
2185.5
2186.2
2186.9
2187.6
2188.3
2189
2189.7
2190.4
2191.1
2191.8
2192.5
2193.2
2193.9
2194.6
2195.3
2196
2196.7
2197.4
2198.1
2198.8
2199.5
2200.2
2200.9
2201.6
2202.3
2203
2203.7
2204.4
2205.1
2205.8
2206.5
2207.2
2207.9
2208.6
2209.3
2210
2210.7
2211.4
2212.1
2212.8
2213.5
2214.2
2214.9
2215.6
2216.3
2217
2217.7
2218.4
2219.1
2219.8
2220.5
2221.2
2221.9
2222.6
2223.3
2224
2224.7
2225.4
2226.1
2226.8
2227.5
2228.2
2228.9
2229.6
2230.3
2231
2231.7
2232.4
2233.1
2233.8
2234.5
2235.2
2235.9
2236.6
2237.3
2238
2238.7
2239.4
2240.1
2240.8
2241.5
2242.2
2242.9
2243.6
2244.3
2245
2245.7
2246.4
2247.1
2247.8
2248.5
2249.2
2249.9
2250.6
2251.3
2252
2252.7
2253.4
2254.1
2254.8
2255.5
2256.2
2256.9
2257.6
2258.3
2259
2259.7
2260.4
2261.1
2261.8
2262.5
2263.2
2263.9
2264.6
2265.3
2266
2266.7
2267.4
2268.1
2268.8
2269.5
2270.2
2270.9
2271.6
2272.3
2273
2273.7
2274.4
2275.1
2275.8
2276.5
2277.2
2277.9
2278.6
2279.3
2280
2280.7
2281.4
2282.1
2282.8
2283.5
2284.2
2284.9
2285.6
2286.3
2287
2287.7
2288.4
2289.1
2289.8
2290.5
2291.2
2291.9
2292.6
2293.3
2294
2294.7
2295.4
2296.1
2296.8
2297.5
2298.2
2298.9
2299.6
2300.3
2301
2301.7
2302.4
2303.1
2303.8
2304.5
2305.2
2305.9
2306.6
2307.3
2308
2308.7
2309.4
2310.1
2310.8
2311.5
2312.2
2312.9
2313.6
2314.3
2315
2315.7
2316.4
2317.1
2317.8
2318.5
2319.2
2319.9
2320.6
2321.3
2322
2322.7
2323.4
2324.1
2324.8
2325.5
2326.2
2326.9
2327.6
2328.3
2329
2329.7
2330.4
2331.1
2331.8
2332.5
2333.2
2333.9
2334.6
2335.3
2336
2336.7
2337.4
2338.1
2338.8
2339.5
2340.2
2340.9
2341.6
2342.3
2343
2343.7
2344.4
2345.1
2345.8
2346.5
2347.2
2347.9
2348.6
2349.3
2350
2350.7
2351.4
2352.1
2352.8
2353.5
2354.2
2354.9
2355.6
2356.3
2357
2357.7
2358.4
2359.1
2359.8
2360.5
2361.2
2361.9
2362.6
2363.3
2364
2364.7
2365.4
2366.1
2366.8
2367.5
2368.2
2368.9
2369.6
2370.3
2371
2371.7
2372.4
2373.1
2373.8
2374.5
2375.2
2375.9
2376.6
2377.3
2378
2378.7
2379.4
2380.1
2380.8
2381.5
2382.2
2382.9
2383.6
2384.3
2385
2385.7
2386.4
2387.1
2387.8
2388.5
2389.2
2389.9
2390.6
2391.3
2392
2392.7
2393.4
2394.1
2394.8
2395.5
2396.2
2396.9
2397.6
2398.3
2399
2399.7
2400.4
2401.1
2401.8
2402.5
2403.2
2403.9
2404.6
2405.3
2406
2406.7
2407.4
2408.1
2408.8
2409.5
2410.2
2410.9
2411.6
2412.3
2413
2413.7
2414.4
2415.1
2415.8
2416.5
2417.2
2417.9
2418.6
2419.3
2420
2420.7
2421.4
2422.1
2422.8
2423.5
2424.2
2424.9
2425.6
2426.3
2427
2427.7
2428.4
2429.1
2429.8
2430.5
2431.2
2431.9
2432.6
2433.3
2434
2434.7
2435.4
2436.1
2436.8
2437.5
2438.2
2438.9
2439.6
2440.3
2441
2441.7
2442.4
2443.1
2443.8
2444.5
2445.2
2445.9
2446.6
2447.3
2448
2448.7
2449.4
2450.1
2450.8
2451.5
2452.2
2452.9
2453.6
2454.3
2455
2455.7
2456.4
2457.1
2457.8
2458.5
2459.2
2459.9
2460.6
2461.3
2462
2462.7
2463.4
2464.1
2464.8
2465.5
2466.2
2466.9
2467.6
2468.3
2469
2469.7
2470.4
2471.1
2471.8
2472.5
2473.2
2473.9
2474.6
2475.3
2476
2476.7
2477.4
2478.1
2478.8
2479.5
2480.2
2480.9
2481.6
2482.3
2483
2483.7
2484.4
2485.1
2485.8
2486.5
2487.2
2487.9
2488.6
2489.3
2490
