82066
82067
82067
82068
82069
82069
82070
82071
82071
82072
82073
82074
82074
82075
82076
82076
82077
82078
82078
82079
82080
82081
82081
82082
82083
82083
82084
82085
82085
82086
82087
82088
82088
82089
82090
82090
82091
82092
82092
82093
82094
82095
82095
82096
82097
82097
82098
82099
82099
82100
82101
82102
82102
82103
82104
82104
82105
82106
82106
82107
82108
82109
82109
82110
82111
82111
82112
82113
82113
82114
82115
82116
82116
82117
82118
82118
82119
82120
82120
82121
82122
82123
82123
82124
82125
82125
82126
82127
82127
82128
82129
82130
82130
82131
82132
82132
82133
82134
82134
82135
82136
82137
82137
82138
82139
82139
82140
82141
82141
82142
82143
82144
82144
82145
82146
82146
82147
82148
82148
82149
82150
82151
82151
82152
82153
82153
82154
82155
82155
82156
82157
82158
82158
82159
82160
82160
82161
82162
82162
82163
82164
82165
82165
82166
82167
82167
82168
82169
82169
82170
82171
82172
82172
82173
82174
82174
82175
82176
82176
82177
82178
82179
82179
82180
82181
82181
82182
82183
82183
82184
82185
82186
82186
82187
82188
82188
82189
82190
82190
82191
82192
82193
82193
82194
82195
82195
82196
82197
82197
82198
82199
82200
82200
82201
82202
82202
82203
82204
82204
82205
82206
82207
82207
82208
82209
82209
82210
82211
82211
82212
82213
82214
82214
82215
82216
82216
82217
82218
82218
82219
82220
82221
82221
82222
82223
82223
82224
82225
82225
82226
82227
82228
82228
82229
82230
82230
82231
82232
82232
82233
82234
82235
82235
82236
82237
82237
82238
82239
82239
82240
82241
82242
82242
82243
82244
82244
82245
82246
82246
82247
82248
82249
82249
82250
82251
82251
82252
82253
82253
82254
82255
82256
82256
82257
82258
82258
82259
82260
82260
82261
82262
82263
82263
82264
82265
82265
82266
82267
82267
82268
82269
82270
82270
82271
82272
82272
82273
82274
82274
82275
82276
82277
82277
82278
82279
82279
82280
82281
82281
82282
82283
82284
82284
82285
82286
82286
82287
82288
82288
82289
82290
82291
82291
82292
82293
82293
82294
82295
82295
82296
82297
82298
82298
82299
82300
82300
82301
82302
82302
82303
82304
82305
82305
82306
82307
82307
82308
82309
82309
82310
82311
82312
82312
82313
82314
82314
82315
82316
82316
82317
82318
82319
82319
82320
82321
82321
82322
82323
82323
82324
82325
82326
82326
82327
82328
82328
82329
82330
82330
82331
82332
82333
82333
