40560
40561
40562
40562
40563
40564
40564
40565
40566
40567
40567
40568
40569
40569
40570
40571
40571
40572
40573
40574
40574
40575
40576
40576
40577
40578
40578
40579
40580
40581
40581
40582
40583
40583
40584
40585
40585
40586
40587
40588
40588
40589
40590
40590
40591
40592
40592
40593
40594
40595
40595
40596
40597
40597
40598
40599
40599
40600
40601
40602
40602
40603
40604
40604
40605
40606
40606
40607
40608
40609
40609
40610
40611
40611
40612
40613
40613
40614
40615
40616
40616
40617
40618
40618
40619
40620
40620
40621
40622
40623
40623
40624
40625
40625
40626
40627
40627
40628
40629
40630
40630
40631
40632
40632
40633
40634
40634
40635
40636
40637
40637
40638
40639
40639
40640
40641
40641
40642
40643
40644
40644
40645
40646
40646
40647
40648
40648
40649
40650
40651
40651
40652
40653
40653
40654
40655
40655
40656
40657
40658
40658
40659
40660
40660
40661
40662
40662
40663
40664
40665
40665
40666
40667
40667
40668
40669
40669
40670
40671
40672
40672
40673
40674
40674
40675
40676
40676
40677
40678
40679
40679
40680
40681
40681
40682
40683
40683
40684
40685
40686
40686
40687
40688
40688
40689
40690
40690
40691
40692
40693
40693
40694
40695
40695
40696
40697
40697
40698
40699
40700
40700
40701
40702
40702
40703
40704
40704
40705
40706
40707
40707
40708
40709
40709
40710
40711
40711
40712
40713
40714
40714
40715
40716
40716
40717
40718
40718
40719
40720
40721
40721
40722
40723
40723
40724
40725
40725
40726
40727
40728
40728
40729
40730
40730
40731
40732
40732
40733
40734
40735
40735
40736
40737
40737
40738
40739
40739
40740
40741
40742
40742
40743
40744
40744
40745
40746
40746
40747
40748
40749
40749
40750
40751
40751
40752
40753
40753
40754
40755
40756
40756
40757
40758
40758
40759
40760
40760
40761
40762
40763
40763
40764
40765
40765
40766
40767
40767
40768
40769
40770
40770
40771
40772
40772
40773
40774
40774
40775
40776
40777
40777
40778
40779
40779
40780
40781
40781
40782
40783
40784
40784
40785
40786
40786
40787
40788
40788
40789
40790
40791
40791
40792
40793
40793
40794
40795
40795
40796
40797
40798
40798
40799
40800
40800
40801
40802
40802
40803
40804
40805
40805
40806
40807
40807
40808
40809
40809
40810
40811
40812
40812
40813
40814
40814
40815
40816
40816
40817
40818
40819
40819
40820
40821
40821
40822
40823
40823
40824
40825
40826
40826
40827
40828
40828
40829
40830
40830
40831
40832
40833
40833
40834
40835
40835
40836
40837
40837
40838
40839
40840
40840
40841
40842
40842
40843
40844
40844
40845
40846
40847
40847
40848
40849
40849
40850
40851
40851
40852
40853
40854
40854
40855
40856
40856
40857
40858
40858
40859
40860
40861
40861
40862
40863
40863
40864
40865
40865
40866
40867
40868
40868
40869
40870
40870
40871
40872
40872
40873
40874
40875
40875
40876
40877
40877
40878
40879
40879
40880
40881
40882
40882
40883
40884
40884
40885
40886
40886
40887
40888
40889
40889
40890
40891
40891
40892
40893
40893
40894
40895
40896
40896
40897
40898
40898
40899
40900
40900
40901
40902
40903
40903
40904
40905
40905
40906
40907
40907
40908
40909
40910
40910
40911
40912
40912
40913
40914
40914
40915
40916
40917
40917
40918
40919
40919
40920
40921
40921
40922
40923
40924
40924
40925
40926
40926
40927
40928
40928
40929
40930
40931
40931
40932
40933
40933
40934
40935
40935
40936
40937
40938
40938
40939
40940
40940
40941
40942
40942
40943
40944
40945
40945
40946
40947
40947
40948
40949
40949
40950
40951
40952
40952
40953
40954
40954
40955
40956
40956
40957
40958
40959
40959
40960
40961
40961
40962
40963
40963
40964
40965
40966
40966
40967
40968
40968
40969
40970
40970
40971
40972
40973
40973
40974
40975
40975
40976
40977
40977
40978
40979
40980
40980
40981
40982
40982
40983
40984
40984
