76450
76451
76452
76452
76453
76454
76455
76455
76456
76457
76457
76458
76459
76459
76460
76461
76462
76462
76463
76464
76464
76465
76466
76466
76467
76468
76469
76469
76470
76471
76471
76472
76473
76473
76474
76475
76476
76476
76477
76478
76478
76479
76480
76480
76481
76482
76483
76483
76484
76485
76485
76486
76487
76487
76488
76489
76490
76490
76491
76492
76492
76493
76494
76494
76495
76496
76497
76497
76498
76499
76499
76500
76501
76501
76502
76503
76504
76504
76505
76506
76506
76507
76508
76508
76509
76510
76511
76511
76512
76513
76513
76514
76515
76515
76516
76517
76518
76518
76519
76520
76520
76521
76522
76522
76523
76524
76525
76525
76526
76527
76527
76528
76529
76529
76530
76531
76532
76532
76533
76534
76534
76535
76536
76536
76537
76538
76539
76539
76540
76541
76541
76542
76543
76543
76544
76545
76546
76546
76547
76548
76548
76549
76550
76550
76551
76552
76553
76553
76554
76555
76555
76556
76557
76557
76558
76559
76560
76560
76561
76562
76562
76563
76564
76564
76565
76566
76567
76567
76568
76569
76569
76570
76571
76571
76572
76573
76574
76574
76575
76576
76576
76577
76578
76578
76579
76580
76581
76581
76582
76583
76583
76584
76585
76585
76586
76587
76588
76588
76589
76590
76590
76591
76592
76592
76593
76594
76595
76595
76596
76597
76597
76598
76599
76599
76600
76601
76602
76602
76603
76604
76604
76605
76606
76606
76607
76608
76609
76609
76610
76611
76611
76612
76613
76613
76614
76615
76616
76616
76617
76618
76618
76619
76620
76620
76621
76622
76623
76623
76624
76625
76625
76626
76627
76627
76628
76629
76630
76630
76631
76632
76632
76633
76634
76634
76635
76636
76637
76637
76638
76639
76639
76640
76641
76641
76642
76643
76644
76644
76645
76646
76646
76647
76648
76648
76649
76650
76651
76651
76652
76653
76653
76654
76655
76655
76656
76657
76658
76658
76659
76660
76660
76661
76662
76662
76663
76664
76665
76665
76666
76667
76667
76668
76669
76669
76670
76671
76672
76672
76673
76674
76674
76675
76676
76676
76677
76678
76679
76679
76680
76681
76681
76682
76683
76683
76684
76685
76686
76686
76687
76688
76688
76689
76690
76690
76691
76692
76693
76693
76694
76695
76695
76696
76697
76697
76698
76699
76700
76700
76701
76702
76702
76703
76704
76704
