3723.8
3724.5
3725.2
3725.9
3726.6
3727.3
3728
3728.7
3729.4
3730.1
3730.8
3731.5
3732.2
3732.9
3733.6
3734.3
3735
3735.7
3736.4
3737.1
3737.8
3738.5
3739.2
3739.9
3740.6
3741.3
3742
3742.7
3743.4
3744.1
3744.8
3745.5
3746.2
3746.9
3747.6
3748.3
3749
3749.7
3750.4
3751.1
3751.8
3752.5
3753.2
3753.9
3754.6
3755.3
3756
3756.7
3757.4
3758.1
3758.8
3759.5
3760.2
3760.9
3761.6
3762.3
3763
3763.7
3764.4
3765.1
3765.8
3766.5
3767.2
3767.9
3768.6
3769.3
3770
3770.7
3771.4
3772.1
3772.8
3773.5
3774.2
3774.9
3775.6
3776.3
3777
3777.7
3778.4
3779.1
3779.8
3780.5
3781.2
3781.9
3782.6
3783.3
3784
3784.7
3785.4
3786.1
3786.8
3787.5
3788.2
3788.9
3789.6
3790.3
3791
3791.7
3792.4
3793.1
3793.8
3794.5
3795.2
3795.9
3796.6
3797.3
3798
3798.7
3799.4
3800.1
3800.8
3801.5
3802.2
3802.9
3803.6
3804.3
3805
3805.7
3806.4
3807.1
3807.8
3808.5
3809.2
3809.9
3810.6
3811.3
3812
3812.7
3813.4
3814.1
3814.8
3815.5
3816.2
3816.9
3817.6
3818.3
3819
3819.7
3820.4
3821.1
3821.8
3822.5
3823.2
3823.9
3824.6
3825.3
3826
3826.7
3827.4
3828.1
3828.8
3829.5
3830.2
3830.9
3831.6
3832.3
3833
3833.7
3834.4
3835.1
3835.8
3836.5
3837.2
3837.9
3838.6
3839.3
3840
3840.7
3841.4
3842.1
3842.8
3843.5
3844.2
3844.9
3845.6
3846.3
3847
3847.7
3848.4
3849.1
3849.8
3850.5
3851.2
3851.9
3852.6
3853.3
3854
3854.7
3855.4
3856.1
3856.8
3857.5
3858.2
3858.9
3859.6
3860.3
3861
3861.7
3862.4
3863.1
3863.8
3864.5
3865.2
3865.9
3866.6
3867.3
3868
3868.7
3869.4
3870.1
3870.8
3871.5
3872.2
3872.9
3873.6
3874.3
3875
3875.7
3876.4
3877.1
3877.8
3878.5
3879.2
3879.9
3880.6
3881.3
3882
3882.7
3883.4
3884.1
3884.8
3885.5
3886.2
3886.9
3887.6
3888.3
3889
3889.7
3890.4
3891.1
3891.8
3892.5
3893.2
3893.9
3894.6
3895.3
3896
3896.7
3897.4
3898.1
3898.8
3899.5
3900.2
3900.9
3901.6
3902.3
3903
3903.7
3904.4
3905.1
3905.8
3906.5
3907.2
3907.9
3908.6
3909.3
3910
3910.7
3911.4
3912.1
3912.8
3913.5
3914.2
3914.9
3915.6
3916.3
3917
3917.7
3918.4
3919.1
3919.8
3920.5
3921.2
3921.9
3922.6
3923.3
3924
3924.7
3925.4
3926.1
3926.8
3927.5
3928.2
3928.9
3929.6
3930.3
3931
3931.7
3932.4
3933.1
3933.8
3934.5
3935.2
3935.9
3936.6
3937.3
3938
3938.7
3939.4
3940.1
3940.8
3941.5
3942.2
3942.9
3943.6
3944.3
3945
3945.7
3946.4
3947.1
3947.8
3948.5
3949.2
3949.9
3950.6
3951.3
3952
3952.7
3953.4
3954.1
3954.8
3955.5
3956.2
3956.9
3957.6
3958.3
3959
3959.7
3960.4
3961.1
3961.8
3962.5
3963.2
3963.9
3964.6
3965.3
3966
3966.7
3967.4
3968.1
3968.8
3969.5
3970.2
3970.9
3971.6
3972.3
3973
3973.7
3974.4
3975.1
3975.8
3976.5
3977.2
3977.9
3978.6
3979.3
3980
3980.7
3981.4
3982.1
3982.8
3983.5
3984.2
3984.9
3985.6
3986.3
3987
3987.7
3988.4
3989.1
3989.8
3990.5
3991.2
3991.9
3992.6
3993.3
3994
3994.7
