12497
12497
12498
12499
12500
12500
12501
12502
12502
12503
12504
12504
12505
12506
12507
12507
12508
12509
12509
12510
12511
12511
12512
12513
12514
12514
12515
12516
12516
12517
12518
12518
12519
12520
12521
12521
12522
12523
12523
12524
12525
12525
12526
12527
12528
12528
12529
12530
12530
12531
12532
12532
12533
12534
12535
12535
12536
12537
12537
12538
12539
12539
12540
12541
12542
12542
12543
12544
12544
12545
12546
12546
12547
12548
12549
12549
12550
12551
12551
12552
12553
12553
12554
12555
12556
12556
12557
12558
12558
12559
12560
12560
12561
12562
12563
12563
12564
12565
12565
12566
12567
12567
12568
12569
12570
12570
12571
12572
12572
12573
12574
12574
12575
12576
12577
12577
12578
12579
12579
12580
12581
12581
12582
12583
12584
12584
12585
12586
12586
12587
12588
12588
12589
12590
12591
12591
12592
12593
12593
12594
12595
12595
12596
12597
12598
12598
12599
12600
12600
12601
12602
12602
12603
12604
12605
12605
12606
12607
12607
12608
12609
12609
12610
12611
12612
12612
12613
12614
12614
12615
12616
12616
12617
12618
12619
12619
12620
12621
12621
12622
12623
12623
12624
12625
12626
12626
12627
12628
12628
12629
12630
12630
12631
12632
12633
12633
12634
12635
12635
12636
12637
12637
12638
12639
12640
12640
12641
12642
12642
12643
12644
12644
12645
12646
12647
12647
12648
12649
12649
12650
12651
12651
12652
12653
12654
12654
12655
12656
12656
12657
12658
12658
12659
12660
12661
12661
12662
12663
12663
12664
12665
12665
12666
12667
12668
12668
12669
12670
12670
12671
12672
12672
12673
12674
12675
12675
12676
12677
12677
12678
12679
12679
12680
12681
12682
12682
12683
12684
12684
12685
12686
12686
12687
12688
12689
12689
12690
12691
12691
12692
12693
12693
12694
12695
12696
12696
12697
12698
12698
12699
12700
12700
12701
12702
12703
12703
12704
12705
12705
12706
12707
12707
12708
12709
12710
12710
12711
12712
12712
12713
12714
12714
12715
12716
12717
12717
12718
12719
12719
12720
12721
12721
12722
12723
12724
12724
12725
12726
12726
12727
12728
12728
12729
12730
12731
12731
12732
12733
12733
12734
12735
12735
12736
12737
12738
12738
12739
12740
12740
12741
12742
12742
12743
12744
12745
12745
12746
12747
12747
12748
12749
12749
12750
12751
12752
12752
12753
12754
12754
12755
12756
12756
12757
12758
12759
12759
12760
12761
12761
12762
12763
12763
12764
12765
12766
12766
12767
12768
12768
12769
12770
12770
12771
12772
12773
12773
12774
12775
12775
12776
12777
12777
12778
12779
12780
12780
12781
12782
12782
12783
