71169
71169
71170
71171
71171
71172
71173
71173
71174
71175
71176
71176
71177
71178
71178
71179
71180
71180
71181
71182
71183
71183
71184
71185
71185
71186
71187
71187
71188
71189
71190
71190
71191
71192
71192
71193
71194
71194
71195
71196
71197
71197
71198
71199
71199
71200
71201
71201
71202
71203
71204
71204
71205
71206
71206
71207
71208
71208
71209
71210
71211
71211
71212
71213
71213
71214
71215
71215
71216
71217
71218
71218
71219
71220
71220
71221
71222
71222
71223
71224
71225
71225
71226
71227
71227
71228
71229
71229
71230
71231
71232
71232
71233
71234
71234
71235
71236
71236
71237
71238
71239
71239
71240
71241
71241
71242
71243
71243
71244
71245
71246
71246
71247
71248
71248
71249
71250
71250
71251
71252
71253
71253
71254
71255
71255
71256
71257
71257
71258
71259
71260
71260
71261
71262
71262
71263
71264
71264
71265
71266
71267
71267
71268
71269
71269
71270
71271
71271
71272
71273
71274
71274
71275
71276
71276
71277
71278
71278
71279
71280
71281
71281
71282
71283
71283
71284
71285
71285
71286
71287
71288
71288
71289
71290
71290
71291
71292
71292
71293
71294
71295
71295
71296
71297
71297
71298
71299
71299
71300
71301
71302
71302
71303
71304
71304
71305
71306
71306
71307
71308
71309
71309
71310
71311
71311
71312
71313
71313
71314
71315
71316
71316
71317
71318
71318
71319
71320
71320
71321
71322
71323
71323
71324
71325
71325
71326
71327
71327
71328
71329
71330
71330
71331
71332
71332
71333
71334
71334
71335
71336
71337
71337
71338
71339
71339
71340
71341
71341
71342
71343
71344
71344
71345
71346
71346
71347
71348
71348
71349
71350
71351
71351
71352
71353
71353
71354
71355
71355
71356
71357
71358
71358
71359
71360
71360
71361
71362
71362
71363
71364
71365
71365
71366
71367
71367
71368
71369
71369
71370
71371
71372
71372
71373
71374
71374
71375
71376
71376
71377
71378
71379
71379
71380
71381
71381
71382
71383
71383
71384
71385
71386
71386
71387
71388
71388
71389
71390
71390
71391
71392
71393
71393
71394
71395
71395
71396
71397
71397
71398
71399
71400
71400
71401
71402
71402
71403
71404
71404
71405
71406
71407
71407
71408
71409
71409
71410
71411
71411
71412
71413
71414
71414
71415
71416
71416
71417
71418
71418
71419
71420
71421
71421
71422
71423
71423
71424
71425
71425
71426
71427
71428
71428
71429
71430
71430
71431
71432
71432
71433
71434
71435
71435
71436
71437
71437
71438
71439
71439
71440
71441
71442
71442
71443
71444
71444
71445
71446
71446
71447
71448
71449
71449
71450
71451
71451
71452
71453
71453
71454
71455
71456
71456
71457
71458
71458
71459
71460
71460
71461
71462
71463
71463
71464
71465
71465
71466
71467
71467
71468
71469
71470
71470
71471
71472
71472
71473
71474
71474
71475
