48151
48152
48152
48153
48154
48154
48155
48156
48156
48157
48158
48159
48159
48160
48161
48161
48162
48163
48163
48164
48165
48166
48166
48167
48168
48168
48169
48170
48170
48171
48172
48173
48173
48174
48175
48175
48176
48177
48177
48178
48179
48180
48180
48181
48182
48182
48183
48184
48184
48185
48186
48187
48187
48188
48189
48189
48190
48191
48191
48192
48193
48194
48194
48195
48196
48196
48197
48198
48198
48199
48200
48201
48201
48202
48203
48203
48204
48205
48205
48206
48207
48208
48208
48209
48210
48210
48211
48212
48212
48213
48214
48215
48215
48216
48217
48217
48218
48219
48219
48220
48221
48222
48222
48223
48224
48224
48225
48226
48226
48227
48228
48229
48229
48230
48231
48231
48232
48233
48233
48234
48235
48236
48236
48237
48238
48238
48239
48240
48240
48241
48242
48243
48243
48244
48245
48245
48246
48247
48247
48248
48249
48250
48250
48251
48252
48252
48253
48254
48254
48255
48256
48257
48257
48258
48259
48259
48260
48261
48261
48262
48263
48264
48264
48265
48266
48266
48267
48268
48268
48269
48270
48271
48271
48272
48273
48273
48274
48275
48275
48276
48277
48278
48278
48279
48280
48280
48281
48282
48282
48283
48284
48285
48285
48286
48287
48287
48288
48289
48289
48290
48291
48292
48292
48293
48294
48294
48295
48296
48296
48297
48298
48299
48299
48300
48301
48301
48302
48303
48303
48304
48305
48306
48306
48307
48308
48308
48309
48310
48310
48311
48312
48313
48313
48314
48315
48315
48316
48317
48317
48318
48319
48320
48320
48321
48322
48322
48323
48324
48324
48325
48326
48327
48327
48328
48329
48329
48330
48331
48331
48332
48333
48334
48334
48335
48336
48336
48337
48338
48338
48339
48340
48341
48341
48342
48343
48343
48344
48345
48345
48346
48347
48348
48348
48349
48350
48350
48351
48352
48352
48353
48354
48355
48355
48356
48357
48357
48358
48359
48359
48360
48361
48362
48362
48363
48364
48364
48365
48366
48366
48367
48368
48369
48369
48370
48371
48371
48372
48373
48373
48374
48375
48376
48376
48377
48378
48378
48379
48380
48380
48381
48382
48383
48383
48384
48385
48385
48386
48387
48387
48388
48389
48390
48390
48391
48392
48392
48393
48394
48394
48395
48396
48397
48397
48398
48399
48399
48400
48401
48401
48402
48403
48404
48404
48405
48406
48406
48407
48408
48408
48409
48410
48411
48411
48412
48413
48413
48414
48415
48415
48416
48417
48418
48418
48419
48420
48420
48421
48422
48422
48423
48424
48425
48425
48426
48427
48427
48428
48429
48429
48430
48431
48432
48432
48433
48434
48434
48435
48436
48436
48437
48438
48439
48439
48440
48441
48441
48442
48443
48443
48444
48445
48446
48446
48447
48448
48448
48449
48450
48450
48451
48452
48453
48453
48454
48455
48455
48456
48457
48457
48458
48459
48460
48460
48461
48462
48462
48463
48464
48464
48465
48466
48467
48467
48468
48469
48469
48470
48471
48471
48472
48473
48474
48474
48475
48476
48476
48477
48478
48478
48479
48480
48481
48481
48482
48483
48483
48484
48485
48485
48486
48487
48488
48488
48489
48490
48490
48491
48492
48492
48493
48494
48495
48495
48496
48497
48497
48498
48499
48499
48500
48501
48502
48502
48503
48504
48504
48505
48506
48506
48507
48508
48509
48509
48510
48511
48511
48512
48513
48513
48514
48515
48516
48516
48517
48518
48518
48519
48520
