33747
33747
33748
33749
33750
33750
33751
33752
33752
33753
33754
33754
33755
33756
33757
33757
33758
33759
33759
33760
33761
33761
33762
33763
33764
33764
33765
33766
33766
33767
33768
33768
33769
33770
33771
33771
33772
33773
33773
33774
33775
33775
33776
33777
33778
33778
33779
33780
33780
33781
33782
33782
33783
33784
33785
33785
33786
33787
33787
33788
33789
33789
33790
33791
33792
33792
33793
33794
33794
33795
33796
33796
33797
33798
33799
33799
33800
33801
33801
33802
33803
33803
33804
33805
33806
33806
33807
33808
33808
33809
33810
33810
33811
33812
33813
33813
33814
33815
33815
33816
33817
33817
33818
33819
33820
33820
33821
33822
33822
33823
33824
33824
33825
33826
33827
33827
33828
33829
33829
33830
33831
33831
33832
33833
33834
33834
33835
33836
33836
33837
33838
33838
33839
33840
33841
33841
33842
33843
33843
33844
33845
33845
33846
33847
33848
33848
33849
33850
33850
33851
33852
33852
33853
33854
33855
33855
33856
33857
33857
33858
33859
33859
33860
33861
33862
33862
33863
33864
33864
33865
33866
33866
33867
33868
33869
33869
33870
33871
33871
33872
33873
33873
33874
33875
33876
33876
33877
33878
33878
33879
33880
33880
33881
33882
33883
33883
33884
33885
33885
33886
33887
33887
33888
33889
33890
33890
33891
33892
33892
33893
33894
33894
33895
33896
33897
33897
33898
33899
33899
33900
33901
33901
33902
33903
33904
33904
33905
33906
33906
33907
33908
33908
33909
33910
33911
33911
33912
33913
33913
33914
33915
33915
33916
33917
33918
33918
33919
33920
33920
33921
33922
33922
33923
33924
33925
33925
33926
33927
33927
33928
33929
33929
33930
33931
33932
33932
33933
33934
33934
33935
33936
33936
33937
33938
33939
33939
33940
33941
33941
33942
33943
33943
33944
33945
33946
33946
33947
33948
33948
33949
33950
33950
33951
33952
33953
33953
33954
33955
33955
33956
33957
33957
33958
33959
33960
33960
33961
33962
33962
33963
33964
33964
33965
33966
33967
33967
33968
33969
33969
33970
33971
33971
33972
33973
33974
33974
33975
33976
33976
33977
33978
33978
33979
33980
33981
33981
33982
33983
33983
33984
33985
33985
33986
33987
33988
33988
33989
33990
33990
33991
33992
33992
33993
33994
33995
33995
33996
33997
33997
33998
33999
33999
34000
34001
34002
34002
34003
34004
34004
34005
34006
34006
34007
34008
34009
34009
34010
34011
34011
34012
34013
34013
34014
34015
34016
34016
34017
34018
34018
34019
34020
34020
34021
34022
34023
34023
34024
34025
34025
34026
34027
34027
34028
34029
34030
34030
34031
34032
34032
34033
34034
34034
34035
34036
34037
34037
34038
34039
34039
34040
34041
34041
34042
34043
34044
34044
34045
34046
34046
34047
34048
34048
34049
34050
34051
34051
34052
34053
34053
34054
34055
34055
34056
34057
34058
34058
34059
34060
34060
34061
34062
34062
34063
34064
34065
34065
34066
34067
34067
34068
34069
34069
34070
34071
34072
34072
34073
34074
34074
34075
34076
34076
34077
34078
34079
34079
34080
34081
34081
34082
34083
34083
34084
34085
34086
34086
34087
34088
34088
34089
34090
34090
34091
34092
34093
34093
34094
34095
34095
34096
34097
34097
34098
34099
34100
34100
34101
34102
34102
34103
34104
34104
34105
34106
34107
34107
34108
34109
34109
34110
34111
34111
34112
34113
34114
34114
34115
34116
34116
34117
34118
34118
34119
34120
34121
34121
34122
34123
34123
34124
34125
34125
34126
34127
34128
34128
34129
34130
34130
34131
34132
