3109.1
3109.8
3110.5
3111.2
3111.9
3112.6
3113.3
3114
3114.7
3115.4
3116.1
3116.8
3117.5
3118.2
3118.9
3119.6
3120.3
3121
3121.7
3122.4
3123.1
3123.8
3124.5
3125.2
3125.9
3126.6
3127.3
3128
3128.7
3129.4
3130.1
3130.8
3131.5
3132.2
3132.9
3133.6
3134.3
3135
3135.7
3136.4
3137.1
3137.8
3138.5
3139.2
3139.9
3140.6
3141.3
3142
3142.7
3143.4
3144.1
3144.8
3145.5
3146.2
3146.9
3147.6
3148.3
3149
3149.7
3150.4
3151.1
3151.8
3152.5
3153.2
3153.9
3154.6
3155.3
3156
3156.7
3157.4
3158.1
3158.8
3159.5
3160.2
3160.9
3161.6
3162.3
3163
3163.7
3164.4
3165.1
3165.8
3166.5
3167.2
3167.9
3168.6
3169.3
3170
3170.7
3171.4
3172.1
3172.8
3173.5
3174.2
3174.9
3175.6
3176.3
3177
3177.7
3178.4
3179.1
3179.8
3180.5
3181.2
3181.9
3182.6
3183.3
3184
3184.7
3185.4
3186.1
3186.8
3187.5
3188.2
3188.9
3189.6
3190.3
3191
3191.7
3192.4
3193.1
3193.8
3194.5
3195.2
3195.9
3196.6
3197.3
3198
3198.7
3199.4
3200.1
3200.8
3201.5
3202.2
3202.9
3203.6
3204.3
3205
3205.7
3206.4
3207.1
3207.8
3208.5
3209.2
3209.9
3210.6
3211.3
3212
3212.7
3213.4
3214.1
3214.8
3215.5
3216.2
3216.9
3217.6
3218.3
3219
3219.7
3220.4
3221.1
3221.8
3222.5
3223.2
3223.9
3224.6
3225.3
3226
3226.7
3227.4
3228.1
3228.8
3229.5
3230.2
3230.9
3231.6
3232.3
3233
3233.7
3234.4
3235.1
3235.8
3236.5
3237.2
3237.9
3238.6
3239.3
3240
3240.7
3241.4
3242.1
3242.8
3243.5
3244.2
3244.9
3245.6
3246.3
3247
3247.7
3248.4
3249.1
3249.8
3250.5
3251.2
3251.9
3252.6
3253.3
3254
3254.7
3255.4
3256.1
3256.8
3257.5
3258.2
3258.9
3259.6
3260.3
3261
3261.7
3262.4
3263.1
3263.8
3264.5
3265.2
3265.9
3266.6
3267.3
3268
3268.7
3269.4
3270.1
3270.8
3271.5
3272.2
3272.9
3273.6
3274.3
3275
3275.7
3276.4
3277.1
3277.8
3278.5
3279.2
3279.9
3280.6
3281.3
3282
3282.7
3283.4
3284.1
3284.8
3285.5
3286.2
3286.9
3287.6
3288.3
3289
3289.7
3290.4
3291.1
3291.8
3292.5
3293.2
3293.9
3294.6
3295.3
3296
3296.7
3297.4
3298.1
3298.8
3299.5
3300.2
3300.9
3301.6
3302.3
3303
3303.7
3304.4
3305.1
3305.8
3306.5
3307.2
3307.9
3308.6
3309.3
3310
3310.7
3311.4
3312.1
3312.8
3313.5
3314.2
3314.9
3315.6
3316.3
3317
3317.7
3318.4
3319.1
3319.8
3320.5
3321.2
3321.9
3322.6
3323.3
3324
3324.7
3325.4
3326.1
3326.8
3327.5
3328.2
3328.9
3329.6
3330.3
3331
3331.7
3332.4
3333.1
3333.8
3334.5
3335.2
3335.9
3336.6
3337.3
3338
3338.7
3339.4
3340.1
3340.8
3341.5
3342.2
3342.9
3343.6
3344.3
3345
3345.7
3346.4
3347.1
3347.8
3348.5
3349.2
3349.9
3350.6
3351.3
3352
3352.7
3353.4
3354.1
3354.8
3355.5
3356.2
3356.9
3357.6
3358.3
3359
3359.7
3360.4
3361.1
3361.8
3362.5
3363.2
3363.9
3364.6
3365.3
3366
3366.7
3367.4
3368.1
3368.8
3369.5
3370.2
3370.9
3371.6
3372.3
3373
3373.7
3374.4
3375.1
3375.8
3376.5
3377.2
3377.9
3378.6
3379.3
3380
3380.7
3381.4
3382.1
3382.8
3383.5
3384.2
3384.9
3385.6
3386.3
3387
3387.7
3388.4
3389.1
3389.8
3390.5
3391.2
3391.9
3392.6
3393.3
3394
3394.7
3395.4
3396.1
3396.8
3397.5
3398.2
3398.9
3399.6
3400.3
3401
3401.7
3402.4
3403.1
3403.8
3404.5
3405.2
3405.9
3406.6
3407.3
3408
3408.7
3409.4
3410.1
3410.8
3411.5
3412.2
3412.9
3413.6
3414.3
3415
3415.7
3416.4
3417.1
3417.8
3418.5
3419.2
3419.9
3420.6
3421.3
3422
3422.7
3423.4
3424.1
3424.8
3425.5
3426.2
3426.9
3427.6
3428.3
3429
3429.7
3430.4
3431.1
3431.8
3432.5
3433.2
