71548
71548
71549
71550
71551
71551
71552
71553
71553
71554
71555
71555
71556
71557
71558
71558
71559
71560
71560
71561
71562
71562
71563
71564
71565
71565
71566
71567
71567
71568
71569
71569
71570
71571
71572
71572
71573
71574
71574
71575
71576
71576
71577
71578
71579
71579
71580
71581
71581
71582
71583
71583
71584
71585
71586
71586
71587
71588
71588
71589
71590
71590
71591
71592
71593
71593
71594
71595
71595
71596
71597
71597
71598
71599
71600
71600
71601
71602
71602
71603
71604
71604
71605
71606
71607
71607
71608
71609
71609
71610
71611
71611
71612
71613
71614
71614
71615
71616
71616
71617
71618
71618
71619
71620
71621
71621
71622
71623
71623
71624
71625
71625
71626
71627
71628
71628
71629
71630
71630
71631
71632
71632
71633
71634
71635
71635
71636
71637
71637
71638
71639
71639
71640
71641
71642
71642
71643
71644
71644
71645
71646
71646
71647
71648
71649
71649
71650
71651
71651
71652
71653
71653
71654
71655
71656
71656
71657
71658
71658
71659
71660
71660
71661
71662
71663
71663
71664
71665
71665
71666
71667
71667
71668
71669
71670
71670
71671
71672
71672
71673
71674
71674
71675
71676
71677
71677
71678
71679
71679
71680
71681
71681
71682
71683
71684
71684
71685
71686
71686
71687
71688
71688
71689
71690
71691
71691
71692
71693
71693
71694
71695
71695
71696
71697
71698
71698
71699
71700
71700
71701
71702
71702
71703
71704
71705
71705
71706
71707
71707
71708
71709
71709
71710
71711
71712
71712
71713
71714
71714
71715
71716
71716
71717
71718
71719
71719
71720
71721
71721
71722
71723
71723
71724
71725
71726
71726
71727
71728
71728
71729
71730
71730
71731
71732
71733
71733
71734
71735
71735
71736
71737
71737
71738
71739
71740
71740
71741
71742
71742
71743
71744
71744
71745
71746
71747
71747
71748
71749
71749
71750
71751
71751
71752
71753
71754
71754
71755
71756
71756
71757
71758
71758
71759
71760
71761
71761
71762
71763
71763
71764
71765
71765
71766
71767
71768
71768
71769
71770
71770
71771
71772
71772
71773
71774
71775
71775
71776
71777
71777
71778
71779
71779
71780
71781
71782
71782
71783
71784
71784
71785
71786
71786
71787
71788
71789
71789
71790
71791
71791
71792
71793
71793
71794
71795
71796
71796
71797
71798
71798
71799
71800
71800
71801
71802
71803
71803
71804
71805
71805
71806
71807
71807
71808
71809
71810
71810
71811
71812
71812
71813
71814
71814
71815
71816
71817
71817
71818
71819
71819
71820
71821
71821
71822
