61487
61488
61489
61490
61490
61491
61492
61492
61493
61494
61494
61495
61496
61497
61497
61498
61499
61499
61500
61501
61501
61502
61503
61504
61504
61505
61506
61506
61507
61508
61508
61509
61510
61511
61511
61512
61513
61513
61514
61515
61515
61516
61517
61518
61518
61519
61520
61520
61521
61522
61522
61523
61524
61525
61525
61526
61527
61527
61528
61529
61529
61530
61531
61532
61532
61533
61534
61534
61535
61536
61536
61537
61538
61539
61539
61540
61541
61541
61542
61543
61543
61544
61545
61546
61546
61547
61548
61548
61549
61550
61550
61551
61552
61553
61553
61554
61555
61555
61556
61557
61557
61558
61559
61560
61560
61561
61562
61562
61563
61564
61564
61565
61566
61567
61567
61568
61569
61569
61570
61571
61571
61572
61573
61574
61574
