78136
78136
78137
78138
78139
78139
78140
78141
78141
78142
78143
78143
78144
78145
78146
78146
78147
78148
78148
78149
78150
78150
78151
78152
78153
78153
78154
78155
78155
78156
78157
78157
78158
78159
78160
78160
78161
78162
78162
78163
78164
78164
78165
78166
78167
78167
78168
78169
78169
78170
78171
78171
78172
78173
78174
78174
78175
78176
78176
78177
78178
78178
78179
78180
78181
78181
78182
78183
78183
78184
78185
78185
78186
78187
78188
78188
78189
78190
78190
78191
78192
78192
78193
78194
78195
78195
78196
78197
78197
78198
78199
78199
78200
78201
78202
78202
78203
78204
78204
78205
78206
78206
78207
78208
78209
78209
78210
78211
78211
78212
78213
78213
78214
78215
78216
78216
78217
78218
78218
78219
78220
78220
78221
78222
78223
78223
78224
78225
78225
78226
78227
78227
78228
78229
78230
78230
78231
78232
78232
78233
78234
78234
78235
78236
78237
78237
78238
78239
78239
78240
78241
78241
78242
78243
78244
78244
78245
78246
78246
78247
78248
78248
78249
78250
78251
78251
78252
78253
78253
78254
78255
78255
78256
78257
78258
78258
78259
78260
78260
78261
78262
78262
78263
78264
78265
78265
78266
78267
78267
78268
78269
78269
78270
78271
78272
78272
78273
78274
78274
78275
78276
78276
78277
78278
78279
78279
78280
78281
78281
78282
78283
78283
78284
78285
78286
78286
78287
78288
78288
78289
78290
78290
78291
78292
78293
78293
78294
78295
78295
78296
78297
78297
78298
78299
78300
78300
78301
78302
78302
78303
78304
78304
78305
78306
78307
78307
78308
78309
78309
78310
78311
78311
78312
78313
78314
78314
78315
78316
78316
78317
78318
