371.7
372.4
373.1
373.8
374.5
375.2
375.9
376.6
377.3
378
378.7
379.4
380.1
380.8
381.5
382.2
382.9
383.6
384.3
385
385.7
386.4
387.1
387.8
388.5
389.2
389.9
390.6
391.3
392
392.7
393.4
394.1
394.8
395.5
396.2
396.9
397.6
398.3
399
399.7
400.4
401.1
401.8
402.5
403.2
403.9
404.6
405.3
406
406.7
407.4
408.1
408.8
409.5
410.2
410.9
411.6
412.3
413
413.7
414.4
415.1
415.8
416.5
417.2
417.9
418.6
419.3
420
420.7
421.4
422.1
422.8
423.5
424.2
424.9
425.6
426.3
427
427.7
428.4
429.1
429.8
430.5
431.2
431.9
432.6
433.3
434
434.7
435.4
436.1
436.8
437.5
438.2
438.9
439.6
440.3
441
441.7
442.4
443.1
443.8
444.5
445.2
445.9
446.6
447.3
448
448.7
449.4
450.1
450.8
451.5
452.2
452.9
453.6
454.3
455
455.7
456.4
457.1
457.8
458.5
459.2
459.9
460.6
461.3
462
462.7
463.4
464.1
464.8
465.5
466.2
466.9
467.6
468.3
469
469.7
470.4
471.1
471.8
472.5
473.2
473.9
474.6
475.3
476
476.7
477.4
478.1
478.8
479.5
480.2
480.9
481.6
482.3
483
483.7
484.4
485.1
485.8
486.5
487.2
487.9
488.6
489.3
490
490.7
491.4
492.1
492.8
493.5
494.2
494.9
495.6
496.3
497
497.7
498.4
499.1
499.8
500.5
501.2
501.9
502.6
503.3
504
504.7
505.4
506.1
506.8
507.5
508.2
508.9
509.6
510.3
511
511.7
512.4
513.1
513.8
514.5
515.2
515.9
516.6
517.3
518
518.7
519.4
520.1
520.8
521.5
522.2
522.9
523.6
524.3
525
525.7
526.4
527.1
527.8
528.5
529.2
529.9
530.6
531.3
532
532.7
533.4
534.1
534.8
535.5
536.2
536.9
537.6
538.3
539
539.7
540.4
541.1
541.8
542.5
543.2
543.9
544.6
545.3
546
546.7
547.4
548.1
548.8
549.5
550.2
550.9
551.6
552.3
553
553.7
554.4
555.1
555.8
556.5
557.2
557.9
558.6
559.3
560
560.7
561.4
562.1
562.8
563.5
564.2
564.9
565.6
566.3
567
567.7
568.4
569.1
569.8
570.5
571.2
571.9
572.6
573.3
574
574.7
575.4
576.1
576.8
577.5
578.2
578.9
579.6
580.3
581
581.7
582.4
583.1
583.8
584.5
585.2
585.9
586.6
587.3
588
588.7
589.4
590.1
590.8
591.5
592.2
592.9
593.6
594.3
595
595.7
596.4
597.1
597.8
598.5
599.2
599.9
600.6
601.3
602
602.7
603.4
604.1
604.8
605.5
606.2
606.9
607.6
608.3
609
609.7
610.4
611.1
611.8
612.5
613.2
613.9
614.6
615.3
616
616.7
617.4
618.1
618.8
619.5
620.2
620.9
621.6
622.3
623
623.7
624.4
625.1
625.8
626.5
627.2
627.9
628.6
629.3
630
630.7
631.4
