2865.1
2865.8
2866.5
2867.2
2867.9
2868.6
2869.3
2870
2870.7
2871.4
2872.1
2872.8
2873.5
2874.2
2874.9
2875.6
2876.3
2877
2877.7
2878.4
2879.1
2879.8
2880.5
2881.2
2881.9
2882.6
2883.3
2884
2884.7
2885.4
2886.1
2886.8
2887.5
2888.2
2888.9
2889.6
2890.3
2891
2891.7
2892.4
2893.1
2893.8
2894.5
2895.2
2895.9
2896.6
2897.3
2898
2898.7
2899.4
2900.1
2900.8
2901.5
2902.2
2902.9
2903.6
2904.3
2905
2905.7
2906.4
2907.1
2907.8
2908.5
2909.2
2909.9
2910.6
2911.3
2912
2912.7
2913.4
2914.1
2914.8
2915.5
2916.2
2916.9
2917.6
2918.3
2919
2919.7
2920.4
2921.1
2921.8
2922.5
2923.2
2923.9
2924.6
2925.3
2926
2926.7
2927.4
2928.1
2928.8
2929.5
2930.2
2930.9
2931.6
2932.3
2933
2933.7
2934.4
2935.1
2935.8
2936.5
2937.2
2937.9
2938.6
2939.3
2940
2940.7
2941.4
2942.1
2942.8
2943.5
2944.2
2944.9
2945.6
2946.3
2947
2947.7
2948.4
2949.1
2949.8
2950.5
2951.2
2951.9
2952.6
2953.3
2954
2954.7
2955.4
2956.1
2956.8
2957.5
2958.2
2958.9
2959.6
2960.3
2961
2961.7
2962.4
2963.1
2963.8
2964.5
2965.2
2965.9
2966.6
2967.3
2968
2968.7
2969.4
2970.1
2970.8
2971.5
2972.2
2972.9
2973.6
2974.3
2975
2975.7
2976.4
2977.1
2977.8
2978.5
2979.2
2979.9
2980.6
2981.3
2982
2982.7
2983.4
2984.1
2984.8
2985.5
2986.2
2986.9
2987.6
2988.3
2989
2989.7
2990.4
2991.1
2991.8
2992.5
2993.2
2993.9
2994.6
2995.3
2996
2996.7
2997.4
2998.1
2998.8
2999.5
3000.2
3000.9
3001.6
3002.3
3003
3003.7
3004.4
3005.1
3005.8
3006.5
3007.2
3007.9
3008.6
3009.3
3010
3010.7
3011.4
3012.1
3012.8
3013.5
3014.2
3014.9
3015.6
3016.3
3017
3017.7
3018.4
3019.1
3019.8
3020.5
3021.2
3021.9
3022.6
3023.3
3024
3024.7
3025.4
3026.1
3026.8
3027.5
3028.2
3028.9
3029.6
3030.3
3031
3031.7
3032.4
3033.1
3033.8
3034.5
3035.2
3035.9
3036.6
3037.3
3038
3038.7
3039.4
3040.1
3040.8
3041.5
3042.2
3042.9
3043.6
3044.3
3045
3045.7
3046.4
3047.1
3047.8
3048.5
3049.2
3049.9
3050.6
3051.3
3052
3052.7
3053.4
3054.1
3054.8
3055.5
3056.2
3056.9
3057.6
3058.3
3059
3059.7
3060.4
3061.1
3061.8
3062.5
3063.2
3063.9
3064.6
3065.3
3066
3066.7
3067.4
3068.1
3068.8
3069.5
3070.2
3070.9
3071.6
3072.3
3073
3073.7
3074.4
3075.1
3075.8
3076.5
3077.2
3077.9
3078.6
3079.3
3080
3080.7
3081.4
3082.1
3082.8
3083.5
3084.2
3084.9
3085.6
3086.3
3087
3087.7
3088.4
3089.1
3089.8
3090.5
3091.2
3091.9
3092.6
3093.3
3094
3094.7
3095.4
3096.1
3096.8
3097.5
3098.2
3098.9
3099.6
3100.3
3101
3101.7
3102.4
3103.1
3103.8
3104.5
3105.2
3105.9
3106.6
3107.3
3108
3108.7
3109.4
3110.1
3110.8
3111.5
3112.2
3112.9
3113.6
3114.3
3115
3115.7
3116.4
3117.1
3117.8
3118.5
3119.2
3119.9
3120.6
3121.3
3122
3122.7
3123.4
3124.1
3124.8
3125.5
3126.2
3126.9
3127.6
3128.3
