55697
55698
55699
55699
55700
55701
55702
55702
55703
55704
55704
55705
55706
55706
55707
55708
55709
55709
55710
55711
55711
55712
55713
55713
55714
55715
55716
55716
55717
55718
55718
55719
55720
55720
55721
55722
55723
55723
55724
55725
55725
55726
55727
55727
55728
55729
55730
55730
55731
55732
55732
55733
55734
55734
55735
55736
55737
55737
55738
55739
55739
55740
55741
55741
55742
55743
55744
55744
55745
55746
55746
55747
55748
55748
55749
55750
55751
55751
55752
55753
55753
55754
55755
55755
55756
55757
55758
55758
55759
55760
55760
55761
55762
55762
55763
55764
55765
55765
55766
55767
55767
55768
55769
55769
55770
55771
55772
55772
55773
55774
55774
55775
55776
55776
55777
55778
55779
55779
55780
55781
55781
55782
55783
55783
55784
55785
55786
55786
55787
55788
55788
55789
55790
55790
55791
55792
55793
55793
55794
55795
55795
55796
55797
55797
55798
55799
55800
55800
55801
55802
55802
55803
55804
55804
55805
55806
55807
55807
55808
55809
55809
55810
55811
55811
55812
55813
55814
55814
55815
55816
55816
55817
55818
55818
55819
55820
55821
55821
55822
55823
55823
55824
55825
55825
55826
55827
55828
55828
55829
55830
55830
55831
55832
55832
55833
55834
55835
55835
55836
55837
55837
55838
55839
55839
55840
55841
55842
55842
55843
55844
55844
55845
55846
55846
55847
55848
55849
55849
55850
55851
55851
55852
55853
55853
55854
55855
55856
55856
55857
55858
55858
55859
55860
55860
55861
55862
55863
55863
55864
55865
55865
55866
55867
55867
55868
55869
55870
55870
55871
55872
55872
55873
55874
55874
55875
55876
55877
55877
55878
55879
55879
55880
55881
55881
55882
55883
55884
55884
55885
55886
55886
55887
55888
55888
55889
55890
55891
55891
55892
55893
55893
55894
55895
55895
55896
55897
55898
55898
55899
55900
55900
55901
55902
55902
55903
55904
55905
55905
55906
55907
55907
55908
55909
55909
55910
55911
55912
55912
55913
55914
55914
55915
55916
55916
55917
55918
55919
55919
55920
55921
55921
55922
55923
55923
55924
55925
55926
55926
55927
55928
55928
55929
55930
55930
55931
55932
55933
55933
55934
55935
55935
55936
55937
55937
55938
55939
55940
55940
55941
55942
55942
55943
55944
55944
55945
55946
55947
55947
55948
55949
55949
55950
55951
55951
55952
55953
55954
55954
55955
55956
55956
55957
55958
55958
55959
55960
55961
55961
55962
55963
55963
55964
55965
55965
55966
55967
55968
55968
55969
55970
55970
55971
55972
55972
55973
55974
55975
55975
55976
55977
55977
55978
55979
55979
55980
55981
55982
55982
55983
55984
55984
55985
55986
55986
55987
55988
55989
55989
55990
55991
55991
55992
55993
55993
55994
55995
55996
55996
55997
55998
55998
55999
56000
56000
56001
56002
56003
56003
56004
56005
56005
56006
56007
56007
56008
56009
56010
56010
56011
56012
56012
56013
56014
56014
56015
56016
56017
56017
56018
56019
