69558
69559
69560
69560
69561
69562
69562
69563
69564
69565
69565
69566
69567
69567
69568
69569
69569
69570
69571
69572
69572
69573
69574
69574
69575
69576
69576
69577
69578
69579
69579
69580
69581
69581
69582
69583
69583
69584
69585
69586
69586
69587
69588
69588
69589
69590
69590
69591
69592
69593
69593
69594
69595
69595
69596
69597
69597
69598
69599
69600
69600
69601
69602
69602
69603
69604
69604
69605
69606
69607
69607
69608
69609
69609
69610
69611
69611
69612
69613
69614
69614
69615
69616
69616
69617
69618
69618
69619
69620
69621
69621
69622
69623
69623
69624
69625
69625
69626
69627
69628
69628
69629
69630
69630
69631
69632
69632
69633
69634
69635
69635
69636
69637
69637
69638
69639
69639
69640
69641
69642
69642
69643
69644
69644
69645
69646
69646
69647
69648
69649
69649
69650
69651
69651
69652
69653
69653
69654
69655
69656
69656
69657
69658
69658
69659
69660
69660
69661
69662
69663
69663
69664
69665
69665
69666
69667
69667
69668
69669
69670
69670
69671
69672
69672
69673
69674
69674
69675
69676
69677
69677
69678
69679
69679
69680
69681
69681
69682
69683
69684
69684
69685
69686
69686
69687
69688
69688
69689
69690
69691
69691
69692
69693
69693
69694
69695
69695
69696
69697
69698
69698
69699
69700
69700
69701
69702
69702
69703
69704
69705
69705
69706
69707
69707
69708
69709
69709
69710
69711
69712
69712
69713
69714
69714
69715
69716
69716
69717
69718
69719
69719
69720
69721
69721
69722
69723
69723
69724
69725
69726
69726
69727
69728
69728
69729
69730
69730
69731
69732
69733
69733
69734
69735
69735
69736
69737
69737
69738
69739
69740
69740
69741
69742
69742
69743
69744
69744
69745
69746
69747
69747
69748
69749
69749
69750
69751
69751
69752
69753
69754
69754
69755
69756
69756
69757
69758
69758
69759
69760
69761
69761
69762
69763
69763
69764
69765
69765
69766
69767
69768
69768
69769
69770
69770
69771
69772
69772
69773
69774
69775
69775
69776
69777
69777
69778
69779
69779
69780
69781
69782
69782
69783
69784
69784
69785
69786
69786
69787
69788
69789
69789
69790
69791
69791
69792
69793
69793
69794
69795
69796
69796
69797
69798
69798
69799
69800
69800
69801
69802
69803
69803
69804
69805
69805
69806
69807
69807
69808
69809
69810
69810
69811
69812
69812
69813
69814
69814
69815
69816
69817
69817
69818
69819
69819
69820
69821
