7624
7624.7
7625.4
7626.1
7626.8
7627.5
7628.2
7628.9
7629.6
7630.3
7631
7631.7
7632.4
7633.1
7633.8
7634.5
7635.2
7635.9
7636.6
7637.3
7638
7638.7
7639.4
7640.1
7640.8
7641.5
7642.2
7642.9
7643.6
7644.3
7645
7645.7
7646.4
7647.1
7647.8
7648.5
7649.2
7649.9
7650.6
7651.3
7652
7652.7
7653.4
7654.1
7654.8
7655.5
7656.2
7656.9
7657.6
7658.3
7659
7659.7
7660.4
7661.1
7661.8
7662.5
7663.2
7663.9
7664.6
7665.3
7666
7666.7
7667.4
7668.1
7668.8
7669.5
7670.2
7670.9
7671.6
7672.3
7673
7673.7
7674.4
7675.1
7675.8
7676.5
7677.2
7677.9
7678.6
7679.3
7680
7680.7
7681.4
7682.1
7682.8
7683.5
7684.2
7684.9
7685.6
7686.3
7687
7687.7
7688.4
7689.1
7689.8
7690.5
7691.2
7691.9
7692.6
7693.3
7694
7694.7
7695.4
7696.1
7696.8
7697.5
7698.2
7698.9
7699.6
7700.3
7701
7701.7
7702.4
7703.1
7703.8
7704.5
7705.2
7705.9
7706.6
7707.3
7708
7708.7
7709.4
7710.1
7710.8
7711.5
7712.2
7712.9
7713.6
7714.3
7715
7715.7
7716.4
7717.1
7717.8
7718.5
7719.2
7719.9
7720.6
7721.3
7722
7722.7
7723.4
7724.1
7724.8
7725.5
7726.2
7726.9
7727.6
7728.3
7729
7729.7
7730.4
7731.1
7731.8
7732.5
7733.2
7733.9
7734.6
7735.3
7736
7736.7
7737.4
7738.1
7738.8
7739.5
7740.2
7740.9
7741.6
7742.3
7743
7743.7
7744.4
7745.1
7745.8
7746.5
7747.2
7747.9
7748.6
7749.3
7750
7750.7
7751.4
7752.1
7752.8
7753.5
7754.2
7754.9
7755.6
7756.3
7757
7757.7
7758.4
7759.1
7759.8
7760.5
7761.2
7761.9
7762.6
7763.3
7764
7764.7
7765.4
7766.1
7766.8
7767.5
7768.2
7768.9
7769.6
7770.3
7771
7771.7
7772.4
7773.1
7773.8
7774.5
7775.2
7775.9
7776.6
7777.3
7778
7778.7
7779.4
7780.1
7780.8
7781.5
7782.2
7782.9
7783.6
7784.3
7785
7785.7
7786.4
7787.1
7787.8
7788.5
7789.2
7789.9
7790.6
7791.3
7792
7792.7
7793.4
7794.1
7794.8
7795.5
7796.2
7796.9
7797.6
7798.3
7799
7799.7
7800.4
7801.1
7801.8
7802.5
7803.2
7803.9
7804.6
7805.3
7806
7806.7
7807.4
7808.1
7808.8
7809.5
7810.2
7810.9
7811.6
7812.3
7813
7813.7
7814.4
7815.1
7815.8
7816.5
7817.2
7817.9
7818.6
7819.3
7820
7820.7
7821.4
7822.1
7822.8
7823.5
7824.2
7824.9
7825.6
7826.3
7827
7827.7
7828.4
7829.1
7829.8
7830.5
7831.2
7831.9
7832.6
7833.3
7834
7834.7
7835.4
7836.1
7836.8
7837.5
7838.2
7838.9
7839.6
7840.3
7841
7841.7
7842.4
7843.1
7843.8
7844.5
7845.2
7845.9
7846.6
7847.3
7848
7848.7
7849.4
7850.1
7850.8
7851.5
7852.2
7852.9
7853.6
7854.3
7855
7855.7
7856.4
7857.1
7857.8
7858.5
7859.2
7859.9
7860.6
7861.3
7862
7862.7
7863.4
7864.1
7864.8
7865.5
7866.2
7866.9
7867.6
7868.3
7869
7869.7
7870.4
7871.1
7871.8
7872.5
7873.2
7873.9
7874.6
7875.3
7876
7876.7
7877.4
7878.1
7878.8
7879.5
7880.2
7880.9
7881.6
7882.3
7883
7883.7
7884.4
7885.1
7885.8
7886.5
7887.2
7887.9
7888.6
