53372
53373
53374
53375
53375
53376
53377
53377
53378
53379
53379
53380
53381
53382
53382
53383
53384
53384
53385
53386
53386
53387
53388
53389
53389
53390
53391
53391
53392
53393
53393
53394
53395
53396
53396
53397
53398
53398
53399
53400
53400
53401
53402
53403
53403
53404
53405
53405
53406
53407
53407
53408
53409
53410
53410
53411
53412
53412
53413
53414
53414
53415
53416
53417
53417
53418
53419
53419
53420
53421
53421
53422
53423
53424
53424
53425
53426
53426
53427
53428
53428
53429
53430
53431
53431
53432
53433
53433
53434
53435
53435
53436
53437
53438
53438
53439
53440
53440
53441
53442
53442
53443
53444
53445
53445
53446
53447
53447
53448
53449
53449
53450
53451
53452
53452
53453
53454
53454
53455
53456
53456
53457
53458
53459
53459
53460
53461
53461
53462
53463
53463
53464
53465
53466
53466
53467
53468
53468
53469
53470
53470
53471
53472
53473
53473
53474
53475
53475
53476
53477
53477
53478
53479
53480
53480
53481
53482
53482
53483
53484
53484
53485
53486
53487
53487
53488
53489
53489
53490
53491
53491
53492
53493
53494
53494
53495
53496
53496
53497
53498
53498
53499
53500
53501
53501
53502
53503
53503
53504
53505
53505
53506
53507
53508
53508
53509
53510
53510
53511
53512
53512
53513
53514
53515
53515
53516
53517
53517
53518
53519
53519
53520
53521
53522
53522
53523
53524
53524
53525
53526
53526
53527
53528
53529
53529
53530
53531
53531
53532
53533
53533
53534
53535
53536
53536
53537
53538
53538
53539
53540
53540
53541
53542
53543
53543
53544
53545
53545
53546
53547
53547
53548
53549
53550
53550
53551
53552
53552
53553
53554
53554
53555
53556
53557
53557
53558
53559
53559
53560
53561
53561
53562
53563
53564
53564
53565
53566
53566
53567
53568
53568
53569
53570
53571
53571
53572
53573
53573
53574
53575
53575
53576
53577
53578
53578
53579
53580
53580
53581
53582
53582
53583
53584
53585
53585
53586
53587
53587
53588
53589
53589
53590
53591
53592
53592
53593
53594
53594
53595
53596
53596
53597
53598
53599
53599
53600
53601
53601
53602
53603
53603
53604
53605
53606
53606
53607
53608
53608
53609
53610
53610
53611
53612
53613
53613
53614
53615
53615
53616
53617
53617
53618
53619
53620
53620
53621
53622
53622
53623
53624
53624
53625
53626
53627
53627
53628
53629
53629
53630
53631
53631
53632
53633
53634
