54284
54284
54285
54286
54287
54287
54288
54289
54289
54290
54291
54291
54292
54293
54294
54294
54295
54296
54296
54297
54298
54298
54299
54300
54301
54301
54302
54303
54303
54304
54305
54305
54306
54307
54308
54308
54309
54310
54310
54311
54312
54312
54313
54314
54315
54315
54316
54317
54317
54318
54319
54319
54320
54321
54322
54322
54323
54324
54324
54325
54326
54326
54327
54328
54329
54329
54330
54331
54331
54332
54333
54333
54334
54335
54336
54336
54337
54338
54338
54339
54340
54340
54341
54342
54343
54343
54344
54345
54345
54346
54347
54347
54348
54349
54350
54350
54351
54352
54352
54353
54354
54354
54355
54356
54357
54357
54358
54359
54359
54360
54361
54361
54362
54363
54364
54364
54365
54366
54366
54367
54368
54368
54369
54370
54371
54371
54372
54373
54373
54374
54375
54375
54376
54377
54378
54378
54379
54380
54380
54381
54382
54382
54383
54384
54385
54385
54386
54387
54387
54388
54389
54389
54390
54391
54392
54392
54393
54394
54394
54395
54396
54396
54397
54398
54399
54399
54400
54401
54401
54402
54403
54403
54404
54405
54406
54406
54407
54408
54408
54409
54410
54410
54411
54412
54413
54413
54414
54415
54415
54416
54417
54417
54418
54419
54420
54420
54421
54422
54422
54423
54424
54424
54425
54426
54427
54427
54428
54429
54429
54430
54431
54431
54432
54433
54434
54434
54435
54436
54436
54437
54438
54438
54439
54440
54441
54441
54442
54443
54443
54444
54445
54445
54446
54447
54448
54448
54449
54450
54450
54451
54452
54452
54453
54454
54455
54455
54456
54457
54457
54458
54459
54459
54460
54461
54462
54462
54463
54464
54464
54465
54466
54466
54467
54468
54469
54469
54470
54471
54471
54472
54473
54473
54474
54475
54476
54476
54477
54478
54478
54479
54480
54480
54481
54482
54483
54483
54484
54485
54485
54486
54487
54487
54488
54489
54490
54490
54491
54492
54492
54493
54494
54494
54495
54496
54497
54497
54498
54499
54499
54500
54501
54501
54502
54503
54504
54504
54505
54506
54506
54507
54508
54508
54509
54510
54511
54511
54512
54513
54513
54514
54515
54515
54516
54517
54518
54518
54519
54520
54520
54521
54522
54522
54523
54524
54525
54525
54526
54527
54527
54528
54529
54529
54530
54531
54532
54532
54533
54534
54534
54535
54536
54536
54537
54538
54539
54539
54540
54541
54541
54542
54543
54543
54544
54545
54546
54546
54547
54548
54548
54549
54550
54550
54551
54552
54553
54553
54554
54555
54555
54556
54557
54557
54558
54559
54560
54560
54561
54562
54562
54563
54564
54564
54565
54566
54567
54567
54568
54569
54569
54570
54571
54571
54572
54573
54574
54574
54575
54576
54576
54577
54578
54578
54579
54580
54581
54581
54582
54583
54583
54584
54585
54585
54586
54587
54588
54588
54589
54590
54590
54591
54592
54592
54593
54594
54595
54595
54596
54597
54597
54598
54599
54599
54600
54601
54602
54602
54603
54604
54604
54605
54606
54606
54607
54608
54609
54609
54610
54611
54611
54612
54613
54613
54614
54615
54616
54616
54617
54618
54618
54619
54620
54620
54621
54622
54623
54623
54624
54625
54625
54626
54627
54627
54628
54629
54630
54630
