68981
68982
68983
68983
68984
68985
68985
68986
68987
68988
68988
68989
68990
68990
68991
68992
68992
68993
68994
68995
68995
68996
68997
68997
68998
68999
68999
69000
69001
69002
69002
69003
69004
69004
69005
69006
69006
69007
69008
69009
69009
69010
69011
69011
69012
69013
69013
69014
69015
69016
69016
69017
69018
69018
69019
69020
69020
69021
69022
69023
69023
69024
69025
69025
69026
69027
69027
69028
69029
69030
69030
69031
69032
69032
69033
69034
69034
69035
69036
69037
69037
69038
69039
69039
69040
69041
69041
69042
69043
69044
69044
69045
69046
69046
69047
69048
69048
69049
69050
69051
69051
69052
69053
69053
69054
69055
69055
69056
69057
69058
69058
69059
69060
69060
69061
69062
69062
69063
69064
69065
69065
69066
69067
69067
69068
69069
69069
69070
69071
69072
69072
69073
69074
69074
69075
69076
69076
69077
69078
69079
69079
69080
69081
69081
69082
69083
69083
69084
69085
69086
69086
69087
69088
69088
69089
69090
69090
69091
69092
69093
69093
69094
69095
69095
69096
69097
69097
69098
69099
69100
69100
69101
69102
69102
69103
69104
69104
69105
69106
69107
69107
69108
69109
69109
69110
69111
69111
69112
69113
69114
69114
69115
69116
69116
69117
69118
69118
69119
69120
69121
69121
69122
69123
69123
69124
69125
69125
69126
69127
69128
69128
69129
69130
69130
69131
69132
69132
69133
69134
69135
69135
69136
69137
69137
69138
69139
69139
69140
69141
69142
69142
69143
69144
69144
69145
69146
69146
69147
69148
69149
69149
69150
69151
69151
69152
69153
69153
69154
69155
69156
69156
69157
69158
69158
69159
69160
69160
69161
69162
69163
69163
69164
69165
69165
69166
69167
69167
69168
69169
69170
69170
69171
69172
69172
69173
69174
69174
69175
69176
69177
69177
69178
69179
69179
69180
69181
69181
69182
69183
69184
69184
69185
69186
69186
69187
69188
69188
69189
69190
69191
69191
69192
69193
69193
69194
69195
69195
69196
69197
69198
69198
69199
69200
69200
69201
69202
69202
69203
69204
69205
69205
69206
69207
69207
69208
69209
69209
69210
69211
69212
69212
69213
69214
69214
69215
69216
69216
69217
69218
69219
69219
69220
69221
69221
69222
69223
69223
69224
69225
69226
69226
69227
69228
69228
69229
69230
69230
69231
69232
69233
69233
69234
69235
