16551
16552
16552
16553
16554
16554
16555
16556
16557
16557
16558
16559
16559
16560
16561
16561
16562
16563
16564
16564
16565
16566
16566
16567
16568
16568
16569
16570
16571
16571
16572
16573
16573
16574
16575
16575
16576
16577
16578
16578
16579
16580
16580
16581
16582
16582
16583
16584
16585
16585
16586
16587
16587
16588
16589
16589
16590
16591
16592
16592
16593
16594
16594
16595
16596
16596
16597
16598
16599
16599
16600
16601
16601
16602
16603
16603
16604
16605
16606
16606
16607
16608
16608
16609
16610
16610
16611
16612
16613
16613
16614
16615
16615
16616
16617
16617
16618
16619
16620
16620
16621
16622
16622
16623
16624
16624
16625
16626
16627
16627
16628
16629
16629
16630
16631
16631
16632
16633
16634
16634
16635
16636
16636
16637
16638
16638
16639
16640
16641
16641
16642
16643
16643
16644
16645
16645
16646
16647
16648
16648
16649
16650
16650
16651
16652
16652
16653
16654
16655
16655
16656
16657
16657
16658
16659
16659
16660
16661
16662
16662
16663
16664
16664
16665
16666
16666
16667
16668
16669
16669
16670
16671
16671
16672
16673
16673
16674
16675
16676
16676
16677
16678
16678
16679
16680
16680
16681
16682
16683
16683
16684
16685
16685
16686
16687
16687
16688
16689
16690
16690
16691
16692
16692
16693
16694
16694
16695
16696
16697
16697
16698
16699
16699
16700
16701
16701
16702
16703
16704
16704
16705
16706
16706
16707
16708
16708
16709
16710
16711
16711
16712
16713
16713
