64836
64837
64838
64838
64839
64840
64840
64841
64842
64843
64843
64844
64845
64845
64846
64847
64847
64848
64849
64850
64850
64851
64852
64852
64853
64854
64854
64855
64856
64857
64857
64858
64859
64859
64860
64861
64861
64862
64863
64864
64864
64865
64866
64866
64867
64868
64868
64869
64870
64871
64871
64872
64873
64873
64874
64875
64875
64876
64877
64878
64878
64879
64880
64880
64881
64882
64882
64883
64884
64885
64885
64886
64887
64887
64888
64889
64889
64890
64891
64892
64892
64893
64894
64894
64895
64896
64896
64897
64898
64899
64899
64900
64901
64901
64902
64903
64903
64904
64905
64906
64906
64907
64908
64908
64909
64910
64910
64911
64912
64913
64913
64914
64915
64915
64916
64917
64917
64918
64919
64920
64920
64921
64922
64922
64923
64924
64924
64925
64926
64927
64927
64928
64929
64929
64930
64931
64931
64932
64933
64934
64934
64935
64936
64936
64937
64938
64938
64939
64940
64941
64941
64942
64943
64943
64944
64945
64945
64946
64947
64948
64948
64949
64950
64950
64951
64952
64952
64953
64954
64955
64955
64956
64957
64957
64958
64959
64959
64960
64961
64962
64962
64963
64964
64964
64965
64966
64966
64967
64968
64969
64969
64970
64971
64971
64972
64973
64973
64974
64975
64976
64976
64977
64978
64978
64979
64980
64980
64981
64982
64983
64983
64984
64985
64985
64986
64987
64987
64988
64989
64990
64990
64991
64992
64992
64993
64994
64994
64995
64996
64997
64997
64998
64999
64999
65000
65001
65001
65002
65003
65004
65004
65005
65006
65006
65007
65008
65008
65009
65010
65011
65011
65012
65013
65013
65014
65015
65015
65016
65017
65018
65018
65019
65020
65020
65021
65022
65022
65023
65024
65025
65025
65026
65027
65027
65028
65029
65029
65030
65031
65032
65032
65033
65034
65034
65035
65036
65036
65037
65038
65039
65039
65040
65041
65041
65042
65043
65043
65044
65045
65046
65046
65047
65048
65048
65049
65050
65050
65051
65052
65053
65053
65054
65055
65055
65056
65057
65057
65058
65059
65060
65060
65061
65062
65062
65063
65064
65064
65065
65066
65067
65067
65068
65069
65069
65070
65071
65071
65072
65073
65074
65074
65075
65076
65076
65077
65078
65078
65079
65080
65081
65081
65082
65083
65083
65084
65085
65085
65086
65087
65088
65088
65089
65090
65090
65091
65092
65092
65093
65094
65095
65095
65096
65097
65097
65098
65099
65099
65100
65101
65102
65102
65103
65104
65104
65105
65106
65106
65107
65108
65109
65109
65110
65111
65111
65112
65113
65113
65114
65115
65116
65116
65117
65118
65118
65119
65120
65120
65121
65122
65123
65123
65124
65125
65125
65126
65127
65127
65128
65129
65130
65130
65131
65132
65132
65133
65134
65134
65135
65136
65137
65137
65138
65139
65139
65140
65141
65141
65142
65143
65144
65144
65145
65146
65146
65147
65148
65148
65149
65150
65151
65151
65152
65153
65153
65154
65155
65155
65156
65157
65158
65158
65159
65160
65160
65161
65162
65162
65163
65164
65165
65165
65166
65167
65167
65168
65169
65169
65170
65171
65172
65172
65173
65174
65174
65175
65176
65176
65177
65178
65179
65179
65180
65181
65181
65182
65183
65183
65184
65185
65186
65186
65187
65188
65188
65189
65190
65190
65191
65192
65193
65193
65194
65195
65195
65196
65197
65197
65198
65199
65200
65200
65201
65202
65202
65203
65204
65204
65205
65206
65207
65207
65208
65209
65209
65210
65211
65211
65212
65213
65214
65214
65215
65216
65216
65217
65218
65218
65219
65220
65221
65221
65222
65223
65223
65224
65225
65225
65226
65227
65228
65228
65229
65230
65230
65231
65232
65232
65233
65234
65235
65235
65236
65237
65237
65238
65239
65239
65240
65241
65242
65242
65243
65244
65244
65245
65246
65246
65247
65248
65249
65249
65250
65251
65251
65252
65253
65253
65254
65255
65256
65256
65257
65258
65258
65259
65260
65260
65261
65262
65263
65263
65264
65265
65265
