47591
47591
47592
47593
47594
47594
47595
47596
47596
47597
47598
47598
47599
47600
47601
47601
47602
47603
47603
47604
47605
47605
47606
47607
47608
47608
47609
47610
47610
47611
47612
47612
47613
47614
47615
47615
47616
47617
47617
47618
47619
47619
47620
47621
47622
47622
47623
47624
47624
47625
47626
47626
47627
47628
47629
47629
47630
47631
47631
47632
47633
47633
47634
47635
47636
47636
47637
47638
47638
47639
47640
47640
47641
47642
47643
47643
47644
47645
47645
47646
47647
47647
47648
47649
47650
47650
47651
47652
47652
47653
47654
47654
47655
47656
47657
47657
47658
47659
47659
47660
47661
47661
47662
47663
47664
47664
47665
47666
47666
47667
47668
47668
47669
47670
47671
47671
47672
47673
47673
47674
47675
47675
47676
47677
47678
47678
47679
47680
47680
47681
47682
47682
47683
47684
47685
47685
47686
47687
47687
47688
47689
47689
47690
47691
47692
47692
47693
47694
47694
47695
47696
47696
47697
47698
47699
47699
47700
47701
47701
47702
47703
47703
47704
47705
47706
47706
47707
47708
47708
47709
47710
47710
47711
47712
47713
47713
47714
47715
47715
47716
47717
47717
47718
47719
47720
47720
47721
47722
47722
47723
47724
47724
47725
47726
47727
47727
47728
47729
47729
47730
47731
47731
47732
47733
47734
47734
47735
47736
47736
47737
47738
47738
47739
47740
47741
47741
47742
47743
47743
47744
47745
47745
47746
47747
47748
47748
47749
47750
47750
47751
47752
47752
47753
47754
47755
47755
47756
47757
47757
47758
47759
47759
47760
47761
47762
47762
47763
47764
47764
47765
47766
47766
47767
47768
47769
47769
47770
47771
47771
47772
47773
47773
47774
47775
47776
47776
47777
47778
47778
47779
47780
47780
47781
47782
47783
47783
47784
47785
47785
47786
47787
47787
47788
47789
47790
47790
47791
47792
47792
47793
47794
47794
47795
47796
47797
47797
47798
47799
47799
47800
47801
47801
47802
47803
47804
47804
47805
47806
47806
47807
47808
47808
47809
47810
47811
47811
47812
47813
47813
47814
47815
47815
47816
47817
47818
47818
47819
47820
47820
47821
47822
47822
47823
47824
47825
47825
47826
47827
47827
47828
47829
47829
47830
47831
47832
47832
47833
47834
47834
47835
47836
47836
47837
47838
47839
47839
47840
47841
47841
47842
47843
47843
47844
47845
47846
47846
47847
47848
47848
47849
47850
47850
47851
47852
47853
47853
47854
47855
47855
47856
47857
47857
47858
47859
47860
47860
47861
47862
47862
47863
47864
47864
47865
47866
47867
47867
47868
47869
47869
47870
47871
47871
47872
47873
47874
47874
47875
47876
47876
47877
47878
47878
47879
47880
47881
47881
47882
47883
47883
47884
47885
47885
47886
47887
47888
47888
47889
47890
47890
47891
47892
47892
47893
47894
47895
47895
47896
47897
47897
47898
47899
47899
47900
47901
