3730.5
3731.2
3731.9
3732.6
3733.3
3734
3734.7
3735.4
3736.1
3736.8
3737.5
3738.2
3738.9
3739.6
3740.3
3741
3741.7
3742.4
3743.1
3743.8
3744.5
3745.2
3745.9
3746.6
3747.3
3748
3748.7
3749.4
3750.1
3750.8
3751.5
3752.2
3752.9
3753.6
3754.3
3755
3755.7
3756.4
3757.1
3757.8
3758.5
3759.2
3759.9
3760.6
3761.3
3762
3762.7
3763.4
3764.1
3764.8
3765.5
3766.2
3766.9
3767.6
3768.3
3769
3769.7
3770.4
3771.1
3771.8
3772.5
3773.2
3773.9
3774.6
3775.3
3776
3776.7
3777.4
3778.1
3778.8
3779.5
3780.2
3780.9
3781.6
3782.3
3783
3783.7
3784.4
3785.1
3785.8
3786.5
3787.2
3787.9
3788.6
3789.3
3790
3790.7
3791.4
3792.1
3792.8
3793.5
3794.2
3794.9
3795.6
3796.3
3797
3797.7
3798.4
3799.1
3799.8
3800.5
3801.2
3801.9
3802.6
3803.3
3804
3804.7
3805.4
3806.1
3806.8
3807.5
3808.2
3808.9
3809.6
3810.3
3811
3811.7
3812.4
3813.1
3813.8
3814.5
3815.2
3815.9
3816.6
3817.3
3818
3818.7
3819.4
3820.1
3820.8
3821.5
3822.2
3822.9
3823.6
3824.3
3825
3825.7
3826.4
3827.1
3827.8
3828.5
3829.2
3829.9
3830.6
3831.3
3832
3832.7
3833.4
3834.1
3834.8
3835.5
3836.2
3836.9
3837.6
3838.3
3839
3839.7
3840.4
3841.1
3841.8
3842.5
3843.2
3843.9
3844.6
3845.3
3846
3846.7
3847.4
3848.1
3848.8
3849.5
3850.2
3850.9
3851.6
3852.3
3853
3853.7
3854.4
3855.1
3855.8
3856.5
3857.2
3857.9
3858.6
3859.3
3860
3860.7
3861.4
3862.1
3862.8
3863.5
3864.2
3864.9
3865.6
3866.3
3867
3867.7
3868.4
3869.1
3869.8
3870.5
3871.2
3871.9
3872.6
3873.3
3874
3874.7
3875.4
3876.1
3876.8
3877.5
3878.2
3878.9
3879.6
3880.3
3881
3881.7
3882.4
3883.1
3883.8
3884.5
3885.2
3885.9
3886.6
3887.3
3888
3888.7
3889.4
3890.1
3890.8
3891.5
3892.2
3892.9
3893.6
3894.3
3895
3895.7
3896.4
3897.1
3897.8
3898.5
3899.2
3899.9
3900.6
3901.3
3902
3902.7
3903.4
3904.1
3904.8
3905.5
3906.2
3906.9
3907.6
3908.3
3909
3909.7
3910.4
3911.1
3911.8
3912.5
3913.2
3913.9
3914.6
3915.3
3916
3916.7
3917.4
3918.1
3918.8
3919.5
3920.2
3920.9
3921.6
3922.3
3923
3923.7
3924.4
3925.1
3925.8
3926.5
3927.2
3927.9
3928.6
3929.3
3930
3930.7
3931.4
3932.1
3932.8
3933.5
3934.2
3934.9
3935.6
3936.3
3937
3937.7
3938.4
3939.1
3939.8
3940.5
3941.2
3941.9
3942.6
3943.3
3944
3944.7
3945.4
3946.1
3946.8
3947.5
3948.2
3948.9
3949.6
3950.3
3951
3951.7
3952.4
3953.1
3953.8
3954.5
3955.2
3955.9
3956.6
3957.3
3958
3958.7
3959.4
3960.1
3960.8
3961.5
3962.2
3962.9
3963.6
3964.3
3965
3965.7
3966.4
3967.1
3967.8
3968.5
3969.2
3969.9
3970.6
3971.3
3972
3972.7
3973.4
3974.1
3974.8
3975.5
3976.2
3976.9
3977.6
3978.3
3979
3979.7
3980.4
3981.1
3981.8
3982.5
3983.2
3983.9
3984.6
3985.3
3986
