24533
24534
24535
24535
24536
24537
24537
24538
24539
24540
24540
24541
24542
24542
24543
24544
24544
24545
24546
24547
24547
24548
24549
24549
24550
24551
24551
24552
24553
24554
24554
24555
24556
24556
24557
24558
24558
24559
24560
24561
24561
24562
24563
24563
24564
24565
24565
24566
24567
24568
24568
24569
24570
24570
24571
24572
24572
24573
24574
24575
24575
24576
24577
24577
24578
24579
24579
24580
24581
24582
24582
24583
24584
24584
24585
24586
24586
24587
24588
24589
24589
24590
24591
24591
24592
24593
24593
24594
24595
24596
24596
24597
24598
24598
24599
24600
24600
24601
24602
24603
24603
24604
24605
24605
24606
24607
24607
24608
24609
24610
24610
24611
24612
24612
24613
