74581
74582
74582
74583
74584
74584
74585
74586
74587
74587
74588
74589
74589
74590
74591
74591
74592
74593
74594
74594
74595
74596
74596
74597
74598
74598
74599
74600
74601
74601
74602
74603
74603
74604
74605
74605
74606
74607
74608
74608
74609
74610
74610
74611
74612
74612
74613
74614
74615
74615
74616
74617
74617
74618
74619
74619
74620
74621
74622
74622
74623
74624
74624
74625
74626
74626
74627
74628
74629
74629
74630
74631
74631
74632
74633
74633
74634
74635
74636
74636
74637
74638
74638
74639
74640
74640
74641
74642
74643
74643
74644
74645
74645
74646
74647
74647
74648
74649
74650
74650
74651
74652
74652
74653
74654
74654
74655
74656
74657
74657
74658
74659
74659
74660
74661
74661
74662
74663
74664
74664
74665
74666
74666
74667
74668
74668
74669
74670
74671
74671
74672
74673
74673
74674
74675
74675
74676
74677
74678
74678
74679
74680
74680
74681
74682
74682
74683
74684
74685
74685
74686
74687
74687
74688
74689
74689
74690
74691
74692
74692
74693
74694
74694
74695
74696
74696
74697
74698
74699
74699
74700
74701
74701
74702
74703
74703
74704
74705
74706
74706
74707
74708
74708
74709
74710
74710
74711
74712
74713
74713
74714
74715
74715
74716
74717
74717
74718
74719
74720
74720
74721
74722
74722
74723
74724
74724
74725
74726
74727
74727
74728
74729
74729
74730
74731
74731
74732
74733
74734
74734
74735
74736
74736
74737
74738
74738
74739
74740
74741
74741
74742
74743
74743
74744
74745
74745
74746
74747
74748
74748
74749
74750
74750
74751
74752
74752
74753
74754
74755
74755
74756
74757
74757
74758
74759
74759
74760
74761
74762
74762
74763
74764
74764
74765
74766
74766
74767
74768
74769
74769
74770
74771
74771
74772
74773
74773
74774
74775
74776
74776
74777
74778
74778
74779
74780
74780
74781
74782
74783
74783
74784
74785
74785
74786
74787
74787
74788
74789
74790
74790
74791
74792
74792
74793
74794
74794
74795
74796
74797
74797
74798
74799
74799
