3102.6
3103.3
3104
3104.7
3105.4
3106.1
3106.8
3107.5
3108.2
3108.9
3109.6
3110.3
3111
3111.7
3112.4
3113.1
3113.8
3114.5
3115.2
3115.9
3116.6
3117.3
3118
3118.7
3119.4
3120.1
3120.8
3121.5
3122.2
3122.9
3123.6
3124.3
3125
3125.7
3126.4
3127.1
3127.8
3128.5
3129.2
3129.9
3130.6
3131.3
3132
3132.7
3133.4
3134.1
3134.8
3135.5
3136.2
3136.9
3137.6
3138.3
3139
3139.7
3140.4
3141.1
3141.8
3142.5
3143.2
3143.9
3144.6
3145.3
3146
3146.7
3147.4
3148.1
3148.8
3149.5
3150.2
3150.9
3151.6
3152.3
3153
3153.7
3154.4
3155.1
3155.8
3156.5
3157.2
3157.9
3158.6
3159.3
3160
3160.7
3161.4
3162.1
3162.8
3163.5
3164.2
3164.9
3165.6
3166.3
3167
3167.7
3168.4
3169.1
3169.8
3170.5
3171.2
3171.9
3172.6
3173.3
3174
3174.7
3175.4
3176.1
3176.8
3177.5
3178.2
3178.9
3179.6
3180.3
3181
3181.7
3182.4
3183.1
3183.8
3184.5
3185.2
3185.9
3186.6
3187.3
3188
3188.7
3189.4
3190.1
3190.8
3191.5
3192.2
3192.9
3193.6
3194.3
3195
3195.7
3196.4
3197.1
3197.8
3198.5
3199.2
3199.9
3200.6
3201.3
3202
3202.7
3203.4
3204.1
3204.8
3205.5
3206.2
3206.9
3207.6
3208.3
3209
3209.7
3210.4
3211.1
3211.8
3212.5
3213.2
3213.9
3214.6
3215.3
3216
3216.7
3217.4
3218.1
3218.8
3219.5
3220.2
3220.9
3221.6
3222.3
3223
3223.7
3224.4
3225.1
3225.8
3226.5
3227.2
3227.9
3228.6
3229.3
3230
3230.7
3231.4
3232.1
3232.8
3233.5
3234.2
3234.9
3235.6
3236.3
3237
3237.7
3238.4
3239.1
3239.8
3240.5
3241.2
3241.9
3242.6
3243.3
3244
3244.7
3245.4
3246.1
3246.8
3247.5
3248.2
3248.9
3249.6
3250.3
3251
3251.7
3252.4
3253.1
3253.8
3254.5
3255.2
3255.9
3256.6
3257.3
3258
3258.7
3259.4
3260.1
3260.8
3261.5
3262.2
3262.9
3263.6
3264.3
3265
3265.7
3266.4
3267.1
3267.8
3268.5
3269.2
3269.9
3270.6
3271.3
3272
3272.7
3273.4
3274.1
3274.8
3275.5
3276.2
3276.9
3277.6
3278.3
3279
3279.7
3280.4
3281.1
3281.8
3282.5
3283.2
3283.9
3284.6
3285.3
3286
3286.7
3287.4
3288.1
3288.8
3289.5
3290.2
3290.9
3291.6
3292.3
3293
3293.7
3294.4
3295.1
3295.8
3296.5
3297.2
3297.9
3298.6
3299.3
3300
3300.7
3301.4
3302.1
3302.8
3303.5
3304.2
3304.9
3305.6
3306.3
3307
3307.7
3308.4
3309.1
3309.8
3310.5
3311.2
3311.9
3312.6
3313.3
3314
3314.7
3315.4
3316.1
3316.8
3317.5
3318.2
3318.9
3319.6
3320.3
3321
3321.7
3322.4
3323.1
3323.8
3324.5
3325.2
3325.9
3326.6
3327.3
3328
3328.7
3329.4
3330.1
3330.8
3331.5
3332.2
3332.9
3333.6
3334.3
3335
3335.7
3336.4
3337.1
3337.8
3338.5
3339.2
3339.9
3340.6
3341.3
3342
3342.7
3343.4
3344.1
3344.8
3345.5
3346.2
3346.9
3347.6
3348.3
3349
3349.7
3350.4
3351.1
3351.8
3352.5
3353.2
3353.9
3354.6
3355.3
3356
3356.7
3357.4
3358.1
3358.8
3359.5
3360.2
3360.9
3361.6
3362.3
3363
3363.7
3364.4
3365.1
3365.8
3366.5
3367.2
3367.9
3368.6
3369.3
3370
3370.7
3371.4
3372.1
3372.8
3373.5
3374.2
3374.9
3375.6
3376.3
3377
3377.7
3378.4
3379.1
3379.8
3380.5
3381.2
3381.9
3382.6
3383.3
3384
3384.7
3385.4
3386.1
3386.8
3387.5
3388.2
3388.9
3389.6
3390.3
3391
3391.7
3392.4
3393.1
3393.8
3394.5
3395.2
3395.9
3396.6
3397.3
3398
3398.7
3399.4
3400.1
3400.8
3401.5
3402.2
3402.9
3403.6
3404.3
3405
3405.7
3406.4
3407.1
3407.8
3408.5
3409.2
3409.9
3410.6
3411.3
3412
3412.7
3413.4
3414.1
3414.8
3415.5
3416.2
3416.9
3417.6
3418.3
3419
3419.7
3420.4
3421.1
3421.8
3422.5
3423.2
3423.9
3424.6
3425.3
3426
3426.7
3427.4
3428.1
3428.8
3429.5
3430.2
3430.9
3431.6
3432.3
3433
3433.7
3434.4
3435.1
3435.8
3436.5
3437.2
3437.9
3438.6
3439.3
