60539
60539
60540
60541
60541
60542
60543
60544
60544
60545
60546
60546
60547
60548
60548
60549
60550
60551
60551
60552
60553
60553
60554
60555
60555
60556
60557
60558
60558
60559
60560
60560
60561
60562
60562
60563
60564
60565
60565
60566
60567
60567
60568
60569
60569
60570
60571
60572
60572
60573
60574
60574
60575
60576
60576
60577
60578
60579
60579
60580
60581
60581
60582
60583
60583
60584
60585
60586
60586
60587
60588
60588
60589
60590
60590
60591
60592
60593
60593
60594
60595
60595
60596
60597
60597
60598
60599
60600
60600
60601
60602
60602
60603
60604
60604
60605
60606
60607
60607
60608
60609
60609
60610
60611
60611
60612
60613
60614
60614
60615
60616
60616
60617
60618
60618
60619
60620
60621
60621
60622
60623
60623
60624
60625
60625
60626
60627
60628
60628
60629
60630
60630
60631
60632
60632
60633
60634
60635
60635
60636
60637
60637
60638
60639
60639
60640
60641
60642
60642
60643
60644
60644
60645
60646
60646
60647
60648
60649
60649
60650
60651
60651
60652
60653
60653
60654
60655
60656
60656
60657
60658
60658
60659
60660
60660
60661
60662
60663
60663
60664
60665
60665
60666
60667
60667
60668
60669
60670
60670
60671
60672
60672
60673
60674
60674
60675
60676
60677
60677
60678
60679
60679
60680
60681
60681
60682
60683
60684
60684
60685
60686
60686
60687
60688
60688
60689
60690
60691
60691
60692
60693
60693
60694
60695
60695
60696
60697
60698
60698
60699
60700
60700
60701
60702
60702
60703
60704
60705
60705
60706
60707
60707
60708
60709
60709
60710
60711
60712
60712
60713
60714
60714
60715
60716
60716
60717
60718
60719
60719
60720
60721
60721
60722
60723
60723
60724
60725
60726
60726
60727
60728
60728
60729
60730
60730
60731
60732
60733
60733
60734
60735
60735
60736
60737
60737
60738
60739
60740
60740
60741
60742
60742
60743
60744
60744
60745
60746
60747
60747
60748
60749
60749
60750
60751
60751
60752
60753
60754
60754
60755
60756
60756
60757
60758
60758
60759
60760
60761
60761
60762
60763
60763
60764
60765
60765
60766
60767
60768
60768
60769
60770
60770
60771
60772
60772
60773
60774
60775
60775
60776
60777
60777
60778
60779
60779
60780
60781
60782
60782
60783
60784
60784
60785
60786
60786
60787
60788
60789
60789
60790
60791
60791
60792
60793
60793
60794
60795
60796
60796
60797
60798
60798
60799
60800
60800
60801
60802
60803
60803
60804
60805
60805
60806
60807
60807
60808
60809
60810
60810
60811
60812
60812
60813
60814
60814
60815
60816
60817
60817
60818
60819
60819
60820
60821
60821
60822
60823
60824
60824
60825
60826
60826
60827
60828
60828
60829
60830
60831
60831
60832
60833
60833
60834
60835
60835
60836
60837
60838
60838
60839
60840
60840
60841
60842
60842
60843
60844
60845
60845
60846
60847
60847
60848
60849
60849
60850
60851
60852
60852
60853
60854
60854
60855
60856
60856
60857
60858
60859
60859
60860
60861
60861
60862
60863
60863
60864
60865
60866
60866
60867
60868
60868
60869
60870
60870
60871
60872
60873
60873
60874
60875
60875
60876
60877
60877
60878
60879
60880
60880
60881
60882
60882
60883
60884
60884
60885
60886
60887
60887
60888
60889
60889
60890
60891
60891
60892
60893
60894
60894
60895
60896
60896
60897
60898
60898
60899
60900
60901
60901
60902
60903
60903
60904
60905
60905
60906
60907
60908
60908
60909
60910
60910
60911
60912
60912
60913
60914
60915
60915
60916
60917
60917
60918
60919
60919
60920
60921
60922
60922
60923
60924
60924
60925
60926
60926
60927
60928
60929
60929
60930
60931
60931
60932
60933
60933
60934
60935
60936
60936
60937
60938
60938
60939
60940
60940
60941
60942
60943
60943
60944
60945
60945
60946
60947
60947
60948
60949
60950
60950
60951
60952
60952
60953
60954
