52450
52450
52451
52452
52452
52453
52454
52454
52455
52456
52457
52457
52458
52459
52459
52460
52461
52461
52462
52463
52464
52464
52465
52466
52466
52467
52468
52468
52469
52470
52471
52471
52472
52473
52473
52474
52475
52475
52476
52477
52478
52478
52479
52480
52480
52481
52482
52482
52483
52484
52485
52485
52486
52487
52487
52488
52489
52489
52490
52491
52492
52492
52493
52494
52494
52495
52496
52496
52497
52498
52499
52499
52500
52501
52501
52502
52503
52503
52504
52505
52506
52506
52507
52508
52508
52509
52510
52510
52511
52512
52513
52513
52514
52515
52515
