84991
84991
84992
84993
84994
84994
84995
84996
84996
84997
84998
84998
84999
85000
85001
85001
85002
85003
85003
85004
85005
85005
85006
85007
85008
85008
85009
85010
85010
85011
85012
85012
85013
85014
85015
85015
85016
85017
85017
85018
85019
85019
85020
85021
85022
85022
85023
85024
85024
85025
85026
85026
85027
85028
85029
85029
85030
85031
85031
85032
85033
85033
85034
85035
85036
85036
85037
85038
85038
85039
85040
85040
85041
85042
85043
85043
85044
85045
85045
85046
85047
85047
85048
85049
85050
85050
85051
85052
85052
85053
85054
85054
85055
85056
85057
85057
85058
85059
85059
85060
85061
85061
85062
85063
85064
85064
85065
85066
85066
85067
85068
85068
85069
85070
85071
85071
85072
85073
85073
85074
85075
85075
85076
85077
85078
85078
85079
85080
85080
85081
85082
85082
85083
85084
85085
85085
85086
85087
85087
85088
85089
85089
85090
85091
85092
85092
85093
85094
85094
85095
85096
85096
85097
85098
85099
85099
85100
85101
85101
85102
85103
85103
85104
85105
85106
85106
85107
85108
85108
85109
85110
85110
85111
85112
85113
85113
85114
85115
85115
85116
85117
85117
85118
85119
85120
85120
85121
85122
85122
85123
85124
85124
85125
85126
85127
85127
85128
85129
85129
85130
85131
85131
85132
85133
85134
85134
85135
85136
85136
85137
85138
85138
85139
85140
85141
85141
85142
85143
85143
85144
85145
85145
85146
85147
85148
85148
85149
85150
85150
85151
85152
85152
85153
85154
85155
85155
85156
85157
85157
85158
85159
85159
85160
85161
85162
85162
85163
85164
85164
85165
85166
85166
85167
85168
85169
85169
85170
85171
85171
85172
85173
85173
85174
85175
85176
85176
85177
85178
85178
85179
85180
85180
85181
85182
85183
85183
85184
85185
85185
85186
85187
85187
85188
85189
85190
85190
85191
85192
85192
85193
85194
85194
85195
85196
85197
85197
85198
85199
85199
85200
85201
85201
85202
85203
85204
85204
85205
85206
85206
85207
85208
85208
85209
85210
85211
85211
85212
85213
85213
85214
85215
85215
85216
85217
85218
85218
85219
85220
85220
85221
85222
85222
85223
85224
85225
85225
85226
85227
85227
85228
85229
85229
85230
85231
85232
85232
85233
85234
85234
85235
85236
85236
85237
85238
85239
85239
85240
85241
85241
85242
85243
85243
85244
85245
85246
85246
85247
85248
85248
85249
85250
85250
85251
85252
85253
85253
85254
85255
85255
85256
85257
85257
85258
85259
85260
85260
85261
85262
85262
85263
85264
85264
85265
85266
85267
85267
85268
85269
85269
85270
85271
85271
85272
85273
85274
85274
85275
85276
85276
85277
85278
85278
85279
85280
85281
85281
85282
85283
85283
85284
85285
85285
85286
85287
85288
85288
85289
85290
85290
85291
85292
85292
85293
85294
85295
85295
85296
85297
85297
85298
85299
85299
85300
85301
85302
85302
85303
85304
85304
85305
85306
85306
85307
85308
85309
85309
85310
85311
85311
85312
85313
85313
85314
85315
85316
85316
85317
85318
85318
85319
85320
85320
85321
85322
85323
85323
85324
85325
85325
85326
85327
85327
85328
85329
85330
85330
85331
85332
85332
85333
85334
85334
85335
85336
85337
85337
85338
85339
85339
85340
85341
85341
85342
85343
85344
85344
85345
85346
85346
85347
85348
85348
85349
85350
85351
85351
85352
85353
85353
85354
85355
85355
85356
85357
85358
85358
85359
85360
85360
85361
85362
85362
85363
85364
85365
85365
85366
85367
85367
85368
85369
85369
85370
85371
85372
85372
85373
85374
85374
85375
85376
85376
85377
85378
85379
85379
85380
85381
85381
85382
85383
85383
85384
85385
85386
85386
85387
85388
85388
85389
85390
85390
85391
85392
85393
85393
85394
85395
85395
85396
85397
85397
85398
85399
85400
85400
85401
85402
85402
85403
85404
85404
85405
85406
85407
85407
85408
85409
85409
85410
85411
85411
85412
85413
85414
85414
85415
85416
85416
85417
85418
85418
85419
85420
85421
85421
85422
