61653
61654
61654
61655
61656
61657
61657
61658
61659
61659
61660
61661
61661
61662
61663
61664
61664
61665
61666
61666
61667
61668
61668
61669
61670
61671
61671
61672
61673
61673
61674
61675
61675
61676
61677
61678
61678
61679
61680
61680
61681
61682
61682
61683
61684
61685
61685
61686
61687
61687
61688
61689
61689
61690
61691
61692
61692
61693
61694
61694
61695
61696
61696
61697
61698
61699
61699
61700
61701
61701
61702
61703
61703
61704
61705
61706
61706
61707
61708
61708
61709
61710
61710
61711
61712
61713
61713
61714
61715
61715
61716
61717
61717
61718
61719
61720
61720
61721
61722
61722
61723
61724
61724
61725
61726
61727
61727
61728
61729
61729
61730
61731
61731
61732
61733
61734
61734
61735
61736
61736
61737
61738
61738
61739
61740
61741
61741
61742
61743
61743
61744
61745
61745
61746
61747
61748
61748
61749
61750
61750
61751
61752
61752
61753
61754
61755
61755
61756
61757
61757
61758
61759
61759
61760
61761
61762
61762
61763
61764
61764
61765
61766
61766
61767
61768
61769
61769
61770
61771
61771
61772
61773
61773
61774
61775
61776
61776
61777
61778
61778
61779
61780
61780
61781
61782
61783
61783
61784
61785
61785
61786
61787
61787
61788
61789
61790
61790
61791
61792
61792
61793
61794
61794
61795
61796
61797
61797
61798
61799
61799
61800
61801
61801
61802
61803
61804
61804
61805
61806
61806
61807
61808
61808
61809
61810
61811
61811
61812
61813
61813
61814
61815
61815
61816
61817
61818
61818
61819
61820
61820
61821
61822
61822
61823
61824
61825
61825
61826
61827
61827
61828
61829
61829
61830
61831
61832
61832
61833
61834
61834
61835
61836
61836
61837
61838
61839
61839
61840
61841
61841
61842
61843
61843
61844
61845
61846
61846
61847
61848
61848
61849
61850
61850
61851
61852
61853
61853
61854
61855
61855
61856
61857
61857
61858
61859
61860
61860
61861
61862
61862
61863
61864
61864
61865
61866
61867
61867
61868
61869
61869
61870
61871
61871
61872
61873
61874
61874
61875
61876
61876
61877
61878
61878
61879
61880
61881
61881
61882
61883
61883
61884
61885
61885
61886
61887
61888
61888
61889
61890
61890
61891
61892
61892
61893
61894
61895
61895
61896
61897
61897
61898
61899
61899
61900
61901
61902
61902
61903
61904
61904
61905
61906
61906
61907
61908
61909
61909
61910
61911
61911
61912
61913
61913
61914
61915
61916
61916
61917
61918
61918
61919
61920
61920
61921
61922
61923
61923
61924
61925
61925
61926
61927
61927
61928
61929
61930
61930
61931
61932
61932
61933
61934
61934
61935
61936
61937
61937
61938
61939
61939
61940
61941
61941
61942
61943
61944
61944
61945
61946
61946
61947
61948
61948
61949
61950
61951
61951
61952
61953
61953
61954
61955
61955
61956
61957
61958
61958
61959
61960
61960
61961
61962
61962
61963
61964
61965
61965
61966
61967
61967
61968
61969
61969
61970
61971
61972
61972
61973
61974
61974
61975
61976
61976
61977
61978
61979
61979
61980
61981
61981
61982
61983
61983
61984
61985
61986
61986
61987
61988
61988
61989
61990
61990
61991
61992
61993
61993
61994
61995
61995
61996
61997
61997
61998
61999
62000
62000
62001
62002
62002
62003
62004
62004
62005
62006
62007
62007
62008
62009
62009
62010
62011
62011
62012
62013
62014
62014
62015
62016
62016
62017
62018
62018
