66026
66026
66027
66028
66029
66029
66030
66031
66031
66032
66033
66033
66034
66035
66036
66036
66037
66038
66038
66039
66040
66040
66041
66042
66043
66043
66044
66045
66045
66046
66047
66047
66048
66049
66050
66050
66051
66052
66052
66053
66054
66054
66055
66056
66057
66057
66058
66059
66059
66060
66061
66061
66062
66063
66064
66064
66065
66066
66066
66067
66068
66068
66069
66070
66071
66071
66072
66073
66073
66074
66075
66075
66076
66077
66078
66078
66079
66080
66080
66081
66082
66082
66083
66084
66085
66085
66086
66087
66087
66088
66089
66089
66090
66091
66092
66092
66093
66094
66094
66095
66096
66096
66097
66098
66099
66099
66100
66101
66101
66102
66103
66103
66104
66105
66106
66106
66107
66108
66108
66109
66110
66110
66111
66112
66113
66113
66114
66115
66115
66116
66117
66117
66118
66119
66120
66120
66121
66122
66122
66123
66124
66124
66125
66126
66127
66127
66128
66129
66129
66130
66131
66131
66132
66133
66134
66134
66135
66136
66136
66137
66138
66138
66139
66140
66141
66141
66142
66143
66143
66144
66145
66145
66146
66147
66148
66148
66149
66150
66150
66151
66152
66152
66153
66154
66155
66155
66156
66157
66157
66158
66159
66159
66160
66161
66162
66162
66163
66164
66164
66165
66166
66166
66167
66168
66169
66169
66170
66171
66171
66172
66173
66173
66174
66175
66176
66176
66177
66178
66178
66179
66180
66180
66181
66182
66183
66183
66184
66185
66185
66186
66187
66187
66188
66189
66190
66190
66191
66192
66192
66193
66194
66194
66195
66196
66197
66197
66198
66199
66199
66200
66201
66201
66202
66203
66204
66204
66205
66206
66206
66207
66208
66208
66209
66210
66211
66211
66212
66213
66213
66214
66215
66215
66216
66217
66218
66218
66219
66220
66220
66221
66222
66222
66223
66224
66225
66225
66226
66227
66227
66228
66229
66229
66230
66231
66232
66232
66233
66234
66234
66235
66236
66236
66237
66238
66239
66239
66240
66241
66241
66242
66243
66243
66244
66245
66246
66246
66247
66248
66248
66249
66250
66250
66251
66252
66253
66253
66254
66255
66255
66256
66257
66257
66258
66259
66260
66260
66261
66262
66262
66263
66264
66264
66265
66266
66267
66267
66268
66269
66269
66270
66271
66271
66272
66273
66274
66274
66275
66276
66276
66277
66278
66278
66279
66280
66281
66281
66282
66283
66283
66284
66285
66285
66286
66287
66288
66288
66289
66290
66290
66291
66292
66292
66293
66294
66295
66295
66296
66297
66297
66298
66299
66299
66300
66301
66302
66302
66303
66304
66304
66305
66306
66306
66307
66308
66309
66309
66310
66311
66311
66312
66313
66313
66314
66315
66316
66316
66317
66318
66318
66319
66320
66320
66321
66322
66323
66323
66324
66325
66325
66326
66327
66327
66328
66329
66330
66330
66331
66332
66332
66333
66334
66334
66335
66336
66337
66337
66338
66339
66339
66340
66341
66341
66342
66343
66344
66344
66345
66346
66346
66347
66348
66348
66349
66350
