8694.7
8695.4
8696.1
8696.8
8697.5
8698.2
8698.9
8699.6
8700.3
8701
8701.7
8702.4
8703.1
8703.8
8704.5
8705.2
8705.9
8706.6
8707.3
8708
8708.7
8709.4
8710.1
8710.8
8711.5
8712.2
8712.9
8713.6
8714.3
8715
8715.7
8716.4
8717.1
8717.8
8718.5
8719.2
8719.9
8720.6
8721.3
8722
8722.7
8723.4
8724.1
8724.8
8725.5
8726.2
8726.9
8727.6
8728.3
8729
8729.7
8730.4
8731.1
8731.8
8732.5
8733.2
8733.9
8734.6
8735.3
8736
8736.7
8737.4
8738.1
8738.8
8739.5
8740.2
8740.9
8741.6
8742.3
8743
8743.7
8744.4
8745.1
8745.8
8746.5
8747.2
8747.9
8748.6
8749.3
8750
8750.7
8751.4
8752.1
8752.8
8753.5
8754.2
8754.9
8755.6
8756.3
8757
8757.7
8758.4
8759.1
8759.8
8760.5
8761.2
8761.9
8762.6
8763.3
8764
8764.7
8765.4
8766.1
8766.8
8767.5
8768.2
8768.9
8769.6
8770.3
8771
8771.7
8772.4
8773.1
8773.8
8774.5
8775.2
8775.9
8776.6
8777.3
8778
8778.7
8779.4
8780.1
8780.8
8781.5
8782.2
8782.9
8783.6
8784.3
8785
8785.7
8786.4
8787.1
8787.8
8788.5
8789.2
8789.9
8790.6
8791.3
8792
8792.7
8793.4
8794.1
8794.8
8795.5
8796.2
8796.9
8797.6
8798.3
8799
8799.7
8800.4
8801.1
8801.8
8802.5
8803.2
8803.9
8804.6
8805.3
8806
8806.7
8807.4
8808.1
8808.8
8809.5
8810.2
8810.9
8811.6
8812.3
8813
8813.7
8814.4
8815.1
8815.8
8816.5
8817.2
8817.9
8818.6
8819.3
8820
8820.7
8821.4
8822.1
8822.8
8823.5
8824.2
8824.9
8825.6
8826.3
8827
8827.7
8828.4
8829.1
8829.8
8830.5
8831.2
8831.9
8832.6
8833.3
8834
8834.7
8835.4
8836.1
8836.8
8837.5
8838.2
8838.9
8839.6
8840.3
8841
8841.7
8842.4
8843.1
8843.8
8844.5
8845.2
8845.9
8846.6
8847.3
8848
8848.7
8849.4
8850.1
8850.8
8851.5
8852.2
8852.9
8853.6
8854.3
8855
8855.7
8856.4
8857.1
8857.8
8858.5
8859.2
8859.9
8860.6
8861.3
8862
8862.7
8863.4
8864.1
8864.8
8865.5
8866.2
8866.9
8867.6
8868.3
8869
8869.7
