57733
57734
57735
57736
57736
57737
57738
57738
57739
57740
57740
57741
57742
57743
57743
57744
57745
57745
57746
57747
57747
57748
57749
57750
57750
57751
57752
57752
57753
57754
57754
57755
57756
57757
57757
57758
57759
57759
57760
57761
57761
57762
57763
57764
57764
57765
57766
57766
57767
57768
57768
57769
57770
57771
57771
57772
57773
57773
57774
57775
57775
57776
57777
57778
57778
57779
57780
57780
57781
57782
57782
57783
57784
57785
57785
57786
57787
57787
57788
57789
57789
57790
57791
57792
57792
57793
57794
57794
57795
57796
57796
57797
57798
57799
57799
57800
57801
57801
57802
57803
57803
57804
57805
57806
57806
57807
57808
57808
57809
57810
57810
57811
57812
57813
57813
57814
57815
57815
57816
57817
57817
57818
57819
57820
57820
57821
57822
57822
57823
57824
57824
57825
57826
57827
57827
57828
57829
57829
57830
57831
57831
57832
57833
57834
57834
57835
57836
57836
57837
57838
57838
57839
