57141
57142
57143
57143
57144
57145
57145
57146
57147
57148
57148
57149
57150
57150
57151
57152
57152
57153
57154
57155
57155
57156
57157
57157
57158
57159
57159
57160
57161
57162
57162
57163
57164
57164
57165
57166
57166
57167
57168
57169
57169
57170
57171
57171
57172
57173
57173
57174
57175
57176
57176
57177
57178
57178
57179
57180
57180
57181
57182
57183
57183
57184
57185
57185
57186
57187
57187
57188
57189
57190
57190
57191
57192
57192
57193
57194
57194
57195
57196
57197
57197
57198
57199
57199
57200
57201
57201
57202
57203
57204
57204
57205
57206
57206
57207
57208
57208
57209
57210
57211
57211
57212
57213
57213
57214
57215
57215
57216
57217
57218
57218
57219
57220
57220
57221
57222
57222
57223
57224
57225
57225
57226
57227
57227
57228
57229
57229
57230
57231
57232
57232
57233
57234
57234
57235
57236
57236
57237
57238
57239
57239
57240
57241
57241
57242
57243
57243
57244
57245
57246
57246
57247
57248
57248
57249
57250
57250
57251
57252
57253
57253
57254
57255
57255
57256
57257
57257
57258
57259
57260
57260
57261
57262
57262
57263
57264
57264
57265
57266
57267
57267
57268
57269
57269
57270
57271
57271
57272
57273
57274
57274
57275
57276
57276
57277
57278
57278
57279
57280
57281
57281
57282
57283
57283
57284
57285
57285
57286
57287
57288
57288
57289
57290
57290
57291
57292
57292
57293
57294
57295
57295
57296
57297
57297
57298
57299
57299
57300
57301
57302
57302
57303
57304
57304
57305
57306
57306
57307
57308
57309
57309
57310
57311
57311
57312
57313
57313
57314
57315
57316
57316
57317
57318
57318
57319
57320
57320
57321
57322
57323
57323
57324
57325
57325
57326
57327
57327
57328
57329
57330
57330
57331
57332
57332
57333
57334
57334
57335
57336
57337
57337
57338
57339
57339
57340
57341
57341
57342
57343
57344
57344
57345
57346
57346
57347
57348
57348
57349
57350
57351
57351
57352
57353
57353
57354
57355
57355
57356
57357
57358
57358
57359
57360
57360
57361
57362
57362
57363
57364
57365
57365
57366
57367
57367
57368
57369
57369
57370
57371
57372
57372
57373
57374
57374
57375
57376
57376
57377
57378
57379
57379
57380
57381
57381
57382
57383
57383
57384
57385
57386
57386
57387
57388
57388
57389
57390
57390
57391
57392
57393
57393
57394
57395
