8477.7
8478.4
8479.1
8479.8
8480.5
8481.2
8481.9
8482.6
8483.3
8484
8484.7
8485.4
8486.1
8486.8
8487.5
8488.2
8488.9
8489.6
8490.3
8491
8491.7
8492.4
8493.1
8493.8
8494.5
8495.2
8495.9
8496.6
8497.3
8498
8498.7
8499.4
8500.1
8500.8
8501.5
8502.2
8502.9
8503.6
8504.3
8505
8505.7
8506.4
8507.1
8507.8
8508.5
8509.2
8509.9
8510.6
8511.3
8512
8512.7
8513.4
8514.1
8514.8
8515.5
8516.2
8516.9
8517.6
8518.3
8519
8519.7
8520.4
8521.1
8521.8
8522.5
8523.2
8523.9
8524.6
8525.3
8526
8526.7
8527.4
8528.1
8528.8
8529.5
8530.2
8530.9
8531.6
8532.3
8533
8533.7
8534.4
8535.1
8535.8
8536.5
8537.2
8537.9
8538.6
8539.3
8540
8540.7
8541.4
8542.1
8542.8
8543.5
8544.2
8544.9
8545.6
8546.3
8547
8547.7
8548.4
8549.1
8549.8
8550.5
8551.2
8551.9
8552.6
8553.3
8554
8554.7
8555.4
8556.1
8556.8
8557.5
8558.2
8558.9
8559.6
8560.3
8561
8561.7
8562.4
8563.1
8563.8
8564.5
8565.2
8565.9
8566.6
8567.3
8568
8568.7
8569.4
8570.1
8570.8
8571.5
8572.2
8572.9
8573.6
8574.3
8575
8575.7
8576.4
8577.1
8577.8
8578.5
8579.2
8579.9
8580.6
8581.3
8582
8582.7
8583.4
8584.1
8584.8
8585.5
8586.2
8586.9
8587.6
8588.3
8589
8589.7
8590.4
8591.1
8591.8
8592.5
8593.2
8593.9
8594.6
8595.3
8596
8596.7
8597.4
8598.1
8598.8
8599.5
8600.2
8600.9
8601.6
8602.3
8603
8603.7
8604.4
8605.1
8605.8
8606.5
8607.2
8607.9
8608.6
8609.3
8610
8610.7
8611.4
8612.1
8612.8
8613.5
8614.2
8614.9
8615.6
8616.3
8617
8617.7
8618.4
8619.1
8619.8
8620.5
8621.2
8621.9
8622.6
8623.3
8624
8624.7
8625.4
8626.1
8626.8
8627.5
8628.2
8628.9
8629.6
8630.3
8631
8631.7
8632.4
8633.1
8633.8
8634.5
8635.2
8635.9
8636.6
8637.3
8638
8638.7
8639.4
8640.1
8640.8
8641.5
8642.2
8642.9
8643.6
8644.3
8645
8645.7
8646.4
8647.1
8647.8
8648.5
8649.2
8649.9
8650.6
8651.3
8652
8652.7
8653.4
8654.1
8654.8
8655.5
8656.2
8656.9
8657.6
8658.3
8659
8659.7
8660.4
8661.1
8661.8
8662.5
8663.2
8663.9
8664.6
8665.3
8666
8666.7
8667.4
8668.1
8668.8
8669.5
8670.2
8670.9
8671.6
8672.3
8673
8673.7
8674.4
8675.1
8675.8
8676.5
8677.2
8677.9
8678.6
8679.3
8680
8680.7
8681.4
8682.1
8682.8
8683.5
8684.2
8684.9
8685.6
8686.3
8687
8687.7
8688.4
8689.1
8689.8
8690.5
8691.2
8691.9
8692.6
8693.3
8694
8694.7
8695.4
8696.1
8696.8
8697.5
8698.2
8698.9
8699.6
8700.3
8701
8701.7
8702.4
8703.1
8703.8
8704.5
8705.2
8705.9
8706.6
8707.3
8708
8708.7
8709.4
8710.1
8710.8
8711.5
8712.2
8712.9
8713.6
8714.3
8715
8715.7
8716.4
8717.1
8717.8
8718.5
8719.2
8719.9
8720.6
8721.3
8722
8722.7
8723.4
8724.1
8724.8
8725.5
8726.2
8726.9
8727.6
8728.3
8729
8729.7
8730.4
8731.1
8731.8
8732.5
8733.2
8733.9
8734.6
8735.3
8736
8736.7
8737.4
8738.1
8738.8
8739.5
8740.2
8740.9
