643.44
644.14
644.84
645.54
646.24
646.94
647.64
648.34
649.04
649.74
650.44
651.14
651.84
652.54
653.24
653.94
654.64
655.34
656.04
656.74
657.44
658.14
658.84
659.54
660.24
660.94
661.64
662.34
663.04
663.74
664.44
665.14
665.84
666.54
667.24
667.94
668.64
669.34
670.04
670.74
671.44
672.14
672.84
673.54
674.24
674.94
675.64
676.34
677.04
677.74
678.44
679.14
679.84
680.54
681.24
681.94
682.64
683.34
684.04
684.74
685.44
686.14
686.84
687.54
688.24
688.94
689.64
690.34
691.04
691.74
692.44
693.14
693.84
694.54
695.24
695.94
696.64
697.34
698.04
698.74
699.44
700.14
700.84
701.54
702.24
702.94
703.64
704.34
705.04
705.74
706.44
707.14
707.84
708.54
709.24
709.94
710.64
711.34
712.04
712.74
713.44
714.14
714.84
715.54
716.24
716.94
717.64
718.34
719.04
719.74
720.44
721.14
721.84
722.54
723.24
723.94
724.64
725.34
726.04
726.74
727.44
728.14
728.84
729.54
730.24
730.94
731.64
732.34
733.04
733.74
734.44
735.14
735.84
736.54
737.24
737.94
738.64
739.34
740.04
740.74
741.44
742.14
742.84
743.54
744.24
744.94
745.64
746.34
747.04
747.74
748.44
749.14
749.84
750.54
751.24
751.94
752.64
753.34
754.04
754.74
755.44
756.14
756.84
757.54
758.24
758.94
759.64
760.34
761.04
761.74
762.44
763.14
763.84
764.54
765.24
765.94
766.64
767.34
768.04
768.74
769.44
770.14
770.84
771.54
772.24
772.94
773.64
774.34
775.04
775.74
776.44
777.14
777.84
778.54
779.24
779.94
