58636
58636
58637
58638
58639
58639
58640
58641
58641
58642
58643
58643
58644
58645
58646
58646
58647
58648
58648
58649
58650
58650
58651
58652
58653
58653
58654
58655
58655
58656
58657
58657
58658
58659
58660
58660
58661
58662
58662
58663
58664
58664
58665
58666
58667
58667
58668
58669
58669
58670
58671
58671
58672
58673
58674
58674
58675
58676
58676
58677
58678
58678
58679
58680
58681
58681
58682
58683
58683
58684
58685
58685
58686
58687
58688
58688
58689
58690
58690
58691
58692
58692
58693
58694
58695
58695
58696
58697
58697
58698
58699
58699
58700
58701
58702
58702
58703
58704
58704
58705
58706
58706
58707
58708
58709
58709
58710
58711
58711
58712
58713
58713
58714
58715
58716
58716
58717
58718
58718
58719
58720
58720
58721
58722
58723
58723
58724
58725
58725
58726
58727
58727
58728
58729
58730
58730
58731
58732
58732
58733
58734
58734
58735
58736
58737
58737
58738
58739
58739
58740
58741
58741
58742
58743
58744
58744
58745
58746
58746
58747
58748
58748
58749
58750
58751
58751
58752
58753
58753
58754
58755
58755
58756
58757
58758
58758
58759
58760
58760
58761
58762
58762
58763
58764
58765
58765
58766
58767
58767
58768
58769
58769
58770
58771
58772
58772
58773
58774
58774
58775
58776
58776
58777
58778
58779
58779
58780
58781
58781
58782
58783
58783
58784
58785
58786
58786
58787
58788
58788
58789
58790
58790
58791
58792
58793
58793
58794
58795
58795
58796
58797
58797
58798
58799
58800
58800
58801
58802
58802
58803
58804
58804
58805
58806
58807
58807
58808
58809
58809
58810
58811
58811
58812
58813
58814
58814
58815
58816
58816
58817
58818
58818
58819
58820
58821
58821
58822
58823
58823
58824
58825
58825
58826
58827
58828
58828
58829
58830
58830
58831
58832
58832
58833
58834
58835
58835
58836
58837
58837
58838
58839
58839
58840
58841
58842
58842
58843
58844
58844
58845
58846
58846
58847
58848
58849
58849
58850
58851
58851
58852
58853
58853
58854
58855
58856
58856
58857
58858
58858
58859
58860
58860
58861
58862
58863
58863
58864
58865
58865
58866
58867
58867
58868
58869
58870
58870
58871
58872
58872
58873
58874
58874
58875
58876
58877
58877
58878
58879
58879
58880
58881
58881
58882
58883
58884
58884
58885
58886
58886
58887
58888
58888
58889
58890
58891
58891
58892
58893
58893
58894
58895
58895
58896
58897
58898
58898
58899
58900
58900
58901
58902
58902
58903
58904
58905
58905
58906
58907
58907
58908
58909
58909
58910
58911
58912
58912
58913
58914
58914
58915
58916
58916
58917
58918
58919
58919
58920
58921
58921
58922
58923
58923
58924
58925
58926
58926
58927
58928
58928
58929
58930
58930
58931
