0	0	0	0	0	0	0	0	0	0	0	0	0	0	0	0	0	0	0	0	0	0	0	0	0	0	0	0	0	0	0	0	0	0	0	0	0	0	0	0	0	0	0	0	0	0	0	0	0	0	0	0	0	0	0	0	0	0	0	0	0	0	0	0	0	0	0	0	0	0	0	0	0	0	0	0	0	0	0	0	0	0	0	0	0	0	0	0	0	0	0	0	0	0	0	0	0	0	0	0	0	0	0	0	0	0	0	0	0	0	0	0	0	0	0	0	0	0	0	0	0	0	0	0	0	0	0	0	0	0	0	0	0	0	0	0	0	0	0	0	0	0	0	0	0	0	0	0	0	0	0	0	0	0	0	0	0	0	0	0	0	0	0	0	0	0	0	0	0	0	0	0	0	0	0	0	0	0	0	0	0	0	0	0	0	0	0	0	0	0	0	0	0	0	0	0	0	0	0	0	0	0	0	0	0	0	0	0	0	0	0	0	0	0	0	0	0
0	0	0	0	0	0	0	0	0	0	0	0	0	0	0	0	0	0	0	0	0	0	0	0	0	0	0	0	0	0	0	0	0	0	0	0	0	0	0	0	0	0	0	0	0	0	0	0	0	0	0	0	0	0	0	0	0	0	0	0	0	0	0	0	0	0	0	0	0	0	0	0	0	0	0	0	0	0	0	0	0	0	0	0	0	0	0	0	0	0	0	0	0	0	0	0	0	0	0	0	0	0	0	0	0	0	0	0	0	0	0	0	0	0	0	0	0	0	0	0	0	0	0	0	0	0	0	0	0	0	0	0	0	0	0	0	0	0	0	0	0	0	0	0	0	0	0	0	0	0	0	0	0	0	0	0	0	0	0	0	0	0	0	0	0	0	0	0	0	0	0	0	0	0	0	0.88597	0	0	0	0	0	0	0.51805	0.61957	0	0	0	0	0	0	0	0	0	0	0	0	0	0	0	0	0	0	0	0	0	0	0	0	0	0	0	0	0	0	0	0	0
0	0	0	0	0	0	0	0	0	0	0	0	0	0	0	0	0	0	0	0	0	0	0	0	0	0	0	0	0	0	0	0	0	0	0	0	0	0	0	0	0	0	0	0	0	0	0	0	0	0	0	0	0	0	0	0	0	0	0	0	0	0	0	0	0	0	0	0	0	0	0	0	0	0	0	0	0	0	0	0	0	0	0	0	0	0	0	0	0	0	0	0	0	0	0	0	0	0	0	0	0	0	0	0	0	0	0	0	0	0	0	0	0	0	0	0	0	0	0	0	0	0	0	0	0	0	0	0	0	0	0	0	0	0	0	0	0	0	0	0	0	0	0	0	0	0	0	0	0	0	0	0	0	0	0.43337	0	0	0	0	0	0	0	0	0	0	0	0.73624	0	0	0	0	0	0	0	0.3987	0.81479	0	0	0	0	0	0	0	0.9763	0.37699	0	0	0	0	0	0	0	0	0	0	0	0	0	0	0	0	0	0	0	0	0	0	0	0	0	0	0	0	0	0	0	0
0	0	0	0	0	0	0	0	0	0	0	0	0	0	0	0	0	0	0	0	0	0	0	0	0	0	0.47585	0	0	0	0	0	0	0	0	0	0	0	0	0	0	0	0	0	0	0	0	0	0	0	0	0	0	0.47827	0	0	0	0	0	0	0	0	0	0	0	0	0	0	0	0	0	0	0	0	0	0	0	0	0	0	0	0	0	0	0	0	0	1.049	0	0	0	0	0	0	0	0	0	0	0	0	0	0	0	0	0	0	0	0	0	0	0	0	0	0	0	0	0	0	0	0	0	0	0	0	0	0	0	0	0	0	0	0	0	0	0	0	0	0	0	0	0	0	0	0	0	0	0	0	0	0	0	0	0	0	0	0	0	0	0	0	0	0	0	0	0	0	0	0	0	0	0	0	0.70084	1.1262	1.2889	4.2978	0	0	0	0	0	0	0	0.50981	0	0	0	0	0	0	0	0	0	0	0	0	0	0.87733	1.283	0.93022	1.1969	0	0	0	0	0	0	0	0	0	0	0	0	0	0	0	0
0	0	0	0	0	0	0	0	0	0	0	0	0	0	0	0	0	0	0	0	0	0	0	0	0	0	0	0	0	0	0	0	0	0	0.2475	0	0	0	0	0	0	0	0	0	0	0	0	0.47343	0	0	0	0	1.3561	0	0	0	0	0	0	0	0.60428	0	0	0	0	0	0	0	0	0	0	0	0	0	0	0	0	0	0	0	0	0	0	0	0	0.65578	1.1315	0	0	0	0	0	0	0	0	0	0	0	0	0	0	0	0	0	0	0	0	0	0	0	0	0	0	0	0	0	0	0	0	0	0	0	0	0	0	0	0	0	0	0	0	0	0	0	0	0	0	0	0	0	0	0	0	0	0	0	0	0	0	0	0	0	0	0	0	0	0	0	0	0	0	0	0	0.86637	0	0	0	0	0	0	0	0	0	0	0	0	0	0	0	0	0	0	0	0	0	0	0	0	0	0.41913	0	0	0	0	0	0	1.9495	0.43322	0	0	0	0	0	0	0	0	0	0.60788	1.2122	0	0	0	0	0	0.54427	0	0
0	0	0	0	0	0	0	0	0	0	0	0	0	0	0	0	0	0	0	0	0	0	0	0	0	0	0	0	0	0	0	0	0	0	0	0	0	0	0	0	0	0	0	0	0	0	0	0	0	0	0	0	0	0	0	0	0	0	0	0	0	0	0	0	0	0	0	0	0	0	0	0	0	0	0	0	0	0	0	0	0	0	0	0	0	0	0	0	0	0	0	0	0	0	0	0	0	0	0	0	0	0	0	0	0	0	0	0.80121	0.47513	0	0	0	0	0	0	0	0	0	0	0	0	0	0	0	0	0	0	0	0	0	0	0	0	0	0	0	0	0	0	0	0	0	0	0	0	0	0	0	0	1.3485	0	0	0	0	0	0	0	0	0	0	0	0	0	0	0	0	0	0	0	0	0	0	0	0	0	0	0	0	0	0	0	0	0	0	0	0	0	0	1.0292	1.3275	0	0	0	0	0	0	0	0	0	0	0	0	0	0	0	0	0	0	0	0	0	0	0	0	0	0	0
0	0	0	0	0	0	0	0	0	0	0	0	0	0	0	0	0	0	0	0	0	0	0	0	0	0	0	0	0	0	0	0	0	0	0	0	0	0	0	0	0	0	0	0	0	0	0	0	0	0	0	0	0	0	0	0	0	0	0	0	0	0	0	0	0	0	0	0	0	0	0	0	0	0	0	0	0	0	0	0	0	0	0	0	0	0	0	0	0	0	0	0	0	0	0.70052	0.26869	0	0	0	0	0	0	0	0	0	0	0	0	0	0	0	0	0	0	0	0	0	0	0	0	0	0	0	0	0	0	0	0	0	0	0	0	0	0	0	0	0	0	0.67973	1.1053	0	0	0	0	0	0	0	0	0	0	0	0	0	0	0	0	0	0	0	0	0	0	0	0	0	0	0	0	0	0	0	0	0	0	0	0	0	0	0	0	0	0	0	0	0	0	0	0	0.52641	0.72615	0	0	0	0	0	0	0	0	0	0	0	0	0	0	0	0	0	0	0	0	0	0	0	0	0	0	0
0	0	0	0	0	0	0	0	0	0	0	0	0	0	0	0	0	0	0	0	0	0	0	0	0	0	0	0	0	0	0	0	0	0	0	0	0	0	0	0	0	0	0.28999	0	0	0	0	0	0	0	0	0	0	0	0	0	0	0	0	0	1.2023	2.0686	0	0	0	0	0	0.73875	0	0	0	0	0	0	0	0	0	0	0	0	0	0	0	0	0	0	0	0	0	0	0	0	0	0	0	0	0	0	0	0	0	0	0	0	0	0	0	0	0	0	0	0	0	0	0	0	0	0	0	0	0	0	0	0	0	0	0	0	0	0	0	0	0	0	0	0	0	0	1.2422	0	0	0	0	0	0	0	0	0	0	0	0	0	0	0	0	0	0	0	0	0	0	0	0.36905	0	0	0	0	0	2.3199	0.3834	0	0	0	0	0	0	0	0	0	0	0	0	0	0	0	0	0.82404	0	0	0	0	0	0	0	0	0	0	0	0	0	0	0	0	0	1.2612	0	0	0	0	0	0	0	0	0	0	0	0
0	0	0	0	0	0	0	0	0	0	0	0	0	0	0	0	0	0	0	0	0	0	0	0	0	0	0	0	0	0	0	0	0	0	0	0	0	0	0	0	0	0	0	0	0	0	0	0	0	0	0	0	0	0	0	0	0	0	0	0	0.70404	0.47082	0	0	0	0	0.89968	0	0	0	0	0	0	0	0	0	0	0	0	0	0	0	0	0	0	0	0	0	0	0	0	0	0	0	0	0	0	0	0	0	0	0	0	0	0	0	0	0	0	0	0	0	0.71109	0	0	0	0	0	0	0	0	0	0	0	0	0	0	0	0	0	0	0	0	0	0	0	0	0	0	0	0	0	0	0	0	0	0	0	0	0	0	0	0	0	0	0	0	0	0	0	0	0	0	0	0	0	0	0	0.61957	1.0243	0	0	0	0	0	0	0	0	0	0	0	0	0	0	0	1.2148	0	0	0	0	0	0	0	0	0	0	0	0	0	0	0	0	0	0	0	0	0	0	0	0	0	0	0	0	0	0	0
0	0	0	0	0	0	0	0	0	0	0	0	0	0	0	0	0	0	0	0	0	0.22692	0	0	0	0	0	0	0	0	0	0	0	0	0	0	0	0	0	0	0	0	0	0	0	0	0	0	0	0	0	0.78475	0.54263	0	0	0	0	0	0	0	0	0	0	0	0	0	0	0	0	0	0	0	0	0	0.42742	0.43207	0	0	0	0	0	0	0	0	0	0	0	0	0	0	0	0	0	0	0	0	0	0	0	0	0	0	0	0	0	0	0	0	0	0	0	0	0	0	0	0	0	0.50924	0	0	0	0	0	0	0	0	0	0	0	0	0	0	0	0	0	0	0	0	0	0	0	0	0	0	0	0	0	0	0	0	0	0	0	0	0	0	0	0	0	0	0	0	0	0	0	0	0	0	0	0	0	0	0	1.8034	1.1747	0	0	0	0	0	0	0.3346	0	0	0	0	0	0	0	0	0	0	0	0	0	0	0	0	0	0	0	0	0	0	0	0	0	0	0	0	0	0	0	0	0	0	0
0	0	0	0	0	0	0	0	0	0	0	0	0	0	0	0	0	0	0	0	0	0	0	0	0	0	0	0	0	0	0	0	0	0	0	0	0	0	0	0	0	0	0	0	0	0	0	0	0	0	1.4045	0.91508	0	0	0	0	0	0	0	0	0	0.63254	0	0	0	0	0	0	0	0	0	0	0	0.6112	0.97297	0	0	0	0	0	0	0	0	0	0	0	0	0	0	0	0	0	0	0	0	0	0	0	0	0.54346	0.62928	0	0	0	0	0	0	0	0	0	0	0.72983	1.0194	0	0	0	0.76964	0	0	0	0	0	0	0	0	0	0	0	0	0	0	0	0	0	0	0	0	0	0	0	0	0	0	0	0	0	0	0	0	0	0	0	0	0	0	0	0	0	0	0.32512	0	0	0	0	0	0	0	0	0.62603	0.72615	0	0	0	0.67626	0.49631	0	0	0	0	0	0.68321	5.1901	3.0479	0.77908	0.69021	0	0	0	0	0	0	0	0	0	0	0	0	0	0	0	0	0	0	0	0	0	0	0	0	0	0	0	0	0	0	0	0
0	0	0	0	0	0	0	0	0	0	0	0	0	0	0	0	0	0	0	0	0	0.97297	0.57682	0.50626	0	0	0	0	0	0	0	0	0	0	0	0	0	0	0	0	0	0	0	0	0	0	0	0	0	0	0.79501	0	0	0	0	0	0	0	0	0	0	0	0	0.74736	2.2931	0.55422	0	0	0	0	0	0	0	0	0	0	0	0	0	0	0	0	0	0	0	0	0	0	0	0	0	0	0	0	0	0	0	0	0	0	0	0.36859	0.27772	0	0	0	0	0	0	0	0	0.27608	0.83109	0	0	0	0	0	0	0.31586	0	0	0	0	0	0	0	0	0	0	0	0	0	0	0	0	0	0	0	0	0	0	0	0	0	0	0	0	0	0	0	0	0	0	0	0	0	0	0	3.0845	1.2282	0.76748	0	0	0	0	0	0.94843	2.2813	0.78298	0	0	0	0	0	0	0	0	0	0	0.57291	1.4842	1.0948	0	0	0	0	0	0	0	0	0	0	0	0	0	0	0	0.82516	0	0	0	0	0	0	0	0	0	0	0	0	0	0	0	0	0	0
0	0	0	0	0	0	0	0	0	0.91379	0	0.56951	0	0	0	0	0	0	0.77326	0	0	0	0	0.64554	0	0	0	0	0	0	0	0	0	0	0	0	0	0	0	0	0	0	0	0	0	0	0	0	0	0	0	0	0	0	0	0	0	0	0	0.67626	0	0	0	0	0	0	0.85548	0	0	0	0	0	0	0	0.91914	0	0	0	0	0	0	0	0	0	0	0	0	0	0	0	0	0	0	0	0	0	0	0	0	0	0	0.61058	0	0.55973	0	0	0	0	0	0	0	0	0	0	0	0	0	0	0	0.92543	0	0	0	0	0	0	0	0	0	0	0	0	0	0	0	0	0	0	0	0	0	0	0	0	0	0	0	0	0	0	0	0	0	0	0	0	0	0	0	0.66233	0.76634	0	0	0	0	0.74265	1.3726	0.67533	0.42275	0	0	0	0	0	0	0	0	0	0	0	0	0.6141	0.46462	0	0	0	0	1.0494	0	0	0	0	0	0	0	0	0	0	0	0	0	0	0	0	0	0	0	0	0	0	0	0	0	0	0	0	0
0	0	0	0	0.37038	0.83042	0.65129	0	0	0	0	0	0.68071	0.8079	0	0	0	0	0	0	0	0	0	0	0	0	0	0	0	0	0	0	0	0	0	0	0	0	0	0	0	0	0	0	0	0	0	0	0	0	0	0	0	0	0	0	0	0.35798	1.1684	0.90346	0	0	0	0	0	0	0.87241	0	0	0	0	0	0	0	0	0	0	0	0	0	0	0	0	0	0	0	0	0	0	0	0	0	0	0	0	0	0	0	0	0	0	0	0	0	0	0	0	0	0	0	0	0	0	0	0	0	0	0	0	0.39973	0	0	0	0	0	0	0	0	0	0	0	0	0	0	0	0	0	0	0	0	0	0	0	0	0	0	0	0	0	0	0	0	0	0	0	0	0	0	0	0	0	0	0	0	0	0	0	0	0	0	0	0	0	0	0	0	0	0	0	0	0	0.57645	0.65715	0	0	0	0	0	0	0	0	0	0	0	0	0	0	0	0	0	0	0	0	0	0	0	0	0	0	0	0	0	0	0	0	0	0
0	0	0	0	0	0.41872	0	0	0	0	0	0	1.0059	0.60189	0.8161	0.5939	0	0	0	0	0	0	0	0	0.70318	0.48971	0.28554	0	0	0	0	0	0	0	0	0	0	0	0	0	0	0	0	0	0	0	0	0	0	0	0	0	0.48934	0	0	0	0.42141	0.69523	1.0447	0.73578	0	0	0	0	0	0.59373	1.1601	0.66251	0	0	0	0	0.27642	0.78287	0	0	0	0	0	0	0	0	0	0	0	0	0	0	0	0	0	0	0	0	0	0	0	0	0	0	0	0	0	0	0	0	0	0	0	0	0	0	0	0	0	0	0	0	0	0	0	0	0	0	0	0	0	0	0	0	0	0	0	0	0	0	0	0	0	0	0	0	0	0	0	0	0.55363	0	0	0	0	0	0	0	0	0	0	0	0	0	0	0	1.0727	0	0	0	0	0	0	0	0	0	0	0	0	0	0	0	0	0	0	0.93331	0.79753	0	0	0	0	0	0	0	0	0	0	0	0	0	0	0	0	0	0	0	0	0	0	0	0	0	0	0	0	0	0	0.76903	0.91167	2.1964	2.7389
0	0	0.21615	0	0	0	0	0.41994	1.4751	0.48119	0	0	0	0.68127	0.62394	0.60937	0.33506	0	0	0	0	0	0	0.21432	0.4576	0.68906	0.8273	0.6214	0	0	0	0	0	0	0	0	0	0	0	0	0	0	0	0	0	0	0	0	0	0	0	0	1.184	0	0	0	0.27462	0.35235	0.4985	0	0	0	0	0	0	0.96386	0.8513	1.0943	0.75438	0.49209	0	0	0.20774	0.55192	0.4985	0	0	0	0	0	0	0	0	0	0	0	0	0	0	0	0	0	0	0	0	0	0	0	0	0	0	0	0	0	0	0	0	0	0	0	0	0	0	0.41155	0	0	0	0	0	0	0	0	0	0	0	0	0	0	0	0	0	0	0	0	0	0	0	0	0	0	0	0	0	0	0	0	0.42793	1.0781	0	0	0	0	0	0	0	0	0	0	0	0	0	0	1.0901	0	0	0	0	0	0	0	0	0	0	0	0	0	0	0	0	0	0	0	0	0	0	0	0	0	0	0	0	0	0	0	0	0	0	0	0	0	0	0	0	1.2099	0	0	0	0	0	0	0	0	0	0.45041	0	0.73196	0.71316
0	0.35292	0	0	0	0	0.41467	0.85101	0.44502	0	0	0	0	0	0.91266	0.97742	1.5495	0.88664	0	0	0	0	0	0	0	0	0	0.96013	0.26907	0	0	0	0	0	0.45998	0	0	0	0	0	0	0	0	0	0	0	0	0	0	0	0	0	0	0	0	0	0	0	0	0	0	0	0	0	0	0	0	0	0	0.79109	0	0	0	0.14495	0	0	0	0	0	0	0	0	0	0	1.2777	0	0	0	0	0	0	0	0	0	0	0	0	0	0	0.38618	0.58119	0	0	0	0	0	0	0	0	0	0	0	0	0	0	0	0	0.3959	0.31281	0	0	0	0	0	0	0	0	0	0.54832	0.40749	0	0	0	0	0	0	0	0	0	0	0.31836	0	0	0	0	0	0	0	0	0	0	0	0	0	0.58495	0.33426	0	0	0	0	0	0	0	0	0	0	0	0	0	0	0	0	0	0	0	0	0	0	0	0	0	0	0	0	0	0	0	0	0	0	0	0	0	0	0	0	0	0	0	0	0	0	0	1.939	0	0	0	0	0	0	0	0	0	0	0	0	0.6531
0	0.31109	0	0	0	0	0.74432	0.71463	0	0	0	0	0	0	0	0.62782	0.57252	0	0	0	1.1462	0.82558	0	0	0	0	0	1.029	0.4709	0	0	0	0	0	0	0	0	0	0	0	0	0.39511	0	0	0	0	0	0	0	0	0	0	0	0	0	0	0	0	0	0	0	0	0	0	0	0	0	0	0	0.38132	0	0	0	0	0	0	0	0	0	0	0	0	0	0	0.94854	0	0	0	0	0	0	0	0	0	0	0	0	0	0	0.60211	0.54181	0	0	0	0	0	0	0	0	0	0	0	0	0	0	0	0	0.76193	0	0	0	0	1.139	0.74355	0	0	0.60813	0.80871	2.5025	0.88815	0.54155	0.33585	0	0	0	0	0	0	0	0	0	0	0	0	0	0	0	0	0	0	0	0	0	0	0.69578	0	0	0	0	0	0	0	0	0	0	0	0	0	0	0	0	0	0.52419	0.91636	0	0	0	0	0	0	0	0	0	0	0	0	0	0	0	0	0	0	0	0	0	0	0	0	0	0	0	0	0	0	0	0	0	0	0	0	0	0	0	0	0	0	0
0	0	0	0	0	0	0.70303	0.46144	0.5265	0	0	0	0	0	0	0	0	0	0	0	0	0	0	0	0	0	0	0	0	0	0	0	0	0	0	0	0	0	0	0	0	0	0	0	0	0	0	0	0	0	0	0	0	0	0	0	0	0	0	0	0	0	0.41378	0	0	0	0	0	0	0	0	0	0	0	0	0	0.4686	0	0	0	0	0	0	0	0	0	0	0	0	0	0	0	0	0	0	0	0	0	0	0	0	0	0	0	0	0	0	0	0	0	0	0	0	0	0	0	0	0	0	0	0	0	0	0	0	0	1.3399	1.0183	0	0	0	0	0	0	0	0	0	0	0	0	0	0	0	0	0	0	0	0	0	0	0	0	0	0	0	0	0	0	0	0	1.3493	1.6839	0	0	0	0	0	0	0	0	1.7148	0.75505	2.9827	0.90047	0	0	0	0	0	0	0	0	0	0	0	0	0	0	0.90935	0.46436	0	0	0	0	0	0	0	0	0	0	0	0	0	0	0	0	0	0	0	0	0	0	0	0	0	0	0
0	0	0	0	0	0.34487	0.68903	0	0	0	0	0.61858	0.42031	0.62834	0.4108	0.42916	0	0	0	0	0.34797	0	0	0	0	0	0	0.56417	0	0	0	0	0	0	0	0	0	0	0	0	0	0	0	0	0	0	0	0	0	0	0	0	0	0	0	0	0	0	0	0	0	0	0.48311	0.50474	0	0	0	0	0	0	0	0	0	0	0	0.33847	0.38712	0.68701	0	0	0	0	0	0	0	0	0	0	0	0	0	0	0	0	0	0	0	0	0	0	0	0	0	0	0	0	0	0	0	0	0	0	0	0	0	0	0	0	0	0	0	0	0	0	0	0.661	0.51513	0	0	0	0	0	0	0	0.23285	0	0	0	0	0	0	0	0	0	0	0	0	0	0	0	0	0	0	0	0	0	0	0	0	0.35015	1.447	0.44077	0	0	0	0	0.52966	1.0709	0.29492	0.58396	0.75023	0.65323	0.64141	0.26387	0	0	0	0	0	0	0	0	0.39431	0	0.38058	0.44818	0	0	0	0	0	0	0	0	0	0	0	0.7066	0	0	0	0	0	0	0	0	0	0	0	0	0	0	0	0	0	0.85201	0.61975
0	0	0.40444	0	0	0.57034	0.54402	0	0	0	0.2846	0.70812	0.54386	0.56704	0.78572	0.65615	0.29898	0	0	0.5012	0.53392	0.45997	0	0	0	0	0	0	0	0	0	0	0	0	0	0	0	0.71469	0.59203	0	0	0	0	0	0	0	0	0	0	0	0	0	0	0	0	0	0	0	0	0	0	0	0	0.77826	0	0	0.39984	0.55882	0.182	0.56499	0	0	0	0	0	0	0.32701	0.46471	0	0	0	0	0	0	0	0	0	0	0	0	0	0	0	0	0	0	0	0	0	0	0	0	0	0	0	0	0	0	0	0	0	0	0	0	0	0	0	0	0	0	0	0	0	0	0	0	0	0	0	0	0	0	0	0.33742	0.73752	0	0	0	0	0	0	0	0	0	0	0	0	0	0	0	0	0	0	0	0	0	0	0	0	0	0	0	0	0	0	0	0.8361	1.1277	0.25943	0.37843	0.4933	1.1424	0.49253	0	0	0	0	0	0	0	0	0	0	0	0.27793	0.29875	0	0	0	0	0	0	0.24173	0.41438	0.92673	0.56239	0.52234	0.55726	0	0	0	0	0	0	0	0	0	0	0	0	0	0	0	0	0	0	0
0	0.21637	0	0	0	0	0	0	0	0	0.19507	0.42916	0	0	0.428	0.53698	0	0	0	0	0.18844	0.27268	0	0	0	0	0	0	0	0	0	0	0	0	0	0	0	0.57505	0.52169	0	0	0	0	0	0	0	0	0	0	0	0	0.22327	0	0	0	0	0	0	0	0	0	0	0	0	0	0	0.74287	0.65446	0.85623	1.1717	0	0	0	0	0	0	0	0	0	0.62169	0	0	0	0	0	0	0	0	0	0	0	0	0	0	0	0	0	0	0	0	0	0	0	0	0	0	0	0	0	0	0	0	0	0	0	0	0	0	0	0	0	0	0	0	0	0	0	0	0	0	0	0	0.51728	0.54314	0.82733	0	0	0	0	0	0	0	0	0	0	0	0.29875	0.28471	1.0724	0.35138	0	0	0	0	0	0	0	0	0	0	0	0	0	0	0	0	0	0	0.39642	0	0	0	0	0	0	0	0	0.41467	0.39327	0	0	0	0	0	0	0	0	0	0	0	0	0	0	0	0.23728	0.91864	0.79363	2.2633	0.40228	0	0	0	0	0	0	0	0	0	0	0	0	0	0	0	0	0	0
0	0	0	0	0	0	0	0	0	0	0	0	0	0	0	0.51053	0	0	0	0	0	0	0	0	0	0	0	0	0	0	0	0	0	0	0	0	0	0.46667	0.39468	0	0	0	0	0	0	0	0	0	0	0	0.31035	0.40499	0	0	0	0	0	0	0	0	0	0	0	0	0	0	0	0	0.29683	0	0	0	0	0	0	0	0	0	0	0	0	0	0	0	0	0	0	0	0	0	0	0.61261	0	0	0	0	0	0	0	0	0	0	0	0	0	0	0.19107	0	0	0	0	0	0	0	0	0	0	0	0	0	0	0	0	0	0	0	0	0	0	0	0	0	0.52565	0.59959	0.70163	0.3951	0	0	0	0	0	0	0	0	0	0	0	0.49907	0.5576	0	0	0	0	0	0	0	0	0	0	0.20609	0.98958	0	0	0	0	0	0	0.3492	0.51883	0	0	0	0	0	0	0	0	0.88304	0.23911	0	0	0	0	0	0	0	0	0.6917	0.31483	0	0	0	0	0	0	0.47446	0	0.52581	0	0	0	0	0	0	0	0	0	0	0	0	0	0	0	0	0	0	0
0	0	0	0	0	0	0	0	0	0	0	0	0	0.24714	0	0	0.27642	0	0	0	0	0	0	0	0	0.4508	0	0	0	0.47558	0.75026	0.34146	0	0	0	0	0	0	0	0	0.71618	0.66075	0.3831	0.22363	0.39158	0	0	0	0	0	0.69093	0.23909	0	0	0	0	0	0	0	0	0	0	0	0	0	0	0	0	0	0	0	0	0	0	0	0	0	0	0	0	0	0	0	0	0	0.30271	0	0	0	0	0	0.6748	0	0	0	0	0	0	0	0	0	0	0	0	0	0.65645	0.5031	0	0	0	0	0	0	0	0	0	0	0	0	0	0	0	0	0	0	0.25048	0.97256	0.33847	0	0	0	0	0	0	0	1.0726	0.29168	0	0	0	0	0	0	0	0	0	0	0	0	0.25048	0	0	0	0	0	0	0	0	0	0	0	0	0	0	0	0	0	0	0	0	0	0	0.98333	0.63646	0	0	0.42481	1.9384	1.0308	0	0	0	0	0	0	0	0	0.22824	0	0	0	0.28361	0	0	0	0	0	0.4782	0.40038	0	0	0	0	0	0.85326	0.68125	0	0.34157	0	0	0	0	0	0	0	0	0
0	0	0	0	0	0	0	0	0	0	0	0	0	0	0	0	0	0	0	0	0	0	0	0	0	0	0.2114	0	0	0.52565	0.81161	0	0	0	0	0.36894	0	0	0	0.89595	0.58969	0	0.53163	0.82117	0.83733	0	0	0	0	0	0	0	0	0	0.46748	0	0	0	0	0	0	0	0	0	0	0	0	0	0	0	0	0	0	0	0	0	0	0	0	0	0	0	0	0	0.44768	0.33857	0	0	0	0	0	0	0	0	0	0	0	0	0	0	0	0	0	0	0	0	0.72433	0.3647	0	0	0	0	0	0	0	0	0	0	0	0	0	0	0	0.19395	0.22814	0	0	0	0	0	0	0	0	0	0	0	0	0.48751	0	0	0	0	0	0	0	0	0	0	0	0	0	0	0	0	0	0	0	0.42586	0.30515	0	0	0	0	0	0	0	0	0	0	0	0	0	0	0	0	0	0	1.1307	0.62205	0.22358	0	0	0	0	0	0	0	0	0	0	0	0	0	0	0	0	0	0	0	0	0	0	0	0	0	0	0	0.55504	0.24229	0	0	0	0	0	0	0	0
0	0	0	0	0	0	0	0	0	0	0	0	0	0	0	0	0	0	0	0	0	0	0	0	0	0	0	0	0	0	0	0	0	0	0	0	0.44249	0	0	0	0	0	0	0.39642	1.1717	0.42803	0	0	0	0	0	0	0	0.35015	0.47082	0	0	0	0	0	0	0	0	0	0	0	0	0	0	0	0	0	0	0.54295	0	0	0	0.21823	0	0	0	0	0	0	0.8666	1.4161	0	0	0	0	0	0	0	0	0	0	0	0	0	0	0	0	0	0	0	0	0.44431	1.2777	0	0	0	0	0	0	0	0	0	0	0	0	0	0	0	0	0.18001	0	0	0	0	0	0	0	0	0	0	0	0	0	0	0	0	0	0.30849	1.0712	0	0	0	0	0	0	0	0	0	0	0	0	0	0	0	0	0	0	0	0	0.58339	0.65909	0.21779	0	0	0	0	0	0	0	0	0	0	0.72205	1.214	0.26432	0	0	0	0	0	0	0	0	0	0	0	0	0	0	0	0	0	0	0	0	0	0	0	0	0	0	0	0.44596	0	0	0	0	0	0	0	0	0
0	0	0	0	0	0	0	0	0	0	0	0	0	0	0	0	0	0	0	0	0	0	0	0	0	0	0	0	0	0	0	0	0	0.66085	0.55081	0.78804	1.0805	0	0	0	0	0	0	0.47493	0.55045	0	0	0.82712	0	0	0	0	0	0.46471	0	0	0	0	0	0	0	0	0	0	0	0	0	0	0	0	0	0	0	0.30515	0	0	0.60417	0.92811	0	0	0	0	0	0	0	0	0	0	0.19778	0.76943	0.54445	0	0	0	0	0	0	0	0	0	0	0	0	0	0	0	0	0	0	0	0	0	0	0	0	0	0	0	0	0	0	0	0	0	0	0	0	0	0	0	0	0	0	0	0	0	0	0	0	0	0	0.3295	0.32462	2.3977	0	0	0	0	0	0.69798	0.48538	0	0	0	0	0	0	0	0	0	0	0	0	0.444	0.82624	0.31985	0	0	0	0	0	0	0	0	0	0	0	0.27283	1.0028	0.61685	0	0	0	0	0	0	0	0	0	0	0	0	0	0	0	0	0	0	0	0	0	0	0	0	0	0	0	0	0	0	0	0	0	0	0	0	0
0	0	0	0	0	0	0	0	0	0	0	0	0	0	0	0	0	0.19507	0.3844	0.4586	0	0	0	0	0	0	0	0	0	0	0	0	0	0.52966	0.31699	0	0	0	0	0	0	0	0	0.44879	0	0	0	0	0.39782	0	0	0	0	0	0	0.60716	0.33561	0.18584	0	0	0	0	0	0	0.42066	0	0	0	0	0	0	0	0	0	0	0	0.54475	0	0	0	0	0	0	0	0	0	0	0	0	0	0	0	0	0	0	0	0.46596	0.6141	0	0	0	0	0	0	0	0	0	0	0	0.78306	0.43079	0	0	0	0	0	0	0	0	0	0	0	0	0	0	0	0	0	0	0	0	0	0	0.64994	0.49535	0.21779	0	0	0	0	0	0	0	0.77005	0	0	0	0	0	1.2835	0.42279	0	0	0	0	0	0	0	0	0	0	0	0	0	0	0	0	0	0	0	0	0	0	0	0	0	0	0	0.68531	0.44839	0	0	0	0	0	0	0	0	0	0	0	0	0	0.30485	0	0.20145	0	0	0	0	0.955	0	0	0	0	0	0	0	0	0	0.35636	0	0	0	0	0	0
0.32995	0	0	0	0	0	0	0	0	0	0	0	0	0	0	0	0	0	0	0	0	0	0	0	0	0	0	0	0	0	0	0	0	0	0.19507	0	0	0	0.48127	0	0	0	0	0	0	0	0	0	0	0	0	0	0	0	0	0	0	0	0	0	0	0	0	0	0.34143	0	0	0	0	0	0	0	0	0	0	0	0	0	0	0	0	0	0	0	0	0	0	0	0	0	0	0	0	0.34423	0	2.5054	0.83578	0.73314	0.72289	0	0	0	0	0	0	0	0	0	0	0	0	0	0	0	0	0	0.30067	0	0	0	0	0	0	0	0	0	0	0	0	0	0	0	0	0.75602	1.3776	0.71871	0	0	0	0	0	0	0	0.42656	0	0	0	0	0	0	0	0	0	0	0	0	0	0	0	0	0	0	0	0	0	0	0	0	0	0	0	0	0	0	0	0	0	0	1.0342	0.32095	0	0.34381	0	0	0	0	0	0	0	0	0	0	0.31246	0.48349	1.274	0.42656	0	0	0	0	0.39967	0	0	0	0	0	0.5071	0.55909	0	0	0	0	0	0	0	0	0.25719
0	0	0	0	0	0	0.28988	0	0	0	0	0	0	0	0	0	0	0	0	0	0	0	0.67614	0	0	0	0	0	0	0	0	0	0	0	0	0	0	0	0	0	0	0	0.89786	0	0	0	0	0	0	0	0	0	0	0	0	0	0	0	0	0	0	0	0	0	0	0	0	0	0	0	0	0	0	0	0	0	1.1178	0	0	0	0	0.43703	0.87874	0	0	0	0	0	0	0	0	0	0	0.93865	0	0	0.34578	0.42656	0	0	0	0	0	0	0	0	0	0	0	0	0	0	0.89611	0.79109	0	0.89135	1.0553	0	0	0	0	0	0	0	0	0	0.85253	0	0	0	0	0	0	0	0.61366	1.2333	0	0	0	0	0	0	0	0	0	0	0	0	0	0	0	0	0	0	0	0	0	0	0	0	0	0	0	0	0.55608	0.89135	1.2848	0	0	0	0	0	0	0	0	0	0	0	0	0	0	0	0.4789	0	0	0	0	0	0	0	0	0	0.89383	0	0.33217	0	0	0	0	0	0	0	0	0	0	0.41886	0.46471	0	0	0	0	0	0	0	0	0	0.95962
0	0	0	0	0	0	0	0	0	0	0	0	0	0	0	0	0	0	0	0	0	0	0	0	0	0	0	0	0	0	0	0	0	0	0	0	0	0	0	0	0	0	0	0	0	0	0	0	0	0	0	0	0	0	0	0	0	0	0	0	0	0	0	0	0	0	0	0	0	0	0	0	0	0	0	0	0.69623	0	0	0	0	0.59762	0.53715	0	0	0	0	0	0	0	0	0	0	0	0	0	0	0	0	0	0.8532	0.68035	0	0	0	0	0	0	0	0	0	0	0.68552	1.067	0	0	0	0	0	0	0	0	0	0	0	0	0.69623	0	0	0	0	0	0	0	0	0	0	0	0	0	0	0	0	0.49144	0.62503	0	0	0	0	0	0	0	0	0	0	0	0	0	0	0	0	0	0	0	0.22153	0	0	0	0	0.40776	0.64124	0.51811	0	0	0	0	0	0	0	0	0	0	0	0	0	0	0	0	0	0	0	0	0.57966	0	0	0	0	0	0	0	0	0	0	0.87969	0.4578	0	0	0	0	0	0	0	0	0	0	0	0.48213
0	0	0	0	0	0	0	0	0	0	0	0	0	0	0.89266	0	0	0	0	0	0	0	0	0	0	0	0	0	0	0	0	0	0	0	0	0	0	0	0	0	0	0	0	0	0	0	0	0	0	0.53262	1.0269	0	0	0	0	0	0	0	0	0	0	0	0	0	0.56021	2.1928	0.42116	0	0	0	0	0	0	0	0	0	0.71064	0	0	0	0	0	0	0	0	0	0	0	0	0	0	0	0	0	0	0	0	0	0	0	0	0	0	0	0	0	0	0	0	0	0	0	0	0	0	0	0	0	0	0	0	0	0	0	0	0	0	0.74858	0	0	0	0	0	0	0.66206	0	0	0	0	0	0	0	0	0	0.49593	0	0	0	0	0	0	0	0	0	0	0	0	0	0	0	0	0	0	0	0	0	0	0.47536	0.84695	0	0	0.85782	0.99284	0	0	0	0	0	0	0	0	0	0	0	0	0	0	0	0	0	0	0	0	2.0518	0	0	0	0	0	0	0	0	0	0	0	0	0	0	0	0	0	0	0	0	0	0	0
0	0	0	0	0	0	0	0	0	0	0	0	0	0	0	0	0	0	0	0	0	0.45009	0.72012	0	0	0	0	0	0	0	0	0	0	0	0	0	0	0	0	0	0	0	0	0	0.25805	0	0	0	0.76526	0.30261	0.54172	0.79455	0	0.39292	0	0	0	1.6523	0.66244	0	0	0	0	1.0854	0.49177	0.12938	0	0	0	0	0	0	0	0	0	0	0	0	0	0	0	0	0	0	0	0	0	0	0	0	0	1.3837	0.60397	1.4149	0	0	0	0	0	0	0	0	0	0	0	0	0	0	0	0	0	0	0	0	0	0	0	0	0	0	0	0	0	0	0	0	1.03	0.92132	0	0	0	0	0.62885	0.77125	0	0	0	0	0	0	0	0	0	0	0	0	0	0	0	0	0.57034	0	0.81075	0.7736	0	0	0	0	0	0	0	0	0	0	0	0	0.7208	0.36665	0	0	0	0.59332	1.1691	0	0	0	0	0	0	0	0	0	0	0	0	0	0	0	0	0	0	0	0	0.40767	0.65294	0	0	0	0	2.4096	1.0259	0	0	0	0	0	0	0	0	0	0	0	0	0	0	0	0
0	0	0	0	0	0	0	0	0	0	0	0	0	0	0	0	0	0	0	0	0	0	0	0	0	0	0	0	0	0	0	0	0	0	0	0	0	0	0	0.6739	0	0	0	0.65805	0.46136	0	0.48727	0.48213	0.56228	0	0	0.40749	0	0	0	0	0.57005	1.0627	1.9045	0	0	0.62278	0	0	0	0	0	0	0	0	0	0	0	0	0	0	0	0	0	0	0	0	0	1.6267	0	0	0	0	0	0	0	0.69067	0.49656	0.47172	0	0	0	0	0	0	0	0	0	0	0	0	0	0	0	0	0	0	0	0	0	0	0	0	0.52666	0.86516	0.35138	0	0	0	0	0.73611	0.64657	0	0	0	0	0	0.6693	0	0	0	0	0	0	0	0	0	0	0	0	0	0	0	0	0	0.4586	0.50147	0.6903	0.40002	0	0	0	0	0	0	0	0	0.29898	0.22058	0.62138	0	0	0	0	0	0	0.85576	1.4685	0.64575	0	0	0	0.58001	0	0	0.76137	0.92919	0.37269	0	0	0	0	0	0	0	0	0	0	0	0.58965	0	0	0	0	1.4657	1.2643	0	0	0	0	0	0	0	0	0	0	0	0	0	0	0	0
0	0	0	0	0	0	0.4782	0.57802	0	0.37662	0	0	0	0	0	0	0.38183	0	0	0	0	0	0	0	0	0	0	0	0	0	0	0	0	0	0	0	0	0	0.62445	0	0	0	0	0.55639	0	0	0	0	0	0	0	0	0	0	0.63158	0	0	0	0	1.4207	0.52506	0	0	0	0	0	0	0	0	0	0	0	0	0	0	0	0	0	0	0	0	0	0.59234	0	0	0	0	0	0	0	0	0.6534	0.269	0	0	0	0	0	0	0	0	0	0	0	0	0	0	0	0	0	0	0	0	0	0	0	0	1.1862	0.80346	0.55951	0	0	0	0	0	0.38981	0	0	0	0	0	0	0	0	0	0	0	0	0	0	0	0	0	0	0	0	0	0	0	0	0	0	0	0	0	0	0	0	0	0	0	0	0.20609	0	0	0	0	0	0	0	0	0.70628	1.0492	0.43083	0	0	0	0	0	0.29683	0.78892	0.57946	0.34915	0	0	0	0	0	0	0	0	0	0	1.0258	1.2887	0.97623	0	0	0	0.66977	0.62188	0.49302	0	0	0	0	0	0	0	0	0	0	0	0	0	0	0
0	0	0	0	0	0	0.64756	0.46596	0	0	0	0	0	0	0	0	0	0	0	0	0	0	0	0.45009	0	0	0	0	0	0	0	0	0	0	0	0	0	0	0	0	0	0	0	0	0	0	0	0	0	0	0	0	0	0	1.1968	0	0	0	0	1.6846	0.47282	0	0	0	0	0	0	0	1.2364	0	0	0	0	0	0	0	0	0	0	0	0	0	0	0	0	0	0	0	0	0	0	0	0	0	0	0	0	0	0	0	0	0	0	0	0	0	0	0	0	0	0	0	0	0	0	0	0	0.74014	1.2007	0	0	0	0	0	0	0	0	0	0	0	0	0	0.75541	0	0	0	0	0	1.0474	0.79796	0	0	1.102	0	0	0	0	0	0	0	0	0	0	0	0	0	0	0	0	0	0	0	0	0	0	0	0	0	0	0	0.70448	0.93626	0.68071	0.31186	0	0	0	0	0	0	0	1.0943	0.18714	0	0	0	0	0	0	0	0	0	0	0.58674	1.1236	1.9349	0	0	0	0	0	0	0	0	0	0	0	0	1.5468	0	0	0	0	0	0	0	0
0	0	0	0	0	0	0.5604	0.45041	0	0	0	0	0	0.90085	1.1386	0	0	0	0	0	0	0	0	0	0	0	0	0	0	0	0	0	0	0	0	0	0	0	0	0	0	0	0	0	0	0	0	0	0	0	0	0	0	0.55403	0.39886	0	0	0	0	0	0	0	0	0	0	0	0	0	0	0	0	0	0	0	0	0	0	0	0	0	0	0	0	0	0.61143	0	0	0	0	0	0	0	0	0	0	0	0.85939	1.1042	1.0364	0	0	0	0	0	0	0	0	0	0	0	0	0	0	0	0	0	0	0.67205	0	0	0	0	0	0	0	0	0	0	0	0	0	0	0	0	0	0	0	0	0	0	0	0	0	0.94095	0	0	0	0	0	0	0	0	0	0	0	0	0	0	0	0	0	0	0	0	0	0	0	0.61969	0	0	0	0	0	0	0	0	0	0	0	0	0	0.19642	0	0	0	0	0	0	0	0	0	0	0	0	0	0.26232	0	0	0	0	0	0.6874	0	0	0	0	0	0	0	0	0	0	0	0	0	0	0
0	0	0	0	0	0	0	0	0	0	0	0	0	1.2187	0.56523	0	0	0	0	0	0	0	0	0	0.30316	0	0	0	0	0	0	0	0	0	0	0	0	0	0	0	0	0	0	0	0	0	1.027	0.4784	0	0	0	0	0	0	0	0	0	0	0	1.0539	0	0	0	0	0	0	0	0	0	0	0	0	0	0	0	0	0	0	0	0	0	0	0	0	0	0	0	0	1.4267	0	0	0	0	0	0	0	0	0	0	0.55007	1.0367	0	0	0	0	0	0	0	0	0	0	0	0	0	0	0	0	0.7622	0	0	0	0	0	0	0	0	0	0	0	0	0	0	0	0	0.64241	0	0	0	0	0	0	0	0	0	0	0	0	0	0.582	0	0	0	0	0	0	0	0	0	0	0	0	0	0	0	0	0.47277	0	0	0	0	0	0	0.71159	2.5643	0	0	0	0	0	0.38568	0	0	0	0	0	0	0	0	0	0	0	0.83053	0	0	0	0	0	0	0	0	0.56505	1.2341	0	0	0	0	0	0	0	0	0	0	0	0	0	0	0
0	0	0	0.49805	0	0	0	0	0	0	0	0	0	0	0	0	0	0	0	0	0	0	0	0	0	0.41619	0	0	0	0	0	0	0	0.57261	0	0.69983	0	0	0	0	0	0	0	0	0	0	1.0729	0	0	0	0	0	0	0	0	0	0	0.27636	0	0	0	0	0	0	0	0	0	0	0	0	0	0	0	0	0	0	0	0	0	0	0	0	0	0.43896	0.24678	0.16791	0	0	0	0	0	0	0	0	0	0	0	0	0	0	0.24654	0	0	0	1.1877	0	0	0	0	0	0	0	0	0	0	0	0	0.66626	1.0222	0	0	0	0	0	1.0174	0	0	0	0	0	0	0.70404	0	0.327	0.20008	0	0	0	0	0	0	0	0	0	0	0	0	0	0	0.64241	2.9429	0	0	0	0	0	0.27651	0	0	0	0	0	0	0	0.31954	1.225	0	0	0	0	0	0	0.56097	0.99526	0.45523	0	0	0	1.8893	2.6525	1.4226	0	0	0	0	0	0	0	0	0	1.2164	1.7502	0	0	0	0	0	0	0	0	0	0	0.57124	0	0	0	0	0	0	0	0	0	0	0	0	0	0
0	0	0	0	0.34564	0	0	0	0	0	0	0	0	0	0	0	0	0	0	0	0	0	0	0	0	0	0	0	0	0	0	0	0	0	0	0	0	0	0	0	0	0	0	0.93817	0.24428	0	0	0	0	0	0	0	0	0	1.0347	0.24139	0	0	0	0.31158	0	0	0	0	0	0	0	0	0	0	0	0	0	0	0	0	0	0	0	0	0	0	0	0	0	0	0	0	0	0	0	0	0	0	0	0	0	0	0	0	0	0	0	0	0	0	0	0	0	0	0	0	0	0	0	0	0	0	0	0	0	0	0	0	0	0.86526	0.86526	0	0	0	0	0	1.5935	0	0	0	0	0	0	0	0	0	0	0	0	0	0	0	0	0	0.59121	0	0	0	0	0	0	0	0	0	0	0	0	0	1.0243	0	0	0	0	0	0	0	0.70441	0	0	0	0	0	0.57124	0.87836	0	0	0	0	0	0	0	0	0	0	0.18077	0.23079	0	0	0	0	0	0	0	0	0	0	0	0	0	0	0	0	0	0	0	0	0	0.80124	0	0	0
0	0	0	0	0	0	0	0	0	0	0	0	0	0	0	0	0	0	0	0	0	0	0	0	0	0	0	0	0	0	0	0	0	0	0	0	0	0	0	0	0	0	0	0	0	0	0	0	0	0	0	0	0	0	0	0	0	0	0	0	0	0	0	0	0.94302	0	0	0	0	0	0.46009	0	0	0	0	0	0	0	0	0	0	0	0	0	0	0	0	0	0	0	0	0.28567	0	0	0	0	0	0	0	0	0	0	0	0	0	0	0	0	0	0	0	0	0	0	0	0	0	0	0	0	0	0	0	0	1.5905	1.1118	0	0	0	0	0	0	0.30434	0	0	0	0	0	0	0	0	0	0	0	0	0	0	0	0	0	0	0	0	0	0	0	0	0	0	0	0	0	0	0	0	0	0	0	0	0	0	0	0.29013	0	0	0	0	0	0	0	0	0	0	0	0	0	0	0	0	0	0	0.40391	0	0	0	0	0	0	0	0	0	0	0	0	0	0	0	0	0	0	0	0	0	0.73753	0.35128	0	0
0	0	0	0	0	0	0	0	0	0	0	0	0	0	0	0.33642	0	0	0	0	0	0	0	0	0	0	0	0	0	0	0	0	0	0	0	0	0	0	0	0	0	0	0	0	0	0	0	0	0	0	0.82433	0	0	0	0	0	0	0	0	0	0	0	0	0	0	0	0	0	0	0	0	0.77943	0	0	0	0	0	0	0	0	0	0	0	0	0	0	0	0	0	0	0	0	0.88211	2.1929	0	0	0	0	0	0	0	0	0	0	0	0	0	0	0	0	0	0	0	0	0	0	0	0	0	0	0	0	0.6112	0.52607	0	0	0	0	0	0	0	0	0	0	0	0	0	0	0	0	0	0	0	0	0	0	0	0	0	0	0	0	0	0	0	0	0	0	0	0	0	0	0	0	0	0.50437	0	0	0	0	0	0	0	0	0	0	0	0	0	0	0	0.7084	0	0	0	0	0	0	0	0	0	0.91879	0	0	0	0	0	0	0	0	0	0	0	0	0	0	0	0	0	0	0	0	0.32525	0	0	0	0
0	0	0	0	0	0	0	0	0	0	0	0	0	0	0	0	0	0	0	0	0	0	0	0	0	0	0	0	0	0	0	0	0	0	0	0	0	0	0	0	0	0	0	0	0	0	0	0	0	0.51515	0	0	0	0	0	0	0	0	0	2.0432	0	0	0	0	0	0	0	0	0	0	0	0	0	0	0	0	0	0	0	0	0	0	0	0	0	0	0	0	0	0	0	0	0	0.39169	0	0	0	0	0	0	0	0	0	0	0	0	0	0	0	0	0	0	0	0	0	0	0	0	0	0	0	0	0	0	0	0	0	0	0	0	0	0	0	0	0	0	0	0	0	1.069	0.35813	0	0	0	0	0	0	0	0	0	0	0	0	0	0	0	0	0	1.3974	0	0	0	0	0	0.31042	0.31954	0	0	0	0	0	0	0	0	0	0	0	0	0	0	0	0	0	0	0	0	0	0	0	0	0.48152	0.52333	0	0	0	0	0	0	0	0	0	0	0	0	0	0	0	0	0	0	0	0	0	0	0	0	0
0	0	0	0	0	0	0	0	0	0	0	0	0	0	0	0	0	0	0	0	0	0	0	0	0	0	0	0	0	0	0	0	0	0	0	0	0	0	0	0	0	0	0	0	0	0	0	0	0	0	0.29743	0	0	0	0	0	0	0	0	0.55422	0.8405	0	0	0	0	0	0	0	0	0	0	0	0	0	0	0	0	0	0	0	0	0	0	0	0	0	0	0	0	0	0	0	0	0	0	0	0	0	0	0	0.51041	0.26376	0	0	0	0	0	0	0	0	0	0	0	0	0	0	0	0	0	0	0	0	0	0	0	0	0	0	0	0	0	0	0	0	0	0	0	0	0	0	0	0	0	0	0	0	0	0	0	0	0	0	0	0	0	0	0	0	0	0	0	0	0	0	1.2712	0.43801	0	0	0	0	0	0.87836	0	0	0	0	0	0	0	0	0	0	0	0	0	0	0	0	0	0	0	0	0	0	0	0	0	0	0	0.63623	0	0	0	0	0	0	0	0	0	0	0	0	0	0	0	0	0
0	0	0	0	0	0	0	0	0	0	0	0	0	0	0	0	0	0	0	0	0	0	0	0	0	0	0	0	0	0	0	0	0	0	0	0	0	0	0	0	0	0	0	0	0	0	0	0	0	0	0	0	0	0	0	0	0	0	0	0	0	0	0	0	0	0	0	0	0	0	0	0	0	0	0	0	0	0	0	0	0	0	0	0	0	0	0	0	0	0	0	0	1.471	0	0	0	0	0	0	0	0	0	0	0	0	0	0	0	0	0	0	0	0	0	0	0	0	0	0	0	0	0.59261	0	0	0	0	0	0	0	0	0	0	0	0	0	0	0	0	0	0	0	0	0	0	0	0	0	0	0	0	0	0	0	0	0	0	0	0	0	0	0	0	0	0	1.3556	0	0	0	0	0	0.71851	2.303	0	0	0	0	0	0	0	0	0	0	0	0	0	0	0	0	0	0	0	0	0.88417	1.3217	0	0	0	0	0	0	0.93784	1.1399	0	0	0	0	0	0	0	0	0	0	0	0	0	0	0
0	0	0	0	0	0	0	0	0	0	0	0	0	0	0	0	0	0	0	0	0	0	0	0	0	0	0	0	0	0	0	0	0	0	0	0	0	0	0	0	0	0	0	0.26222	0	0	0	0	0	0	0	0	0	0.70856	0	0	0	0	0	0	0	0	0	0	0	0	0	0	0	0	0	0	0	0	0	0	0	0	0	0	0	0	0	0	0	0	0	0	0	0	0	0	0	0	0	0	0	0	0	0	0	0	0	0	0.87452	0	0	0	0	0	0	0	0	0.40684	0	0	0	0	0	0	0	0	0.35301	0	0	0	0	0	0	0	0	0	0	0	0	0	0	0	0	0	0	0	0	0	0	3.4617	1.1931	0	0	0	0	0	0	1.802	0.34431	0	0	0	0	0	0	0	0	0	0	0	0	0	0	0	0	2.5974	0	0	0	0	0	0	0	0	0	0	0	0	0	0	0	0	0	0	0	0	0	0	0	0	0	0	0	0	0	0	0	0	0	0	0	0	0	0	0	0	0	0	0	0	0
0	0	0	0	0	0	0	0	0	0	0	0	0	0	0	0	0	0	0	0	0	0	0	0	0	0	0	0	0	0	0	0	0	0	0	0	0	0	0	0	0	0	0	0	0	0	0	0	0	0	0	0	0	0.55193	0	0	0	0	0	0	0	0	0	0	0	0	0	0	0	0	0	0	0	0	0	0	0	0	0	0	0	0	0	0	0	0	0	0	0	0	0	0.89548	0	0	0	0	0	0	0	0	0	0	0	0	0	0	0	0	0	0	0	0	0	0	0	0	0	0	0	0	0	0	0	0	0	0	0	0	0	0	0	0	0	0	0	0	0	0	0	0	0	0	0	0	0	0	0	0	0	0	0	0	0	0.33078	0	0	0	0	0	0	0	0	0	0	0	0	0	0	0	0	0	0.40624	0	0	0	0	0	0	0	0	0	0	0	0	0	0	0	0	0	0	0	0	0	0	0	0	0	0	0	0	0	0	0	0	0	0	0	0	0	0	0	0	0	0	0	0	0
0	0	0	0	0	0	0	0	0	0	0	0	0	0	0	0	0	0	0	0	0	0	0	0	0	0	0	0	0	0	0	0	0	0	0	0	0	0	0	0	0	0	0	0	0	0	0	0	0	0	0	0	0	0	0	0	0	0	0	0	0	0	0	0	0	0	0	0	0	0	0	0	0	0	0	0	0	0	0	0	0	0	0	0	0	0	0	0	0	0	0	0	0	0	0	0	0	0	0	0	0	0	0	0	0	0	0	0	0	0	0	0	0	0	0	0	0	0	0	0	0	0	0	0	0	0	0	0	0	0	0	0	0	0	0	0	0	0	0	0	0	0	0	0	0	0	0	0	0	0	0	0	0	0	0	0	0	0	0	0	0	0	0	0	0	0	0	0	0	0	0	0	0	0	0	0	0	0	0	0	0	0	0	0	0	0	0	0	0	0	0	0	0	0	0	0	0	0	0	0	0	0	0	0	0	0	0	0	0	0	0	0	0	0	0	0	0
0	0	0	0	0	0	0	0	0	0	0	0	0	0	0	0	0	0	0	0	0	0	0	0	0	0	0	0	0	0	0	0	0	0	0	0	0	0	0	0	0	0	0	0	0	0	0	0	0	0	0	0	0	0	0	0	0	0	0	0	0	0	0	0	0	0	0	0	0	0	0	0	0	0	0	0	0	0	0	0	0	0	0	0	0	0	0	0	0	0	0	0	0	0	0	0	0	0	0	0	0	0	0	0	0	0	0	0	0	0	0	0	0	0	0	0	0.89923	0.26907	0	0	0	0	0	0	0	0	0	0	0	0	0	0	0	0	0	0	0	0	0	0	0	0	0	0	0	0	0	0	0	0	0	0	0	0	0	0	0	0	0	0	0	0	0	0	0	0	0	0	0	0	0	0	0	0	0	0	0	0	0	0	0	0	0	0	0	0	0	0	0	0	0	0	0	0	0	0	0	0	0	0	0	0	0	0	0	0	0	0	0	0	0	0	0	0	0	0	0
