632.79
633.49
634.19
634.89
635.59
636.29
636.99
637.69
638.39
639.09
639.79
640.49
641.19
641.89
642.59
643.29
643.99
644.69
645.39
646.09
646.79
647.49
648.19
648.89
649.59
650.29
650.99
651.69
652.39
653.09
653.79
654.49
655.19
655.89
656.59
657.29
657.99
658.69
659.39
660.09
660.79
661.49
662.19
662.89
663.59
664.29
664.99
665.69
666.39
667.09
667.79
668.49
669.19
669.89
670.59
671.29
671.99
672.69
673.39
674.09
674.79
675.49
676.19
676.89
677.59
678.29
678.99
679.69
680.39
681.09
681.79
682.49
683.19
683.89
684.59
685.29
685.99
686.69
687.39
688.09
688.79
689.49
690.19
690.89
691.59
692.29
692.99
693.69
694.39
695.09
695.79
696.49
697.19
697.89
698.59
699.29
699.99
700.69
701.39
702.09
702.79
703.49
704.19
704.89
705.59
706.29
706.99
707.69
708.39
709.09
709.79
710.49
711.19
711.89
712.59
713.29
713.99
714.69
715.39
716.09
716.79
717.49
718.19
718.89
719.59
720.29
720.99
721.69
722.39
723.09
723.79
724.49
725.19
725.89
726.59
727.29
727.99
728.69
729.39
730.09
730.79
731.49
732.19
732.89
733.59
734.29
734.99
735.69
736.39
737.09
737.79
738.49
739.19
739.89
740.59
741.29
741.99
742.69
743.39
744.09
744.79
745.49
746.19
746.89
747.59
748.29
748.99
749.69
750.39
751.09
751.79
752.49
753.19
753.89
754.59
755.29
755.99
756.69
757.39
758.09
758.79
759.49
760.19
760.89
761.59
762.29
762.99
763.69
764.39
765.09
765.79
766.49
767.19
767.89
768.59
769.29
769.99
770.69
771.39
772.09
772.79
773.49
774.19
774.89
775.59
776.29
776.99
777.69
778.39
779.09
779.79
780.49
781.19
781.89
782.59
783.29
783.99
784.69
785.39
786.09
786.79
787.49
788.19
788.89
789.59
790.29
790.99
791.69
792.39
793.09
793.79
794.49
795.19
795.89
796.59
797.29
797.99
798.69
799.39
800.09
800.79
801.49
802.19
802.89
803.59
804.29
804.99
805.69
806.39
807.09
807.79
808.49
809.19
809.89
810.59
811.29
811.99
812.69
813.39
814.09
814.79
815.49
816.19
816.89
817.59
818.29
818.99
819.69
820.39
821.09
821.79
822.49
823.19
823.89
824.59
825.29
825.99
826.69
827.39
828.09
828.79
829.49
830.19
830.89
831.59
832.29
832.99
833.69
834.39
835.09
835.79
836.49
837.19
837.89
838.59
839.29
839.99
840.69
841.39
842.09
842.79
843.49
844.19
844.89
845.59
846.29
846.99
847.69
848.39
849.09
849.79
850.49
851.19
851.89
852.59
853.29
853.99
854.69
855.39
856.09
856.79
857.49
858.19
858.89
859.59
860.29
860.99
861.69
862.39
863.09
863.79
864.49
865.19
865.89
866.59
867.29
867.99
868.69
869.39
870.09
870.79
871.49
872.19
872.89
873.59
874.29
874.99
875.69
876.39
877.09
877.79
878.49
879.19
879.89
880.59
881.29
881.99
882.69
883.39
884.09
884.79
885.49
886.19
886.89
887.59
888.29
888.99
889.69
890.39
891.09
891.79
892.49
893.19
893.89
894.59
895.29
895.99
896.69
897.39
898.09
898.79
899.49
900.19
900.89
901.59
902.29
902.99
903.69
904.39
905.09
905.79
906.49
907.19
907.89
908.59
909.29
909.99
910.69
911.39
912.09
912.79
913.49
914.19
914.89
915.59
916.29
916.99
