18150
18151
18151
18152
18153
18153
18154
18155
18155
18156
18157
18158
18158
18159
18160
18160
18161
18162
18162
18163
18164
18165
18165
18166
18167
18167
18168
18169
18169
18170
18171
18172
18172
18173
18174
18174
18175
18176
18176
18177
18178
18179
18179
18180
18181
18181
18182
18183
18183
18184
18185
18186
18186
18187
18188
18188
18189
18190
18190
18191
18192
18193
18193
18194
18195
18195
18196
18197
18197
18198
18199
18200
18200
18201
18202
18202
18203
18204
18204
18205
18206
18207
18207
18208
18209
18209
18210
18211
18211
18212
18213
18214
18214
18215
18216
18216
18217
18218
18218
18219
18220
18221
18221
18222
18223
18223
18224
18225
18225
18226
18227
18228
18228
18229
18230
18230
18231
18232
18232
18233
18234
18235
18235
18236
18237
18237
18238
18239
18239
18240
18241
18242
18242
18243
18244
18244
18245
18246
18246
18247
18248
18249
18249
18250
18251
18251
18252
18253
18253
18254
18255
18256
18256
18257
18258
18258
18259
18260
18260
18261
18262
18263
18263
18264
18265
18265
18266
18267
18267
18268
18269
18270
18270
18271
18272
18272
18273
18274
18274
18275
18276
18277
18277
18278
18279
18279
18280
18281
18281
18282
18283
18284
18284
18285
18286
18286
18287
18288
18288
18289
18290
18291
18291
18292
18293
18293
18294
18295
18295
18296
18297
18298
18298
18299
18300
18300
18301
18302
18302
18303
18304
18305
18305
18306
18307
18307
18308
18309
18309
18310
18311
18312
18312
18313
18314
18314
18315
18316
18316
18317
18318
18319
18319
18320
18321
18321
18322
18323
18323
18324
18325
18326
18326
18327
18328
18328
18329
18330
18330
18331
18332
18333
18333
18334
18335
18335
18336
18337
18337
18338
18339
18340
18340
18341
18342
18342
18343
18344
18344
18345
18346
18347
18347
18348
18349
18349
18350
18351
18351
18352
18353
18354
18354
18355
18356
18356
18357
18358
18358
18359
18360
18361
18361
18362
18363
18363
18364
18365
18365
18366
18367
18368
18368
18369
18370
18370
18371
18372
18372
18373
18374
18375
18375
18376
18377
18377
18378
18379
18379
18380
18381
18382
18382
18383
18384
18384
18385
18386
18386
18387
18388
18389
18389
18390
18391
18391
18392
18393
18393
18394
18395
18396
18396
18397
18398
18398
18399
18400
18400
18401
18402
18403
18403
18404
18405
