56542
56543
56543
56544
56545
56546
56546
56547
56548
56548
56549
56550
56550
56551
56552
56553
56553
56554
56555
56555
56556
56557
56557
56558
56559
56560
56560
56561
56562
56562
56563
56564
56564
56565
56566
56567
56567
56568
56569
56569
56570
56571
56571
56572
56573
56574
56574
56575
56576
56576
56577
56578
56578
56579
56580
56581
56581
56582
56583
56583
56584
56585
56585
56586
56587
56588
56588
56589
56590
56590
56591
56592
56592
56593
56594
56595
56595
56596
56597
56597
56598
56599
56599
56600
56601
56602
56602
56603
56604
56604
56605
56606
56606
56607
56608
56609
56609
56610
56611
56611
56612
56613
56613
56614
56615
56616
56616
56617
56618
56618
56619
56620
56620
56621
56622
56623
56623
56624
56625
56625
56626
56627
56627
56628
56629
56630
56630
56631
56632
56632
56633
56634
56634
56635
56636
56637
56637
56638
56639
56639
56640
56641
56641
56642
56643
56644
56644
56645
56646
56646
56647
56648
56648
56649
56650
56651
56651
56652
56653
56653
56654
56655
56655
56656
56657
56658
56658
56659
56660
56660
56661
56662
56662
56663
56664
56665
56665
56666
56667
56667
56668
56669
56669
56670
56671
56672
56672
56673
56674
56674
56675
56676
56676
56677
56678
56679
56679
56680
56681
56681
56682
56683
56683
56684
56685
56686
56686
56687
56688
56688
56689
56690
56690
56691
56692
56693
56693
56694
56695
56695
56696
56697
56697
56698
56699
56700
56700
56701
56702
56702
56703
56704
56704
56705
56706
56707
56707
56708
56709
56709
56710
56711
56711
56712
56713
56714
56714
56715
56716
56716
56717
56718
56718
56719
56720
56721
56721
56722
56723
56723
56724
56725
56725
56726
56727
56728
56728
56729
56730
56730
56731
56732
56732
56733
56734
56735
56735
56736
56737
56737
56738
56739
56739
56740
56741
56742
56742
56743
56744
56744
56745
56746
56746
56747
56748
56749
56749
56750
56751
56751
56752
56753
56753
56754
56755
56756
56756
56757
56758
56758
56759
56760
56760
56761
56762
56763
56763
56764
56765
56765
56766
56767
56767
56768
56769
56770
56770
56771
56772
56772
56773
56774
56774
56775
56776
56777
56777
56778
56779
56779
56780
56781
56781
56782
56783
56784
56784
56785
56786
56786
56787
56788
56788
56789
56790
56791
56791
56792
56793
56793
56794
56795
56795
56796
