45781
45782
45783
45784
45784
45785
45786
45786
45787
45788
45788
45789
45790
45791
45791
45792
45793
45793
45794
45795
45795
45796
45797
45798
45798
45799
45800
45800
45801
45802
45802
45803
45804
45805
45805
45806
45807
45807
45808
45809
45809
45810
45811
45812
45812
45813
45814
45814
45815
45816
45816
45817
45818
45819
45819
45820
45821
45821
45822
45823
45823
45824
45825
45826
45826
45827
45828
45828
45829
45830
45830
45831
45832
45833
45833
45834
45835
45835
45836
45837
45837
45838
45839
45840
45840
45841
45842
45842
45843
45844
45844
45845
45846
45847
45847
45848
45849
45849
45850
45851
45851
45852
45853
45854
45854
45855
45856
45856
45857
45858
45858
45859
45860
45861
45861
45862
45863
45863
45864
45865
45865
45866
45867
45868
45868
45869
45870
45870
45871
45872
45872
45873
45874
45875
45875
45876
45877
45877
45878
45879
45879
45880
45881
45882
45882
45883
45884
45884
45885
45886
45886
45887
45888
45889
45889
45890
45891
45891
45892
45893
45893
45894
45895
45896
45896
45897
45898
45898
45899
45900
45900
45901
45902
45903
45903
45904
45905
45905
45906
45907
45907
45908
45909
45910
45910
45911
45912
45912
45913
45914
45914
45915
45916
45917
45917
45918
45919
45919
45920
45921
45921
45922
45923
45924
45924
45925
45926
45926
45927
45928
45928
45929
45930
45931
45931
45932
45933
45933
45934
45935
45935
45936
45937
45938
45938
45939
45940
45940
45941
45942
45942
45943
45944
45945
45945
45946
45947
45947
45948
45949
45949
45950
45951
45952
45952
45953
45954
45954
45955
45956
45956
45957
45958
45959
45959
45960
45961
45961
45962
45963
45963
45964
45965
45966
45966
45967
45968
45968
45969
45970
45970
45971
45972
45973
45973
45974
45975
45975
45976
45977
45977
45978
45979
45980
45980
45981
45982
45982
45983
45984
45984
45985
45986
45987
45987
45988
45989
45989
45990
45991
45991
45992
45993
45994
45994
45995
45996
45996
45997
45998
45998
45999
46000
46001
46001
46002
46003
46003
46004
46005
46005
46006
46007
46008
46008
46009
46010
46010
46011
46012
46012
46013
46014
46015
46015
46016
46017
46017
46018
46019
46019
46020
46021
46022
46022
46023
46024
46024
46025
46026
46026
46027
46028
46029
46029
46030
46031
46031
46032
46033
46033
46034
46035
46036
46036
46037
46038
46038
46039
46040
46040
46041
46042
46043
46043
46044
46045
46045
46046
46047
46047
46048
46049
46050
46050
46051
46052
46052
46053
46054
46054
46055
46056
46057
46057
46058
46059
46059
46060
46061
46061
46062
46063
46064
46064
46065
46066
46066
46067
46068
46068
46069
46070
46071
46071
46072
46073
46073
46074
46075
46075
46076
46077
46078
46078
46079
46080
46080
46081
46082
46082
46083
46084
46085
46085
46086
46087
46087
46088
46089
46089
46090
46091
46092
46092
46093
46094
46094
46095
46096
46096
46097
46098
46099
46099
46100
46101
46101
46102
46103
46103
46104
46105
46106
46106
46107
46108
46108
46109
46110
46110
46111
46112
46113
46113
46114
46115
46115
46116
46117
46117
46118
46119
46120
46120
46121
46122
46122
46123
46124
46124
46125
46126
46127
46127
46128
46129
46129
46130
46131
46131
46132
46133
46134
46134
46135
46136
46136
46137
46138
46138
46139
46140
46141
46141
46142
46143
46143
46144
46145
46145
46146
46147
46148
46148
46149
46150
46150
46151
46152
46152
46153
46154
46155
46155
46156
46157
46157
46158
46159
46159
46160
46161
46162
46162
46163
46164
46164
46165
46166
46166
46167
46168
46169
46169
46170
46171
46171
46172
46173
46173
46174
46175
46176
46176
46177
46178
46178
46179
46180
46180
46181
46182
46183
46183
46184
46185
46185
46186
46187
46187
46188
46189
46190
46190
46191
46192
46192
46193
46194
46194
46195
46196
46197
46197
46198
46199
46199
46200
46201
46201
46202
46203
46204
46204
46205
46206
46206
46207
46208
46208
46209
46210
46211
46211
46212
46213
46213
46214
