4765.6
4766.3
4767
4767.7
4768.4
4769.1
4769.8
4770.5
4771.2
4771.9
4772.6
4773.3
4774
4774.7
4775.4
4776.1
4776.8
4777.5
4778.2
4778.9
4779.6
4780.3
4781
4781.7
4782.4
4783.1
4783.8
4784.5
4785.2
4785.9
4786.6
4787.3
4788
4788.7
4789.4
4790.1
4790.8
4791.5
4792.2
4792.9
4793.6
4794.3
4795
4795.7
4796.4
4797.1
4797.8
4798.5
4799.2
4799.9
4800.6
4801.3
4802
4802.7
4803.4
4804.1
4804.8
4805.5
4806.2
4806.9
4807.6
4808.3
4809
4809.7
4810.4
4811.1
4811.8
4812.5
4813.2
4813.9
4814.6
4815.3
4816
4816.7
4817.4
4818.1
4818.8
4819.5
4820.2
4820.9
4821.6
4822.3
4823
4823.7
4824.4
4825.1
4825.8
4826.5
4827.2
4827.9
4828.6
4829.3
4830
4830.7
4831.4
4832.1
4832.8
4833.5
4834.2
4834.9
4835.6
4836.3
4837
4837.7
4838.4
4839.1
4839.8
4840.5
4841.2
4841.9
4842.6
4843.3
4844
4844.7
4845.4
4846.1
4846.8
4847.5
4848.2
4848.9
4849.6
4850.3
4851
4851.7
4852.4
4853.1
4853.8
4854.5
4855.2
4855.9
4856.6
4857.3
4858
4858.7
4859.4
4860.1
4860.8
4861.5
4862.2
4862.9
4863.6
4864.3
4865
4865.7
4866.4
4867.1
4867.8
4868.5
4869.2
4869.9
4870.6
4871.3
4872
4872.7
4873.4
4874.1
4874.8
4875.5
4876.2
4876.9
4877.6
4878.3
4879
4879.7
4880.4
4881.1
4881.8
4882.5
4883.2
4883.9
4884.6
4885.3
4886
4886.7
4887.4
4888.1
4888.8
4889.5
4890.2
4890.9
4891.6
4892.3
4893
4893.7
4894.4
4895.1
4895.8
4896.5
4897.2
4897.9
4898.6
4899.3
4900
4900.7
4901.4
4902.1
4902.8
4903.5
4904.2
4904.9
4905.6
4906.3
4907
4907.7
4908.4
4909.1
4909.8
4910.5
4911.2
4911.9
4912.6
4913.3
4914
4914.7
4915.4
4916.1
4916.8
4917.5
4918.2
4918.9
4919.6
4920.3
4921
4921.7
4922.4
4923.1
4923.8
4924.5
4925.2
4925.9
4926.6
4927.3
4928
4928.7
4929.4
4930.1
4930.8
4931.5
4932.2
4932.9
4933.6
4934.3
4935
4935.7
4936.4
4937.1
4937.8
4938.5
4939.2
4939.9
4940.6
4941.3
4942
4942.7
4943.4
4944.1
4944.8
4945.5
4946.2
4946.9
4947.6
4948.3
4949
4949.7
4950.4
4951.1
4951.8
4952.5
4953.2
4953.9
4954.6
4955.3
4956
4956.7
4957.4
4958.1
4958.8
4959.5
4960.2
4960.9
4961.6
4962.3
4963
4963.7
4964.4
4965.1
4965.8
4966.5
4967.2
4967.9
4968.6
4969.3
4970
4970.7
4971.4
4972.1
4972.8
4973.5
4974.2
4974.9
4975.6
4976.3
4977
4977.7
4978.4
4979.1
4979.8
4980.5
4981.2
4981.9
4982.6
4983.3
4984
4984.7
4985.4
4986.1
4986.8
4987.5
4988.2
4988.9
4989.6
4990.3
4991
4991.7
4992.4
4993.1
4993.8
4994.5
4995.2
4995.9
4996.6
4997.3
4998
4998.7
4999.4
5000.1
5000.8
5001.5
5002.2
5002.9
5003.6
5004.3
5005
5005.7
5006.4
5007.1
5007.8
5008.5
5009.2
5009.9
5010.6
5011.3
5012
5012.7
5013.4
5014.1
5014.8
5015.5
5016.2
5016.9
5017.6
5018.3
5019
5019.7
5020.4
5021.1
5021.8
5022.5
5023.2
5023.9
5024.6
5025.3
5026
5026.7
5027.4
5028.1
5028.8
5029.5
5030.2
5030.9
5031.6
5032.3
5033
5033.7
5034.4
5035.1
5035.8
5036.5
5037.2
5037.9
5038.6
5039.3
5040
5040.7
5041.4
5042.1
5042.8
5043.5
5044.2
5044.9
5045.6
5046.3
5047
5047.7
5048.4
5049.1
5049.8
5050.5
5051.2
5051.9
5052.6
5053.3
5054
5054.7
5055.4
5056.1
5056.8
5057.5
5058.2
5058.9
5059.6
5060.3
5061
5061.7
5062.4
5063.1
5063.8
5064.5
5065.2
5065.9
5066.6
5067.3
5068
5068.7
5069.4
5070.1
5070.8
5071.5
5072.2
5072.9
5073.6
5074.3
5075
5075.7
5076.4
5077.1
5077.8
5078.5
5079.2
5079.9
5080.6
5081.3
5082
5082.7
5083.4
5084.1
5084.8
5085.5
5086.2
5086.9
5087.6
5088.3
5089
5089.7
5090.4
5091.1
5091.8
5092.5
5093.2
5093.9
5094.6
5095.3
5096
5096.7
5097.4
5098.1
5098.8
