74937
74938
74939
74939
74940
74941
74942
74942
74943
74944
74944
74945
74946
74946
74947
74948
74949
74949
74950
74951
74951
74952
74953
74953
74954
74955
74956
74956
74957
74958
74958
74959
74960
74960
74961
74962
74963
74963
74964
74965
74965
74966
74967
74967
74968
74969
74970
74970
74971
74972
74972
74973
74974
74974
74975
74976
74977
74977
74978
74979
74979
74980
74981
74981
74982
74983
74984
74984
74985
74986
74986
74987
74988
74988
74989
74990
74991
74991
74992
74993
74993
74994
74995
74995
74996
74997
74998
74998
74999
75000
75000
75001
75002
75002
75003
75004
75005
75005
75006
75007
75007
75008
75009
75009
75010
75011
75012
75012
75013
75014
75014
75015
75016
75016
75017
75018
75019
75019
75020
75021
75021
75022
75023
75023
75024
75025
75026
75026
75027
75028
75028
75029
75030
75030
75031
75032
75033
75033
75034
75035
75035
75036
75037
75037
75038
75039
75040
75040
75041
75042
75042
75043
75044
75044
75045
75046
75047
75047
75048
75049
75049
75050
75051
75051
75052
75053
75054
75054
75055
75056
75056
75057
75058
75058
75059
75060
75061
75061
75062
75063
75063
75064
75065
75065
75066
75067
75068
75068
75069
75070
75070
75071
75072
75072
75073
75074
75075
75075
75076
75077
75077
75078
75079
75079
75080
75081
75082
75082
75083
75084
75084
75085
75086
75086
75087
75088
75089
75089
75090
75091
75091
75092
75093
75093
75094
75095
75096
75096
75097
75098
75098
75099
75100
75100
75101
75102
75103
75103
75104
75105
75105
75106
75107
75107
75108
75109
75110
75110
75111
75112
75112
75113
75114
75114
75115
75116
75117
75117
75118
75119
75119
75120
75121
75121
75122
75123
75124
75124
75125
75126
75126
75127
75128
75128
75129
75130
75131
75131
75132
75133
75133
75134
75135
75135
75136
75137
75138
75138
75139
75140
75140
75141
75142
75142
75143
75144
75145
75145
75146
75147
75147
75148
75149
75149
75150
75151
75152
75152
75153
75154
75154
75155
75156
75156
75157
75158
75159
75159
75160
75161
75161
75162
75163
75163
75164
75165
75166
75166
75167
75168
75168
75169
75170
75170
75171
75172
75173
75173
75174
75175
75175
75176
75177
75177
75178
75179
75180
75180
75181
75182
75182
75183
75184
75184
75185
75186
75187
75187
75188
75189
75189
75190
75191
75191
75192
75193
75194
75194
75195
75196
75196
75197
75198
75198
75199
75200
75201
75201
75202
75203
75203
75204
75205
75205
75206
75207
75208
75208
75209
75210
75210
75211
75212
75212
75213
75214
75215
