83589
83589
83590
83591
83591
83592
83593
83594
83594
83595
83596
83596
83597
83598
83598
83599
83600
83601
83601
83602
83603
83603
83604
83605
83605
83606
83607
83608
83608
83609
83610
83610
83611
83612
83612
83613
83614
83615
83615
83616
83617
83617
83618
83619
83619
83620
83621
83622
83622
83623
83624
83624
83625
83626
83626
83627
83628
83629
83629
83630
83631
83631
83632
83633
83633
83634
83635
83636
83636
83637
83638
83638
83639
83640
83640
83641
83642
83643
83643
83644
83645
83645
83646
83647
83647
83648
83649
83650
83650
83651
83652
83652
83653
83654
83654
83655
83656
83657
83657
83658
83659
83659
83660
83661
83661
83662
83663
83664
83664
83665
83666
83666
83667
83668
83668
83669
83670
83671
83671
83672
83673
83673
83674
83675
83675
83676
83677
83678
83678
83679
83680
83680
83681
83682
83682
83683
83684
83685
83685
83686
83687
83687
83688
83689
83689
83690
83691
83692
83692
83693
83694
83694
83695
83696
83696
83697
83698
83699
83699
83700
83701
83701
83702
83703
83703
83704
83705
83706
83706
83707
83708
83708
83709
83710
83710
83711
83712
83713
83713
83714
83715
83715
83716
83717
83717
83718
83719
83720
83720
83721
83722
83722
83723
83724
83724
83725
83726
83727
83727
83728
83729
83729
83730
83731
83731
83732
83733
83734
83734
83735
83736
83736
83737
83738
83738
83739
83740
83741
83741
83742
83743
83743
83744
83745
83745
83746
83747
83748
83748
83749
83750
83750
83751
83752
83752
83753
83754
83755
83755
83756
83757
83757
83758
83759
83759
83760
83761
83762
83762
83763
83764
83764
83765
83766
83766
83767
83768
83769
83769
83770
83771
83771
83772
83773
83773
83774
83775
83776
83776
83777
83778
83778
83779
83780
83780
83781
83782
83783
83783
83784
83785
83785
83786
83787
83787
83788
83789
83790
83790
83791
83792
83792
83793
83794
83794
83795
83796
83797
83797
83798
83799
83799
83800
83801
83801
83802
83803
83804
83804
83805
83806
83806
83807
83808
83808
83809
83810
83811
83811
83812
83813
83813
83814
83815
83815
83816
83817
83818
83818
83819
83820
83820
83821
83822
83822
83823
83824
83825
83825
83826
83827
83827
83828
83829
83829
83830
83831
83832
83832
83833
83834
83834
83835
83836
83836
83837
83838
83839
83839
83840
83841
83841
83842
83843
83843
83844
83845
83846
83846
83847
83848
83848
83849
83850
83850
83851
83852
83853
83853
83854
83855
83855
83856
83857
83857
83858
83859
83860
83860
83861
83862
83862
83863
83864
83864
83865
83866
83867
83867
83868
83869
83869
83870
83871
83871
83872
83873
83874
83874
83875
83876
83876
83877
83878
83878
83879
83880
83881
83881
83882
83883
83883
83884
83885
83885
83886
83887
83888
83888
83889
83890
83890
83891
83892
83892
83893
83894
83895
83895
83896
83897
83897
83898
83899
83899
83900
83901
83902
83902
83903
83904
83904
83905
83906
83906
83907
83908
83909
83909
83910
83911
83911
83912
83913
83913
83914
83915
83916
83916
83917
83918
83918
83919
83920
83920
83921
83922
83923
83923
83924
83925
83925
83926
83927
83927
83928
83929
83930
83930
83931
83932
83932
83933
83934
83934
83935
83936
83937
83937
83938
83939
83939
83940
83941
