63459
63460
63461
63461
63462
63463
63463
63464
63465
63466
63466
63467
63468
63468
63469
63470
63470
63471
63472
63473
63473
63474
63475
63475
63476
63477
63477
63478
63479
63480
63480
63481
63482
63482
63483
63484
63484
63485
63486
63487
63487
63488
63489
63489
63490
63491
63491
63492
63493
63494
63494
63495
63496
63496
63497
63498
63498
63499
63500
63501
63501
63502
63503
63503
63504
63505
63505
63506
63507
63508
63508
63509
63510
63510
63511
63512
63512
63513
63514
63515
63515
63516
63517
63517
63518
63519
63519
63520
63521
63522
63522
63523
63524
63524
63525
63526
63526
63527
63528
63529
63529
63530
63531
63531
63532
63533
63533
63534
63535
63536
63536
63537
63538
63538
63539
63540
63540
63541
63542
63543
63543
63544
63545
63545
63546
63547
63547
63548
63549
63550
63550
63551
63552
63552
63553
63554
63554
63555
63556
63557
63557
63558
63559
63559
63560
63561
63561
63562
63563
63564
63564
63565
63566
63566
63567
63568
63568
63569
63570
63571
63571
63572
63573
63573
63574
63575
63575
63576
63577
63578
63578
63579
63580
63580
63581
63582
63582
63583
63584
63585
63585
63586
63587
63587
63588
63589
63589
63590
63591
63592
63592
63593
63594
63594
63595
63596
63596
63597
63598
63599
63599
63600
63601
63601
63602
63603
63603
63604
63605
63606
63606
63607
63608
63608
63609
63610
63610
63611
63612
63613
63613
63614
63615
63615
63616
63617
63617
63618
63619
63620
63620
63621
63622
63622
63623
63624
63624
63625
63626
63627
63627
63628
63629
63629
63630
63631
63631
63632
63633
63634
63634
63635
63636
63636
63637
63638
63638
63639
63640
63641
63641
63642
63643
63643
63644
63645
63645
63646
63647
63648
63648
63649
63650
63650
63651
63652
63652
63653
63654
63655
63655
63656
63657
63657
63658
63659
63659
63660
63661
63662
63662
63663
63664
63664
63665
63666
63666
63667
63668
63669
63669
63670
63671
63671
63672
63673
63673
63674
63675
63676
63676
63677
63678
63678
63679
63680
63680
63681
63682
63683
63683
63684
63685
63685
63686
63687
63687
63688
63689
63690
63690
63691
63692
63692
63693
63694
63694
63695
63696
63697
63697
63698
63699
63699
63700
63701
63701
63702
63703
63704
63704
63705
63706
63706
63707
63708
63708
63709
63710
63711
63711
63712
63713
63713
63714
63715
63715
63716
63717
63718
63718
63719
63720
63720
63721
63722
63722
63723
63724
63725
63725
63726
63727
63727
63728
63729
63729
63730
63731
63732
63732
63733
63734
63734
63735
63736
63736
