63214
63215
63215
63216
63217
63217
63218
63219
63220
63220
63221
63222
63222
63223
63224
63224
63225
63226
63227
63227
63228
63229
63229
63230
63231
63231
63232
63233
63234
63234
63235
63236
63236
63237
63238
63238
63239
63240
63241
63241
63242
63243
63243
63244
63245
63245
63246
63247
63248
63248
63249
63250
63250
63251
63252
63252
63253
63254
63255
63255
63256
63257
63257
63258
63259
63259
63260
63261
63262
63262
63263
63264
63264
63265
63266
63266
63267
63268
63269
63269
63270
63271
63271
63272
63273
63273
63274
63275
63276
63276
63277
63278
63278
63279
63280
63280
63281
63282
63283
63283
63284
63285
63285
63286
63287
63287
63288
63289
63290
63290
63291
63292
63292
63293
63294
63294
63295
63296
63297
63297
63298
63299
63299
63300
63301
63301
63302
63303
63304
63304
63305
63306
63306
63307
63308
63308
63309
63310
63311
63311
63312
63313
63313
63314
63315
63315
63316
63317
63318
63318
63319
63320
63320
63321
63322
63322
63323
63324
63325
63325
63326
63327
63327
63328
63329
63329
63330
63331
63332
63332
63333
63334
63334
63335
63336
63336
63337
63338
63339
63339
63340
63341
63341
63342
63343
63343
63344
63345
63346
63346
63347
63348
63348
63349
63350
63350
63351
63352
63353
63353
63354
63355
63355
63356
63357
63357
63358
63359
63360
63360
63361
63362
63362
63363
63364
63364
63365
63366
63367
63367
63368
63369
63369
63370
63371
63371
63372
63373
63374
63374
63375
63376
63376
63377
63378
63378
63379
63380
63381
63381
63382
63383
63383
63384
63385
63385
63386
63387
63388
63388
63389
63390
63390
63391
63392
63392
63393
63394
63395
63395
63396
63397
63397
63398
63399
63399
63400
63401
63402
63402
63403
63404
63404
63405
63406
63406
63407
63408
63409
63409
63410
63411
63411
63412
63413
63413
63414
63415
63416
63416
63417
63418
63418
63419
63420
63420
63421
63422
63423
63423
63424
63425
63425
63426
63427
63427
63428
63429
63430
63430
63431
63432
63432
63433
63434
63434
63435
63436
63437
63437
63438
63439
63439
63440
63441
63441
63442
63443
63444
63444
63445
63446
63446
63447
63448
63448
63449
63450
63451
63451
63452
63453
63453
63454
63455
63455
63456
63457
63458
63458
63459
63460
63460
63461
63462
63462
63463
63464
63465
63465
63466
63467
63467
63468
63469
63469
63470
63471
63472
63472
63473
63474
