4963.6
4964.3
4965
4965.7
4966.4
4967.1
4967.8
4968.5
4969.2
4969.9
4970.6
4971.3
4972
4972.7
4973.4
4974.1
4974.8
4975.5
4976.2
4976.9
4977.6
4978.3
4979
4979.7
4980.4
4981.1
4981.8
4982.5
4983.2
4983.9
4984.6
4985.3
4986
4986.7
4987.4
4988.1
4988.8
4989.5
4990.2
4990.9
4991.6
4992.3
4993
4993.7
4994.4
4995.1
4995.8
4996.5
4997.2
4997.9
4998.6
4999.3
5000
5000.7
5001.4
5002.1
5002.8
5003.5
5004.2
5004.9
5005.6
5006.3
5007
5007.7
5008.4
5009.1
5009.8
5010.5
5011.2
5011.9
5012.6
5013.3
5014
5014.7
5015.4
5016.1
5016.8
5017.5
5018.2
5018.9
5019.6
5020.3
5021
5021.7
5022.4
5023.1
5023.8
5024.5
5025.2
5025.9
5026.6
5027.3
5028
5028.7
5029.4
5030.1
5030.8
5031.5
5032.2
5032.9
5033.6
5034.3
5035
5035.7
5036.4
5037.1
5037.8
