77607
77607
77608
77609
77609
77610
77611
77611
77612
77613
77614
77614
77615
77616
77616
77617
77618
77618
77619
77620
77621
77621
77622
77623
77623
77624
77625
77625
77626
77627
77628
77628
77629
77630
77630
77631
77632
77632
77633
77634
77635
77635
77636
77637
77637
77638
77639
77639
77640
77641
77642
77642
77643
77644
77644
77645
77646
77646
77647
77648
77649
77649
77650
77651
77651
77652
77653
77653
77654
77655
77656
77656
77657
77658
77658
77659
77660
77660
77661
77662
77663
77663
77664
77665
77665
77666
77667
77667
77668
77669
77670
77670
77671
77672
