79723
79724
79725
79725
79726
79727
79727
79728
79729
79729
79730
79731
79732
79732
79733
79734
79734
79735
79736
79736
79737
79738
79739
79739
79740
79741
79741
79742
79743
79743
79744
79745
79746
79746
79747
79748
79748
79749
79750
79750
79751
79752
79753
79753
79754
79755
79755
79756
79757
79757
79758
79759
79760
79760
79761
79762
79762
79763
79764
79764
79765
79766
79767
79767
79768
79769
79769
79770
79771
79771
79772
79773
79774
79774
79775
79776
79776
79777
79778
79778
79779
79780
79781
79781
79782
79783
79783
79784
79785
79785
79786
79787
79788
79788
79789
79790
79790
79791
79792
79792
79793
79794
79795
79795
79796
79797
79797
79798
79799
79799
79800
79801
79802
79802
79803
79804
79804
79805
79806
79806
79807
79808
79809
79809
79810
79811
79811
79812
79813
79813
79814
79815
79816
79816
79817
79818
79818
79819
79820
79820
79821
79822
79823
79823
79824
79825
79825
79826
79827
79827
79828
79829
79830
79830
79831
79832
79832
79833
79834
79834
79835
79836
79837
79837
79838
79839
79839
79840
79841
79841
79842
79843
79844
79844
79845
79846
79846
79847
79848
79848
79849
79850
79851
79851
79852
79853
79853
79854
79855
79855
79856
79857
79858
79858
79859
79860
79860
79861
79862
79862
79863
79864
