1495
1495.7
1496.4
1497.1
1497.8
1498.5
1499.2
1499.9
1500.6
1501.3
1502
1502.7
1503.4
1504.1
1504.8
1505.5
1506.2
1506.9
1507.6
1508.3
1509
1509.7
1510.4
1511.1
1511.8
1512.5
1513.2
1513.9
1514.6
1515.3
1516
1516.7
1517.4
1518.1
1518.8
1519.5
1520.2
1520.9
1521.6
1522.3
1523
1523.7
1524.4
1525.1
1525.8
1526.5
1527.2
1527.9
1528.6
1529.3
1530
1530.7
1531.4
1532.1
1532.8
1533.5
1534.2
1534.9
1535.6
1536.3
1537
1537.7
1538.4
1539.1
1539.8
1540.5
1541.2
1541.9
1542.6
1543.3
1544
1544.7
1545.4
1546.1
1546.8
1547.5
1548.2
1548.9
1549.6
1550.3
1551
1551.7
1552.4
1553.1
1553.8
1554.5
1555.2
1555.9
1556.6
1557.3
1558
1558.7
1559.4
1560.1
1560.8
1561.5
1562.2
1562.9
1563.6
1564.3
1565
1565.7
1566.4
1567.1
1567.8
1568.5
1569.2
1569.9
1570.6
1571.3
1572
1572.7
1573.4
1574.1
1574.8
1575.5
1576.2
1576.9
1577.6
1578.3
1579
1579.7
1580.4
1581.1
1581.8
1582.5
1583.2
1583.9
1584.6
1585.3
1586
1586.7
1587.4
1588.1
1588.8
1589.5
1590.2
1590.9
1591.6
1592.3
1593
1593.7
1594.4
1595.1
1595.8
1596.5
1597.2
1597.9
1598.6
1599.3
1600
1600.7
1601.4
1602.1
1602.8
1603.5
1604.2
1604.9
1605.6
1606.3
1607
1607.7
1608.4
1609.1
1609.8
1610.5
1611.2
1611.9
1612.6
1613.3
1614
1614.7
1615.4
1616.1
1616.8
1617.5
1618.2
1618.9
1619.6
1620.3
1621
1621.7
1622.4
1623.1
1623.8
1624.5
1625.2
1625.9
1626.6
1627.3
1628
1628.7
1629.4
1630.1
1630.8
1631.5
1632.2
1632.9
1633.6
1634.3
1635
1635.7
1636.4
1637.1
1637.8
1638.5
1639.2
1639.9
1640.6
1641.3
1642
1642.7
1643.4
1644.1
1644.8
1645.5
1646.2
1646.9
1647.6
1648.3
1649
1649.7
1650.4
1651.1
1651.8
1652.5
1653.2
1653.9
1654.6
1655.3
1656
1656.7
1657.4
1658.1
1658.8
1659.5
1660.2
1660.9
1661.6
1662.3
1663
1663.7
1664.4
1665.1
1665.8
1666.5
1667.2
1667.9
1668.6
1669.3
1670
1670.7
1671.4
1672.1
1672.8
1673.5
1674.2
1674.9
1675.6
1676.3
1677
1677.7
1678.4
1679.1
1679.8
1680.5
1681.2
1681.9
1682.6
1683.3
1684
1684.7
1685.4
1686.1
1686.8
1687.5
1688.2
1688.9
1689.6
1690.3
1691
1691.7
1692.4
1693.1
1693.8
1694.5
1695.2
1695.9
1696.6
1697.3
1698
1698.7
1699.4
1700.1
1700.8
1701.5
1702.2
1702.9
1703.6
1704.3
1705
1705.7
1706.4
1707.1
1707.8
1708.5
1709.2
1709.9
1710.6
1711.3
1712
1712.7
1713.4
1714.1
1714.8
1715.5
1716.2
1716.9
1717.6
1718.3
1719
1719.7
1720.4
1721.1
1721.8
1722.5
1723.2
1723.9
1724.6
1725.3
1726
1726.7
1727.4
1728.1
1728.8
1729.5
1730.2
1730.9
1731.6
1732.3
1733
1733.7
1734.4
1735.1
1735.8
1736.5
1737.2
1737.9
1738.6
1739.3
1740
1740.7
1741.4
1742.1
1742.8
1743.5
1744.2
1744.9
1745.6
1746.3
1747
1747.7
1748.4
1749.1
1749.8
1750.5
1751.2
1751.9
1752.6
1753.3
1754
1754.7
1755.4
1756.1
1756.8
1757.5
1758.2
1758.9
1759.6
1760.3
1761
1761.7
1762.4
1763.1
1763.8
1764.5
1765.2
1765.9
1766.6
1767.3
1768
1768.7
1769.4
1770.1
1770.8
1771.5
1772.2
1772.9
1773.6
1774.3
1775
1775.7
1776.4
1777.1
1777.8
1778.5
1779.2
1779.9
1780.6
1781.3
1782
1782.7
1783.4
1784.1
1784.8
1785.5
1786.2
1786.9
1787.6
1788.3
1789
1789.7
1790.4
1791.1
1791.8
1792.5
1793.2
1793.9
1794.6
1795.3
1796
1796.7
1797.4
1798.1
1798.8
1799.5
1800.2
1800.9
1801.6
1802.3
1803
1803.7
1804.4
1805.1
1805.8
1806.5
1807.2
1807.9
1808.6
1809.3
1810
1810.7
1811.4
1812.1
1812.8
1813.5
1814.2
1814.9
1815.6
1816.3
1817
1817.7
1818.4
1819.1
1819.8
1820.5
1821.2
1821.9
1822.6
1823.3
1824
1824.7
1825.4
1826.1
1826.8
1827.5
1828.2
1828.9
1829.6
1830.3
1831
1831.7
1832.4
1833.1
1833.8
1834.5
1835.2
1835.9
1836.6
1837.3
1838
1838.7
1839.4
1840.1
1840.8
1841.5
1842.2
1842.9
1843.6
1844.3
1845
1845.7
1846.4
1847.1
1847.8
1848.5
1849.2
1849.9
1850.6
1851.3
1852
1852.7
1853.4
1854.1
1854.8
1855.5
1856.2
1856.9
1857.6
1858.3
1859
1859.7
1860.4
1861.1
1861.8
1862.5
1863.2
1863.9
1864.6
1865.3
1866
1866.7
1867.4
1868.1
1868.8
1869.5
1870.2
1870.9
1871.6
1872.3
1873
1873.7
1874.4
1875.1
1875.8
1876.5
1877.2
1877.9
1878.6
1879.3
1880
1880.7
