0	0	0	0	0	0	0	0	0	0	0	0	0	0	0	0	0	0	0	0	0	0	0	0	0	0	0	0	0	0	0	0	0	0	0	0	0	0	0	0	0	0	0	0	0	0	0	0	0	0	0	0	0	0	0	0	0	0	0	0	0	0	0	0	0	0	0	0	0	0	0	0	0	0	0	0	0	0	0	0	0	0	0	0	0	0	0	0.93929	0.82699	1.2137	1.3742	1.5591	1.8671	1.5801	3.0389	4.4613	4.0679	2.4137	2.0966	1.488	1.6591	2.6063	1.5661	1.0049	0.60054	0.65578	0.3177	0.36239	0	0	0	0	0	0	0	0	0	0	0	0	0	0	0	0	0	0	0	0	0	0	0	0	0	0	0	0	0	0	0	0	0	0	0	0	0	0	0	0	0	0	0	0	0	0	0	0	0	0	0
0	0	0	0	0	0	0	0	0	0	0	0	0	0	0	0	0	0	0	0	0	0	0	0	0	0	0	0	0	0	0	0	0	0	0	0	0	0	0	0	0	0	0	0	0	0	0	0	0	0	0	0	0	0	0	0	0	0	0	0	0	0	0	0	0	0	0	0	0	0	0	0	0	0	0	0	0	0	0	0	0	0	0	0	0	0	0	0	1.7799	1.3518	1.059	1.0641	1.2917	1.3805	2.5377	2.3269	3.5639	2.6486	1.5453	3.7147	1.9551	2.8151	1.8671	0.95303	1.049	0.75602	0.52641	0.52083	0.92571	0.46513	0	0	0	0	0	0	0	0	0	0	0	0	0	0	0	0	0	0	0	0	0	0	0	0	0	0	0	0	0	0	0	0	0	0	0	0	0	0	0	0	0	0	0	0	0	0	0	0	0
0	0	0	0	0	0	0	0	0	0	0	0	0	0	0	0	0	0	0	0	0	0	0	0	0	0	0	0	0	0	0	0	0	0	0	0	0	0	0	0	0	0	0	0	0	0	0	0	0	0	0	0	0	0	0	0	0	0	0	0	0	0	0	0	0	0	0	0	0	0	0	0	0	0	0	0	0	0	0	0	0	0	0	0	0	0	0	0.70084	2.0573	2.1639	1.5247	1.6228	2.4308	2.3491	5.3178	5.0835	4.484	3.3035	2.4795	2.689	2.9667	3.1636	2.6266	1.0433	0.92571	0.7447	0.56394	0.5943	0.74096	0	0	0	0.74096	0	0	0	0	0	0	0	0	0	0	0	0	0	0	0	0	0	0	0	0	0	0	0	0	0	0	0	0	0	0	0	0	0	0	0	0	0	0	0	0	0	0	0	0	0	0
0	0	0	0	0	0	0	0	0	0	0	0	0	0	0	0	0	0	0	0	0	0	0	0	0	0	0	0	0	0	0	0	0	0	0	0	0	0	0	0	0	0	0	0	0	0	0	0	0	0	0	0	0	0	0	0	0	0	0	0	0	0	0	0	0	0	0	0	0	0	0	0	0	0	0	0	0	0	0	0	0	0	0	0	0	0	0	0.78298	2.07	2.7138	2.681	2.4287	2.9076	2.4591	2.6052	2.7575	4.82	5.4579	3.2211	2.7902	1.8975	2.2846	4.9699	1.5122	1.2771	1.5315	1.2024	0.68321	0.37911	0.27772	0	0	0.38125	0.22363	0	0	0	0	0	0	0	0	0	0	0	0	0	0	0	0	0	0	0	0	0	0	0	0	0	0	0	0	0	0	0	0	0	0	0	0	0	0	0	0	0	0	0	0	0
0	0	0	0	0	0	0	0	0	0	0	0	0	0	0	0	0	0	0	0	0	0	0	0	0	0	0	0	0	0	0	0	0	0	0	0	0	0	0	0	0	0	0	0	0	0	0	0	0	0	0	0	0	0	0	0	0	0	0	0	0	0	0	0	0	0	0	0	0	0	0	0	0	0	0	0	0	0	0	0	0	0	0	0	0.74096	0	0	0.24795	0.79479	1.6228	2.0436	2.6594	2.2813	2.5326	3.0511	2.9076	2.3102	4.2636	4.0581	3.2775	2.2751	2.6159	4.2476	4.6144	2.4795	1.4511	1.4446	1.0384	0.47277	0.47277	0.41913	0.46261	0	0	0	0	0	0	0	0	0	0	0	0	0	0	0	0	0	0	0	0	0	0	0	0	0	0	0	0	0	0	0	0	0	0	0	0	0	0	0	0	0	0	0	0	0	0	0
0	0	0	0	0	0	0	0	0	0	0	0	0	0	0	0	0	0	0	0	0	0	0	0	0	0	0	0	0	0	0	0	0	0	0	0	0	0	0	0	0	0	0	0	0	0	0	0	0	0	0	0	0	0	0	0	0	0	0	0	0	0	0	0	0	0	0	0	0	0	0	0	0	0	0	0	0	0	0	0	0	0	0	0	0.47021	0.43085	0	0	0.5943	3.7764	2.0524	3.0511	4.1491	2.7585	3.0238	3.3189	2.8325	2.9429	3.5082	2.401	4.358	6.195	8.1451	5.3757	5.7575	2.7923	2.6374	1.438	0.64573	0.64573	0.60683	0.42613	0	0	0	0	0	0	0	0	0	0	0	0	0	0	0	0	0	0	0	0	0	0	0	0	0	0	0	0	0	0	0	0	0	0	0	0	0	0	0	0	0	0	0	0	0	0	0
0	0	0	0	0	0	0	0	0	0	0	0	0	0	0	0	0	0	0	0	0	0	0	0	0	0	0	0	0	0	0	0	0	0	0	0	0	0	0	0	0	0	0	0	0	0	0	0	0	0	0	0	0	0	0	0	0	0	0	0	0	0	0	0	0	0	0	0	0	0	0	0	0	0	0	0	0	0	0	0	0	0	0	0	0.28435	0.26961	0.45511	0.9763	1.8652	1.8112	2.2376	3.3015	3.1583	3.5646	3.226	2.7362	3.6151	2.401	2.8959	3.226	2.9803	10.998	7.4842	9.5134	7.9372	6.9428	8.7121	5.0173	3.9055	1.6736	0.38125	0.26014	0	0	0	0	0	0	0	0	0	0	0	0	0	0	0	0	0	0	0	0	0	0	0	0	0	0	0	0	0	0	0	0	0	0	0	0	0	0	0	0	0	0	0	0	0	0	0
0	0	0	0	0	0	0	0	0	0	0	0	0	0	0	0	0	0	0	0	0	0	0	0	0	0	0	0	0	0	0	0	0	0	0	0	0	0	0	0	0	0	0	0	0	0	0	0	0	0	0	0	0	0	0	0	0	0.58565	0	0	0	0	0	0.34483	0	0	0	0	0	0	0	0	0	0	0	0	0	0	0	0	0	0	0	0	0	0.22363	0	0.28603	1.0896	0.90345	1.4122	1.681	2.4648	3.1583	4.4949	3.5731	2.9525	2.9064	3.2665	3.2795	3.9516	2.9263	2.725	4.0223	1.5708	7.5607	12.581	12.818	9.5748	3.7401	1.9887	0.22777	0	0	0	0	0	0	0	0	0	0	0	0	0	0	0	0	0	0	0	0	0	0	0	0	0	0	0	0	0	0	0	0	0	0	0	0	0	0	0	0	0	0	0	0	0	0	0
0	0	0	0	0	0	0	0	0	0	0	0	0	0	0	0	0	0	0	0	0	0	0	0	0	0	0	0	0	0	0	0	0	0	0	0	0	0	0	0	0	0	0	0	0	0	0	0	0	0	0	0	0	0	0	0	0.21192	0.51604	0	0	0	0	0	0	0	0	0	0	0	0	0	0	0	0	0	0	0	0	0	0	0	0	0	0	0	0.36444	0	0	0.94385	0.76364	0.93502	1.6738	1.5661	2.6594	3.5646	6.7461	4.6417	3.426	3.7047	3.9028	3.2535	4.1842	3.0511	3.8686	6.5168	8.338	6.2442	10.511	10.302	5.5272	3.7726	0.61957	0	0	0	0	0	0	0	0	0	0	0	0	0	0	0	0	0	0	0	0	0	0	0	0	0	0	0	0	0	0	0	0	0	0	0	0	0	0	0	0	0	0	0	0	0	0	0
0	0	0	0	0	0	0	0	0	0	0	0	0	0	0	0	0	0	0	0	0	0	0	0	0	0	0	0	0	0	0	0	0	0	0	0	0	0	0	0	0	0	0	0	0	0	0	0	0	0	0	0	0	0	0	0	0	0	0	0	0	0	0	0	0	0	0	0	0	0	0	0	0	0	0	0	0	0	0	0	0	0	0	0	0	0.53204	0.37699	0	0.78298	1.0145	1.7255	2.4898	2.5483	2.3422	4.28	7.6276	5.9196	4.6111	5.2522	4.9887	5.483	3.7435	4.7188	3.1088	4.7364	4.845	4.5609	6.0518	8.9478	6.0164	5.1579	1.1692	0	0	0.19884	0.17527	0	0	0	0	0	0	0	0	0	0	0	0	0	0	0	0	0	0	0	0	0	0	0	0	0	0	0	0	0	0	0	0	0	0	0	0	0	0	0	0	0	0	0
0	0	0	0	0	0	0	0	0	0	0	0	0	0	0	0	0	0	0	0	0	0	0	0	0	0	0	0	0	0	0	0	0	0	0	0	0	0	0	0	0	0	0	0	0	0	0	0	0	0	0	0	0	0	0	0	0	0	0	0	0	0	0	0	0	0	0	0	0	0	0	0	0	0	0	0	0	0	0	0	0	0	0	0	0.37487	0.52922	0.8229	0.53773	0.71521	0.77908	1.4775	1.7877	2.5017	5.1671	4.2158	8.0175	6.6331	3.758	5.7423	5.6565	4.7416	4.952	4.845	4.3769	3.7189	4.8914	4.8914	1.4678	5.2657	5.7575	1.7714	3.2405	0.2209	0.16976	0	0	0	0	0	0	0	0	0	0	0	0	0	0	0	0	0	0	0	0	0	0	0	0	0	0	0	0	0	0	0	0	0	0	0	0	0	0	0	0	0	0	0	0	0
0	0	0	0	0	0	0	0	0	0	0	0	0	0	0	0	0	0	0	0	0	0	0	0	0	0	0	0	0	0	0	0	0	0	0	0	0	0	0	0	0	0	0	0	0	0	0	0	0	0	0	0	0	0	0	0	0	0	0	0	0	0	0	0	0	0	0	0	0	0	0	0	0	0	0	0	0	0	0	0	0	0	0	0	0	0.71521	1.5731	0.99502	0.56394	0.75602	1.4909	1.8915	1.7877	2.714	5.3266	8.4189	7.7758	4.4949	5.6487	4.4949	3.9813	4.5609	5.5876	4.5118	4.5692	3.8165	4.0905	6.5168	10.694	8.8304	7.5192	4.1996	6.1165	0.76364	0.73352	0.28102	0	0	0	0	0	0	0	0	0	0	0	0	0	0	0	0	0	0	0	0	0	0	0	0	0	0	0	0	0	0	0	0	0	0	0	0	0	0	0	0	0	0	0
0	0	0	0	0	0	0	0	0	0	0	0	0	0	0	0	0	0	0	0	0	0	0	0	0	0	0	0	0	0	0	0	0	0	0	0	0	0	0	0	0	0	0	0	0	0	0	0	0	0	0	0	0	0	0	0	0	0	0.32575	0	0	0	1.0741	0.9584	0.50146	0	0	0	0	0	0	0	0	0	0	0	0	0	0	0	0	0	0	0	0	0.93415	0.804	0.49858	0.74967	0.97974	1.3465	1.0679	1.774	2.6013	2.4962	5.5392	3.7709	3.2675	3.4558	3.5026	2.9331	3.9719	4.5171	2.9625	3.2767	5.2501	3.5217	3.8658	5.0327	4.3994	6.3377	5.1413	2.8538	1.5318	1.9688	0.68472	0	0	0	0	0	0	0	0	0	0	0	0	0	0	0	0	0	0	0	0	0	0	0	0	0	0	0	0	0	0	0	0	0	0	0	0	0	0	0	0	0	0	0
0	0	0	0	0	0	0	0	0	0	0	0	0	0	0	0	0	0	0	0	0	0	0	0	0	0	0	0	0	0	0	0	0	0	0	0	0	0	0	0	0	0	0	0	0	0	0	0	0	0	0	0	0	0	0	0	0	0	1.2122	0	0	0	1.7335	0.84033	0.28572	0	0	0	0	0	0	0	0	0	0	0	0	0	0	0	0	0	0	0	0	0.84786	0.95631	0.50527	0.68702	0.7635	1.5743	1.1805	1.0622	0.96264	1.6341	4.302	5.7844	4.4846	3.1842	3.3271	2.7777	3.1639	2.9332	2.3744	3.0152	5.244	4.3661	4.605	1.4677	1.9666	4.9872	5.6789	3.9346	3.9957	4.3352	1.1951	0	0.31495	0	0	0	0	0	0	0	0	0	0	0	0	0	0	0	0	0	0	0	0	0	0	0	0	0	0	0	0	0	0	0	0	0	0	0	0	0	0	0	0	0
0	0	0	0	0	0	0	0	0	0	0	0	0	0	0	0	0	0	0	0	0	0	0	0	0	0	0	0	0	0	0	0	0	0	0	0	0	0	0	0	0	0	0	0	0	0	0	0	0	0	0	0	0	0	0.6964	0.51949	0	0	0.73283	0.60131	0	0	0	1.2539	0.63438	0	0	0	0	0	0	0	0	0	0	0	0	0	0	0	0	0	0	0	0	1.3016	1.4208	1.0375	0.39111	0.51823	1.5684	1.4268	2.1283	2.2167	1.837	4.088	6.3719	3.915	4.01	2.3234	3.5044	3.1331	3.7527	4.0937	3.1903	5.1952	6.9167	8.0141	5.7017	4.4271	4.774	6.2258	4.9027	6.0026	4.9113	1.7469	0.39158	0	0	0	0	0	0	0	0	0	0	0	0	0	0	0	0	0	0	0	0	0	0	0	0	0	0	0	0	0	0	0	0	0	0	0	0	0	0	0	0	0	0
0	0	0	0	0	0	0	0	0	0	0	0	0	0	0	0	0	0	0	0	0	0	0	0	0	0	0	0	0	0	0	0	0	0	0	0	0	0	0	0	0	0	0	0	0	0	0	0	0	0	0	0	0	0	1.2761	0.62503	0	0	0.47884	0.28185	0	0	0.62961	0.83645	0	0	0	0	0	0	0	0	0	0	0	0	0	0	0	0	0	0	0	0	0.40379	0.79427	1.3271	0.95401	0.60278	0.48671	0.97051	0.99853	1.9386	1.9673	2.0718	2.702	5.3412	4.8752	3.5044	3.0186	2.9062	3.072	2.4601	2.6029	2.8475	4.4741	6.1135	7.0306	6.569	4.7125	4.7761	5.2923	6.0335	8.2424	7.3003	1.7906	0.22787	0	0	0	0	0	0	0	0	0	0	0	0	0	0	0	0	0	0	0	0	0	0	0	0	0	0	0	0	0	0	0	0	0	0	0	0	0	0	0	0	0	0
0	0	0	0	0	0	0	0	0	0	0	0	0	0	0	0	0	0	0	0	0	0	0	0	0	0	0	0	0	0	0	0	0	0	0	0	0	0	0	0	0	0	0	0	0	0	0	0	0	0	0	0	0	0	2.5049	1.76	0.9355	0	1.0937	1.2846	0	0	0	0.37501	0	0	0	0	0	0	0	0	0	0	0	0	0	0	0	0	0	0	0	0	0.34578	1.3826	0.80059	0.68365	0.54761	0	0.55809	0.56107	1.8099	1.9406	2.5431	1.7645	3.3903	3.6201	2.03	2.7684	4.3241	3.8252	6.5198	3.9471	2.1689	2.0142	3.8946	9.2667	7.0041	5.4543	4.9229	4.9343	5.6451	6.1484	3.982	3.164	0.51982	0.27972	0	0	0.25214	0	0.24499	0	0	0	0	0	0	0	0	0	0	0	0	0	0	0	0	0	0	0	0	0	0	0	0	0	0	0	0	0	0	0	0	0	0	0	0
0	0	0	0	0	0	0	0	0	0	0	0	0	0	0	0	0	0	0	0	0	0	0	0	0	0	0	0	0	0	0	0	0	0	0	0	0	0	0	0	0	0	0	0	0	0	0	0	0	0	0	0	0	0	0.43567	2.0946	0.70008	0	0	0.43505	0	0	0.35848	0	0	0	0	0	0	0	0	0	0	0	0	0	0	0	0	0	0	0	0	0	0.25372	0.55946	0.73856	0.46367	0.44615	0	0.72393	1.9076	2.6588	2.8533	2.2035	2.1971	3.4279	2.5834	3.1751	3.3121	4.4327	3.6863	4.3918	3.8377	1.5165	3.2932	3.6601	4.288	1.2038	5.3287	3.3936	2.9143	4.0293	4.1022	5.2942	4.2922	1.1166	0.31047	0	0.23278	0.22212	0.22075	0	0	0	0	0	0.32021	0	0	0	0	0	0	0	0	0	0	0	0	0	0	0	0	0	0	0	0	0	0	0	0	0	0	0	0	0	0	0
0	0	0	0	0	0	0	0	0	0	0	0	0	0	0	0	0	0	0	0	0	0	0	0	0	0	0	0	0	0	0	0	0	0	0	0	0	0	0	0	0	0	0	0	0	0	0	0	0	0	0	0	0	0	0.77726	0.76213	0.47367	0	0	0	0	0	0.71381	0.32065	0	0	0	0	0	0	0	0	0	0	0	0	0	0	0	0	0	0	0	0	0	0.28147	0.49603	0.2261	0	0	0.48487	1.6992	4.0346	2.7411	3.7013	3.5557	3.9045	3.0843	3.8916	3.9588	3.7856	3.707	4.4771	3.3208	2.4046	3.0095	1.8915	3.5577	6.3973	3.5378	3.3196	3.9357	3.2476	4.9879	5.1531	2.7662	1.2907	0.44605	0.20145	0.22747	0.28381	0.28282	0.23609	0	0.42635	0.20329	0.26054	0	0	0	0	0	0	0.20425	0.34643	0	0	0	0	0	0	0	0	0	0	0	0	0	0	0	0	0	0	0	0	0	0	0	0
0	0	0	0	0	0	0	0	0	0	0	0	0	0	0	0	0	0	0	0	0	0	0	0	0	0	0	0	0	0	0	0	0	0	0	0	0	0	0	0	0	0	0	0	0	0	0	0	0	0	0	0	0	0	0.32462	1.165	0.36353	0	0	0	0	0.35295	0.37909	0.27658	0	0	0	0	0	0	0	0	0	0	0	0	0	0	0	0	0	0	0	0	0	0	0	0	0	0.91834	0.85089	1.8108	4.3723	3.9807	3.8313	5.4925	4.6136	4.0562	5.0012	4.907	4.0993	4.3218	5.3431	5.2181	2.9922	3.4153	1.4066	3.6455	3.7435	3.3404	4.913	4.0848	2.0065	2.9057	4.9383	5.0084	2.6735	0.40093	0	0	0	0	0	0	0	0	0	0	0	0	0	0	0	0	0	0	0	0	0	0	0	0	0	0	0	0	0	0	0	0	0	0	0	0	0	0	0	0	0
0	0	0	0	0	0	0	0	0	0	0	0	0	0	0	0	0	0	0	0	0	0	0	0	0	0	0	0	0	0	0	0	0	0	0	0	0	0	0	0	0	0	0	0	0	0	0	0	0	0	0	0	0	0	0	0.95961	0.72757	0	0	0	0	0.60619	0.64483	0.27648	0	0	0	0	0.4679	0	0	0	0	1.5307	0	0	0	0	0	0	0	0	0	0	0	0.28943	0.22786	0.51622	1.2759	3.0566	3.6278	3.3423	3.6905	3.7343	3.5317	4.172	4.1822	4.1187	4.2203	4.7948	4.3945	3.5159	3.5591	3.8077	2.6284	3.5637	3.8225	4.3946	4.2951	3.6661	3.1169	3.7356	3.1316	2.1469	3.1871	4.4815	2.9123	0.5313	0	0	0	0	0	0	0	0	0	0	0	0	0	0	0	0	0	0	0	0	0	0	0	0	0	0	0	0	0	0	0	0	0	0	0	0	0	0	0	0	0
0	0	0	0	0	0	0	0	0	0	0	0	0	0	0	0	0	0	0	0	0	0	0	0	0	0	0	0	0	0	0	0	0	0	0	0	0	0	0	0	0	0	0	0	0	0	0	0	0	0	0	0	0	0	0	1.1478	0	0	0	0	0	0	0	0	0	0	0	0	0.73565	0	0	0	0	0	0	0	0	0	0	0	0	0	0	0	0.84759	0.59727	1.4155	1.745	3.4312	3.3899	3.3875	2.173	2.2244	3.0946	3.1106	3.8316	3.9651	3.1733	3.2012	3.4344	2.5102	3.0072	3.1174	2.8782	2.1768	1.795	4.2318	3.0456	4.0532	3.4048	3.1105	3.1595	2.6919	2.6934	4.0015	3.5761	4.3309	0.73535	0	0	0	0	0	0	0	0	0	0	0	0	0	0	0	0	0	0	0	0	0	0	0	0	0	0	0	0	0	0	0	0	0	0	0	0	0	0	0	0	0
0	0	0	0	0	0	0	0	0	0	0	0	0	0	0	0	0	0	0	0	0	0	0	0	0	0	0	0	0	0	0	0	0	0	0	0	0	0	0	0	0	0	0	0	0	0	0	0	0	0	0	0	0	0	0.34149	2.3159	1.2155	0	0	0	0	0	0	0	0	0	0	0	0	0.47498	0.41538	0	0	0	0.927	0.43512	0	0	0	0	0	0	0.40505	0.71712	2.5404	2.0331	3.9138	1.9369	3.2562	2.8676	1.719	2.6556	2.3558	3.9977	4.4905	3.9052	4.6748	2.5339	2.5779	2.1389	1.874	3.2381	2.7768	3.057	1.0366	3.011	2.1807	6.9518	9.2368	4.026	4.5596	4.5173	4.2284	3.6554	3.1965	3.0101	2.6974	0.91742	0	0	0	0	0	0	0	0	0	0	0	0	0	0	0	0	0	0	0	0	0	0	0	0	0	0	0	0	0	0	0	0	0	0	0	0	0	0	0	0	0
0	0	0	0	0	0	0	0	0	0	0	0	0	0	0	0	0	0	0	0	0	0	0	0	0	0	0	0	0	0	0	0	0	0	0	0	0	0	0	0	0	0	0	0	0	0	0	0	0	0	0	0	0	0	0	0.65176	0.87103	0.42738	0	0	0	0	0	0	0	0	0	0	0	0.15609	0.50822	0.33582	0	0	0	0.47066	0	0.31373	0.72988	0.88349	0.91487	1.0183	3.0762	3.7135	6.0907	3.7873	3.3367	3.9813	4.1839	1.993	1.8	2.2152	3.0818	3.7842	3.5592	2.6597	3.1002	3.0779	2.4866	1.9285	2.5146	3.1492	4.9545	2.9695	1.0392	2.7224	2.1834	3.8628	2.256	4.3622	3.4007	4.0671	3.4371	2.8634	3.9602	3.098	2.9208	1.1411	0.42405	0	0	0	0	0	0	0	0	0	0	0	0	0	0	0	0	0	0	0	0	0	0	0	0	0	0	0	0	0	0	0	0	0	0	0	0	0	0	0	0
0	0	0	0	0	0	0	0	0	0	0	0	0	0	0	0	0	0	0	0	0	0	0	0	0	0	0	0	0	0	0	0	0	0	0	0	0	0	0	0	0	0	0	0	0	0	0	0	0	0	0	0	0	0.81407	0	0.7199	0.63429	0.74353	0.24718	0	0	0	0	0	0	0	0	0	0	0	0.34164	1.0772	0.37278	0	0.56186	1.5794	1.7567	2.2793	4.0212	3.617	4.4644	4.7614	4.0602	4.4899	5.8292	6.1432	3.2708	2.6999	2.9027	1.4834	2.5249	2.8785	2.8889	3.4518	3.4396	4.0336	3.8727	3.1939	2.7636	2.7932	2.4515	2.8466	2.0604	2.7674	6.9495	3.4725	3.4882	2.0954	3.4324	4.4733	3.577	2.8932	2.6746	3.1672	3.5797	3.7234	4.6114	3.3773	0.83384	0	0	0	0	0	0	0	0	0	0	0	0	0	0	0	0	0	0	0	0	0	0	0	0	0	0	0	0	0	0	0	0	0	0	0	0	0	0	0	0
0	0	0	0	0	0	0	0	0	0	0	0	0	0	0	0	0	0	0	0	0	0	0	0	0	0	0	0	0	0	0	0	0	0	0	0	0	0	0	0	0	0	0	0	0	0	0	0	0	0	0	0	0	0.48686	0	0.78266	0.42766	0.20893	0	0	0	0	0	0	0	0	0	0	0	0	0.29827	0.47238	0.31013	0.26594	0	0.89085	2.3545	4.2447	7.0946	5.9001	6.0165	7.7628	4.8268	2.6836	2.0701	1.1157	1.9412	2.9362	2.26	2.1818	2.0916	2.5341	2.8705	3.3999	3.9866	4.0395	2.9882	2.2434	2.7083	3.0187	3.5215	2.3473	3.0101	3.1947	1.0352	5.0309	1.7626	1.5802	1.418	4.4318	3.6776	4.1408	4.9487	2.7407	3.1888	4.8176	5.1571	4.4453	2.1147	0.50621	0	0	0	0	0	0	0	0	0	0	0	0	0	0	0	0	0	0	0	0	0	0	0	0	0	0	0	0	0	0	0	0	0	0	0	0	0	0	0
0	0	0	0	0	0	0	0	0	0	0	0	0	0	0	0	0	0	0	0	0	0	0	0	0	0	0	0	0	0	0	0	0	0	0	0	0	0	0	0	0	0	0	0	0	0	0	0	0	0	0	0	0	0	0	0	1.5895	0.66662	0	0	0	0	0	0	0	0	0.26594	0	0	0	0	0	0.23592	0.26339	0	0	0.92976	1.2273	1.6651	1.3635	3.8706	2.1173	1.3694	1.1845	1.4835	1.3952	2.4431	2.8282	3.9998	3.738	3.4596	3.7676	2.9812	3.9707	3.769	3.631	4.6168	2.7505	3.2037	2.9233	3.5009	3.0187	1.6611	2.5913	1.6738	2.4222	0.9226	1.1378	2.2552	5.837	2.9865	3.381	4.0009	2.9684	3.7639	5.2366	5.5674	6.1965	3.155	1.2354	0.21432	0	0	0	0	0	0	0	0	0	0	0	0	0	0	0	0	0	0	0	0	0	0	0	0	0	0	0	0	0	0	0	0	0	0	0	0	0	0
0	0	0	0	0	0	0	0	0	0	0	0	0	0	0	0	0	0	0	0	0	0	0	0	0	0	0	0	0	0	0	0	0	0	0	0	0	0	0	0	0	0	0	0	0	0	0	0	0	0	0	0.83521	0.53811	1.0497	0	0.37934	0	0.79799	0	0	0	0	0	0	0	0	0	0.5135	0	0	0	0	0	0	0	0.19373	0	0	0	0.40841	1.1183	1.3411	0.98035	0.76266	1.4115	0.93391	4.3824	3.6371	4.58	4.1288	3.9595	4.1705	3.1993	2.3533	3.1561	3.9322	5.0988	3.2266	3.8374	3.2096	4.1944	3.719	2.9171	2.4937	3.142	1.4876	3.8788	0.93117	1.7894	5.0218	3.2111	3.2814	3.2291	3.4381	2.8547	4.1459	7.857	6.563	4.4599	2.3155	0.60932	0	0	0	0	0	0	0	0	0	0	0	0	0	0	0	0	0	0	0	0	0	0	0	0	0	0	0	0	0	0	0	0	0	0	0	0	0	0
0	0	0	0	0	0	0	0	0	0	0	0	0	0	0	0	0	0	0	0	0	0	0	0	0	0	0	0	0	0	0	0	0	0	0	0	0	0	0	0	0	0	0	0	0	0	0	0	0	0	0	0	3.1225	0.40968	0.30868	2.2899	1.1677	0.60752	0	0	0	0	0	0	0	0	0	0	0	0	0	0	0	0	0	0	0	0	0	0	0	0.50105	1.0305	1.5226	1.1602	2.25	2.6051	4.9855	5.2014	3.5112	4.0302	4.7622	4.1157	3.9052	4.8042	4.1753	3.7622	4.8451	5.1311	4.0951	5.541	1.8322	0.9656	0.7485	0.62899	0.76943	0.97679	0.8042	0.87299	1.6995	3.9718	2.7961	3.8309	3.107	2.6894	4.5096	6.9428	8.0856	5.0246	1.4033	0.5313	0	0	0	0	0	0	0	0	0	0	0	0	0	0	0	0	0	0	0	0	0	0	0	0	0	0	0	0	0	0	0	0	0	0	0	0	0	0
0	0	0	0	0	0	0	0	0	0	0	0	0	0	0	0	0	0	0	0	0	0	0	0	0	0	0	0	0	0	0	0	0	0	0	0	0	0	0	0	0	0	0	0	0	0	0	0	0	0	0	0	1.879	0	0.91689	4.0406	1.319	0.40652	0	0	0	0	0	0	1.5327	0	0	0	0	0	0	0	0	0	0	0	0.17948	0.27169	0	0	0	0	0.60395	0.73674	1.1394	1.8672	3.7799	4.0436	2.4177	1.8094	5.7298	1.9976	4.68	4.1514	4.5394	4.9761	4.2772	5.2459	1.0987	1.0537	2.0984	1.3736	0.86945	1.1042	0.75387	0.80406	1.4237	1.3245	0.78753	1.2207	1.8204	4.5679	3.4894	2.8658	3.1865	0.74846	3.9633	2.4832	4.1118	1.1269	1.3275	0.7596	0.56649	0.59688	0	0	0	0	0	0	0	0	0	0	0	0	0	0	0	0	0	0	0	0	0	0	0	0	0	0	0	0	0	0	0	0	0	0	0
0	0	0	0	0	0	0	0	0	0	0	0	0	0	0	0	0	0	0	0	0	0	0	0	0	0	0	0	0	0	0	0	0	0	0	0	0	0	0	0	0	0	0	0	0	0	0	0	0	0	0	0	0.54078	1.376	1.5991	5.9027	0.78178	0.44248	0	0	0	0	0	0	0	0	0.60675	0	0	0	0	0	0	0.25719	0	0	0	0.29283	0.42576	0	0	0	0	0	0.53488	0.80082	2.446	1.4539	5.4436	5.0392	5.8544	6.7827	3.2686	2.4326	3.4946	6.3917	6.0843	1.1697	1.4493	1.1095	0.79585	1.792	3.3181	2.7019	2.4911	0.18148	0.4914	2.8335	2.7375	0.63943	4.1406	3.1576	3.6545	0.7675	0.78157	1.2907	2.9571	1.8641	2.2833	2.0462	3.8189	3.287	1.6833	0.36849	0.33834	0.29132	0.37269	0	0.20329	0	0	0.19141	0	0	0	0	0	0	0	0	0	0	0	0	0	0	0	0	0	0	0	0	0	0	0	0	0	0	0
0	0	0	0	0	0	0	0	0	0	0	0	0	0	0	0	0	0	0	0	0	0	0	0	0	0	0	0	0	0	0	0	0	0	0	0	0	0	0	0	0	0	0	0	0	0	0	0	0	0	0	0	0	2.5948	1.7901	4.1791	5.3898	1.7301	0	0	0	0.64625	0	0	0	0	0	0	0.4127	0	0	0	0	0	0	0	0	0.50862	0.49605	0.28855	0.56469	0	0	0	0.8648	1.7258	2.8448	4.8442	5.678	4.2579	3.8553	5.3207	2.4465	1.5981	6.706	4.4466	6.0965	5.0437	7.4767	1.6288	1.494	1.7114	1.1448	0.87988	1.6991	0.61781	2.1026	1.3938	0.7125	1.0993	1.1986	2.5028	2.7026	3.2864	3.2364	4.7132	5.0881	3.1288	2.4189	2.5028	5.4155	4.928	3.989	0.8739	1.2017	0.83432	0.25882	0.20257	0.24482	0.2105	0.37184	0.21721	0.29666	0	0	0.30283	0	0	0	0	0	0	0	0	0	0	0	0	0	0	0	0	0	0	0	0	0	0	0
0	0	0	0	0	0	0	0	0	0	0	0	0	0	0	0	0	0	0	0	0	0	0	0	0	0	0	0	0	0	0	0	0	0	0	0	0	0	0	0	0	0	0	0	0	0	0	0	0	0	0	0	0	0.35084	0.73579	1.4745	1.8513	1.0162	0	0	0	0	0	0	0	0	0	1.0445	0.62776	0	0	0	0	0	0	0	0	0	0.4861	0.61307	0.89383	0.31386	0	0	1.0125	1.1726	1.9101	2.2158	1.9866	0.91225	4.9693	3.99	2.5937	2.6265	1.4292	2.2352	2.461	1.6452	2.5528	1.9234	1.5834	1.4526	1.8641	1.0936	0.97382	1.0329	0.77937	0.60361	1.6606	2.0654	2.5314	1.9579	2.268	2.4046	1.0416	3.2864	3.9774	2.5144	2.5566	3.5787	2.2459	4.9467	2.7247	1.4557	1.1737	1.024	0.29075	0	0.22712	0	0.25298	0	0	0.19324	0	0	0	0	0	0	0	0	0	0	0	0	0	0	0	0	0	0	0	0	0	0	0	0	0
0	0	0	0	0	0	0	0	0	0	0	0	0	0	0	0	0	0	0	0	0	0	0	0	0	0	0	0	0	0	0	0	0	0	0	0	0	0	0	0	0	0	0	0	0	0	0	0	0	0	0	0	0	0	0	0.49872	0	0	0	0	0	0	0	0	0.54761	0.30456	0.29827	0.47884	0	0	0	0	0	0	0	0	0	0	0.34273	0.86195	0.47847	0	0	0.34565	0.47693	0.92445	1.4712	1.9849	1.0165	1.0581	1.5375	1.1819	1.8729	2.866	1.1461	0.90481	1.1173	1.3652	1.5989	1.5474	1.3098	1.0497	0.97535	1.4885	1.5974	0.4742	1.047	0.928	0.55478	0.69523	1.391	1.5697	1.3647	1.2079	1.6118	2.4509	1.1669	2.7073	3.3629	1.5814	6.0278	5.1556	2.121	0.7656	2.732	1.3761	0.78804	0.22397	0.32877	0	0	0	0	0	0	0	0	0	0	0	0	0	0	0	0	0	0	0	0	0	0	0	0	0	0	0	0	0	0
0	0	0	0	0	0	0	0	0	0	0	0	0	0	0	0	0	0	0	0	0	0	0	0	0	0	0	0	0	0	0	0	0	0	0	0	0	0	0	0	0	0	0	0	0	0	0	0	0	0	0	0	0	0	0	0.71843	0	0	0	0	0	0	0	0	0.75914	0.52299	0	0.44709	0.982	0.89958	0.77909	0	0	0	0	0	0	0	0	0.49302	0.56627	0.26115	0	0	0.40545	0.39839	0.4565	1.7488	2.789	1.2777	1.0425	1.5133	1.4944	1.5535	1.4481	1.4229	1.119	1.1426	1.31	1.1153	1.6812	1.0724	1.1839	1.4689	0.90398	1.3068	1.7008	1.1644	0.83176	1.0058	0.91677	0.5061	1.1473	1.4806	1.0422	1.5797	2.4307	1.7822	1.4259	1.8298	5.6138	2.6295	2.4226	2.6624	2.1992	1.636	0.88499	0.47598	0.17325	0.2653	0.2401	0.1677	0	0	0	0	0	0	0	0	0	0	0	0	0	0	0	0	0	0	0	0	0	0	0	0	0	0	0
0	0	0	0	0	0	0	0	0	0	0	0	0	0	0	0	0	0	0	0	0	0	0	0	0	0	0	0	0	0	0	0	0	0	0	0	0	0	0	0	0	0	0	0	0	0	0	0	0	0	0	0	0	0	0	0	0	0	0	0	0	0	0	0.82555	0.38669	0.39846	0.71407	0	0.97937	0	0.6963	0	0	0	0	0	0	0	0	0	0	0	0	0	0.45313	0.61781	1.4125	1.046	1.0959	1.0472	0.68195	1.8252	1.646	1.2672	1.2729	2.1012	1.0056	1.3904	1.1692	1.1622	0.90584	1.0762	1.1275	1.139	0.92459	1.1043	0.84869	0.62002	1.1976	0.97815	0.75788	0.81075	0.99802	1.0662	0.96629	1.2497	1.3211	2.0727	0.88378	1.76	1.4433	1.7199	1.8731	1.2344	2.2712	1.7774	0.49238	0.40189	0.20865	0	0	0	0	0	0	0	0	0	0	0	0	0	0	0	0	0	0	0	0	0	0	0	0	0	0	0	0	0	0
0	0	0	0	0	0	0	0	0	0	0	0	0	0	0	0	0	0	0	0	0	0	0	0	0	0	0	0	0	0	0	0	0	0	0	0	0	0	0	0	0	0	0	0	0	0	0	0	0	0	0	0	0	0	0	0	0	0	0	0	0	0	0	0	0.44039	0.60474	0	0	0.61368	0.72072	0.50437	0.69159	0.44812	0	0	0	0	0	0	0	0	0	0	0.19273	0.24851	0.50382	1.4325	1.0933	1.1552	1.9727	0.4908	1.1468	1.2424	2.0276	1.0307	0.97699	1.0624	1.0733	0.99719	0.97684	0.9187	0.87502	0.88955	0.73303	0.91561	0.90571	1.1095	0.84331	0.77282	0.79875	0.78276	0.67326	0.91739	0.90904	1.4044	0.76872	1.5158	1.2213	2.8194	1.343	1.4995	1.3613	1.2514	1.5133	1.3305	1.1258	1.1383	0.67769	0	0	0	0	0	0	0	0	0	0	0	0	0	0	0	0	0	0	0	0	0	0	0	0	0	0	0	0	0	0	0
0	0	0	0	0	0	0	0	0	0	0	0	0	0	0	0	0	0	0	0	0	0	0	0	0	0	0	0	0	0	0	0	0	0	0	0	0	0	0	0	0	0	0	0	0	0	0	0	0	0	0	0	0	0	0	0	0	0	0	0	0	0	0	0	0.1722	0	0	0	0.1844	0	0.30683	0.51805	0	0	0	0	0	0	0.20901	0	0	0	0	0	0	0.75223	1.0292	0.80274	0.73352	1.5807	0.79875	2.1279	1.1422	1.0742	1.2137	1.0691	0.81075	1.1368	0.98101	0.62928	1.2058	0.62928	0.64573	0.95764	1.2307	1.3035	0.62279	0.78298	0.77133	1.2364	0.89467	0.87807	1.0641	0.75602	0.89095	1.5947	1.9385	2.3519	2.3519	3.0511	1.7186	2.8027	1.8813	1.4577	0.9763	0.71159	1.6373	0.20769	0	0	0	0	0	0	0.34431	0	0	0	0	0	0	0	0	0	0	0	0	0	0	0	0	0	0	0	0	0	0	0	0
0	0	0	0	0	0	0	0	0	0	0	0	0	0	0	0	0	0	0	0	0	0	0	0	0	0	0	0	0	0	0	0	0	0	0	0	0	0	0	0	0	0	0	0	0	0	0	0	0	0	0	0	0	0	0	0	0	0	0	0	0	0	0	0	0	0	0	0	0.2182	0	0	0	0	0	0	0	0	0	0	0	0	0	0	0	0	0	0.55216	0.53488	0.56964	0.94843	0.94385	0.97161	1.6156	1.2889	1.843	1.2948	1.0641	1.2771	1.0885	0.66596	0.60683	0.56097	0.77133	0.87304	0.83934	1.0341	0.74096	0.83521	0.72615	0.7752	0.81479	0.9763	0.89031	0.96693	0.81479	0.79084	1.054	1.2625	1.1475	1.1584	1.9919	1.5731	0.91718	1.9833	1.1475	4.6144	1.0341	0.39648	0.26014	0	0	0	0	0	0	0	0	0	0	0	0	0	0	0	0	0	0	0	0	0	0	0	0	0	0	0	0	0	0
0	0	0	0	0	0	0	0	0	0	0	0	0	0	0	0	0	0	0	0	0	0	0	0	0	0	0	0	0	0	0	0	0	0	0	0	0	0	0	0	0	0	0	0	0	0	0	0	0	0	0	0	0	0	0	0	0	0	0	0	0	0	0	0	0	0	0	0.26485	0	0	0	0	0	0	0	0	0	0	0	0.1561	0.2064	0.39208	0	0	0	0	0.57895	0.53773	0.48573	0.7447	0.86451	0.81479	0.75982	0.69728	0.81884	1.0844	1.0145	0.76364	0.74846	0.69022	0.57895	0.53773	0.52641	0.64241	0.81075	0.74096	0.93929	0.93474	0.64573	0.64907	0.58505	0.582	0.59121	0.75982	0.93474	0.81075	0.93929	0.89467	1.2226	1.1638	0.71159	0.491	1.5737	4.629	3.6905	1.7111	2.5638	1.1638	0.25859	0	0	0	0	0	0	0	0	0	0	0	0	0	0	0	0	0	0	0	0	0	0	0	0	0	0	0	0	0	0
0	0	0	0	0	0	0	0	0	0	0	0	0	0	0	0	0	0	0	0	0	0	0	0	0	0	0	0	0	0	0	0	0	0	0	0	0	0	0	0	0	0	0	0	0	0	0	0	0	0	0	0	0	0	0	0.17912	0.36657	0.18444	0	0	0	0.36674	0	0	0	0	0	0	0	0	0	0	0	0	0	0	0	0	0	0	0	0.58812	0.327	0.28435	0.47021	0	0.64241	1.0641	0.62603	0.64241	0.60054	0.60054	0.68321	0.65578	0.99526	0.86535	1.0001	1.3618	0.83109	0.69578	0.55216	0.76364	0.37067	0.53204	0.67281	0.77133	1.0194	1.1353	1.4642	0.87733	0.48836	0.62524	0.44527	0.69022	0.81884	0.85279	0.65916	0.95764	1.059	1.1156	0.94843	1.4058	1.5111	1.6591	1.9664	1.3095	1.5522	0.64573	0.26961	0.24945	0.23768	0	0	0	0	0	0	0	0	0	0	0	0	0	0	0	0	0	0	0	0	0	0	0	0	0	0	0	0
0	0	0	0	0	0	0	0	0	0	0	0	0	0	0	0	0	0	0	0	0	0	0	0	0	0	0	0	0	0	0	0	0	0	0	0	0	0	0	0	0	0	0	0	0	0	0	0	0	0	0	0	0	0	0	0.35507	0.34281	0.15962	0	0	0	0	0	0	0.33931	0	0	0	0	0	0	0	0	0	0	0	0	0	0	0.23912	0.21158	0	0	0.30505	0.76748	0.20385	0.37067	0.30683	0.43561	0.43085	0.77133	0.54346	0.75602	0.49365	0.59741	0.81884	0.77133	0.96694	0.64573	0.46261	0.75389	0.57592	0.35426	0.42613	0.88164	0.55216	0.75982	1.5325	0.82699	0.56964	0.59121	0.59121	0.42145	0.94385	0.50437	0.7752	0.76364	1.3702	0.816	1.044	1.4775	1.4058	1.9919	1.7634	1.5943	0.99049	0.70441	0.56097	0.17865	0.18093	0.18208	0	0	0	0	0	0	0	0	0	0	0	0	0	0	0	0	0	0	0	0	0	0	0	0	0	0	0	0
0	0	0	0	0	0	0	0	0	0	0	0	0	0	0	0	0	0	0	0	0	0	0	0	0	0	0	0	0	0	0	0	0	0	0	0	0	0	0	0	0	0	0	0	0	0	0	0	0	0	0	0	0	0	0	0.23956	0.35453	0	0	0.36252	0	0.29112	0	0	0	0	0	0	0	0	0	0	0	0	0	0	0	0	0	0	0	0	0.6125	0	0.34431	0.37067	0.44527	0.61637	0.56097	0.67281	0.39648	0.61957	0.89031	0.77908	0.72615	0.66938	0.60999	0.77133	0.93929	0.66255	0.66255	0.66938	0.67281	0.72615	0.60999	0.52641	0.61957	0.65578	0.83521	1.217	0.66255	0.53204	0.53204	0.89031	0.77908	0.8229	0.89031	1.3995	1.2595	2.3617	1.2712	1.4775	1.5461	1.9919	1.7482	1.0844	0.88235	0.4601	0.24058	0.20385	0	0	0	0	0	0	0	0	0	0	0	0	0	0	0	0	0	0	0	0	0	0	0	0	0	0	0	0	0
0	0	0	0	0	0	0	0	0	0	0	0	0	0	0	0	0	0	0	0	0	0	0	0	0	0	0	0	0	0	0	0	0	0	0	0	0	0	0	0	0	0	0	0	0	0	0	0	0	0	0	0	0	0	0	0	0	0	0	0.363	0	0	0	0	0	0	0	0.27317	0	0	0	0	0	0	0	0	0	0	0	0	0	0	0.37911	0.69021	0.43085	0	0	0	0	0.53773	0.49365	0.40093	0.17639	0.27608	0.55508	0.35426	0.30152	0.64241	0.9763	0.37699	0.37699	0.26484	0.49631	0.42145	0.18792	0.39208	0.34628	0.49631	0.27608	0.42613	0.27608	0.2182	0.34628	0.34826	0.32512	0.64907	0.7752	1.1584	1.6228	1.225	1.1051	0.9763	1.3805	1.4577	1.054	1.2712	0.78298	0.34826	0.28941	0.17527	0	0	0	0	0	0	0	0	0	0	0	0	0	0	0	0	0	0	0	0	0	0	0	0	0	0	0	0	0
0	0	0	0	0	0	0	0	0	0	0	0	0	0	0	0	0	0	0	0	0	0	0	0	0	0	0	0	0	0	0	0	0	0	0	0	0	0	0	0	0	0	0	0	0	0	0	0	0	0	0	0	0	0	0	0	0	0	0	0	0.195	0.18216	0	0	0	0	0	0	0	0	0	0	0	0	0	0	0	0	0	0	0	0	0	0.51255	0	0	0	0	0	0.30328	0.37911	0.42613	0.43561	0.26326	0.35426	0.44771	0.36651	0.36239	0.32139	0.3404	0.44527	0.40541	0.41451	0.34826	0.40093	0.40994	0.38125	0.49899	0.3177	0.90345	0.71521	0.79479	0.54059	0.58812	0.66255	0.92571	1.5943	1.3456	1.5111	1.6085	1.3742	1.6812	1.1368	0.90345	1.1692	1.0742	0.61317	0.54925	0.23624	0.17865	0	0	0	0	0	0	0	0	0	0	0	0	0	0	0	0	0	0	0	0	0	0	0	0	0	0	0	0	0
0	0	0	0	0	0	0	0	0	0	0	0	0	0	0	0	0	0	0	0	0	0	0	0	0	0	0	0	0	0	0	0	0	0	0	0	0	0	0	0	0	0	0	0	0	0	0	0	0	0	0	0	0	0	0	0	0	0	0	0	0.23956	0	0	0	0	0	0	0.27112	0.33898	0	0	0	0	0	0	0	0	0	0	0	0	0	0.41681	0.4576	0.25859	0	0.23481	0	0.20898	0.49365	0.30862	0.42613	0.47534	0.42378	0.4576	0.43322	0.491	0.4601	0.35025	0.59121	0.50437	0.55216	0.60683	0.59121	0.69021	0.49631	0.41451	0.4601	0.60368	0.74096	0.78298	0.86451	1.1913	1.1156	0.88664	0.99049	1.2595	1.2771	1.2396	1.2771	1.2654	1.2712	2.0349	2.1597	1.3371	0.9763	0.97157	0.30135	0.18792	0	0	0	0	0	0	0	0	0	0	0	0	0	0	0	0	0	0	0	0	0	0	0	0	0	0	0	0	0	0
0	0	0	0	0	0	0	0	0	0	0	0	0	0	0	0	0	0	0	0	0	0	0	0	0	0	0	0	0	0	0	0	0	0	0	0	0	0	0	0	0	0	0	0	0	0	0	0	0	0	0	0	0	0	0	0	0	0	0	0	0	0	0	0	0	0	0	0.33143	0.48293	0.24972	0	0	0	0	0	0	0	0.36877	0	0	0	0	0.41913	0.50709	0	0.29112	0	0.22916	0.21289	0.34826	0.34826	0.55216	0.43322	0.4576	0.3583	0.41451	0.38555	0.3177	0.64907	0.3834	0.5943	0.55216	0.50981	0.46261	0.47534	0.42145	0.43322	0.52083	0.64241	0.64573	0.69021	0.84766	1.049	0.85605	0.74096	0.69728	1.3556	1.1913	1.1969	1.2771	1.9495	1.3432	1.0391	0.93022	0.96694	1.4205	0.71884	0.36239	0	0	0	0	0.20385	0	0	0	0	0	0	0	0	0	0	0	0	0	0	0	0	0	0	0	0	0	0	0	0	0	0
0	0	0	0	0	0	0	0	0	0	0	0	0	0	0	0	0	0	0	0	0	0	0	0	0	0	0	0	0	0	0	0	0	0	0	0	0	0	0	0	0	0	0	0	0	0	0	0	0	0	0	0	0	0	0	0	0	0	0	0	0	0	0	0	0	0	0	0.29743	0.365	0	0	0	0	0	0	0	0	0	0	0	0	0.20898	0.21289	0.39208	0	0	0	0	0.36034	0.24945	0.45511	0.33269	0.54925	0.33269	0.50981	0.42378	0.38772	0.38555	0.4601	0.34826	0.49899	0.54925	0.49631	0.49899	0.491	0.491	0.31404	0.50437	0.54925	0.85605	0.64573	0.7447	0.98101	0.69021	0.92122	0.85185	1.0391	1.0999	0.90345	1.1156	1.1969	1.2654	0.95303	1.044	1.2712	1.3335	0.46513	0	0.17305	0	0	0	0	0	0	0	0	0	0	0	0	0	0	0	0	0	0	0	0	0	0	0	0	0	0	0	0	0	0
0	0	0	0	0	0	0	0	0	0	0	0	0	0	0	0	0	0	0	0	0	0	0	0	0	0	0	0	0	0	0	0	0	0	0	0	0	0	0	0	0	0	0	0	0	0	0	0	0	0	0	0	0	0	0	0	0	0	0	0	0	0	0	0	0	0	0	0.26954	0.48293	0.51425	0.334	0	0	0	0	0.20247	0.27751	0	0	0	0	0	0.30683	0.2435	0	0.27445	0.30683	0	0	0	0	0.327	0.46261	0.27772	0.49365	0.40093	0.5699	0.47792	0.43801	0.55508	0.50981	0.4601	0.51529	0.64907	0.55508	0.69374	0.38772	0.26961	0.60368	0.69022	0.58812	0.65242	0.98101	0.74096	0.9763	1.0641	0.79875	0.98574	1.1318	1.2091	0.99446	1.63	1.7558	1.438	1.9385	0.93022	0.31223	0	0	0	0	0	0	0	0	0	0	0	0	0	0	0	0	0	0	0	0	0	0	0	0	0	0	0	0	0	0	0	0
