56767
56768
56768
56769
56770
56770
56771
56772
56773
56773
56774
56775
56775
56776
56777
56777
56778
56779
56780
56780
56781
56782
56782
56783
56784
56784
56785
56786
56787
56787
56788
56789
56789
56790
56791
56791
56792
56793
56794
56794
56795
56796
56796
56797
56798
56798
56799
56800
56801
56801
56802
56803
56803
56804
56805
56805
56806
56807
56808
56808
56809
56810
56810
56811
56812
56812
56813
56814
56815
56815
56816
56817
56817
56818
56819
56819
56820
56821
56822
56822
56823
56824
56824
56825
56826
56826
56827
56828
56829
56829
56830
56831
56831
56832
56833
56833
56834
56835
56836
56836
56837
56838
56838
56839
56840
56840
56841
56842
56843
56843
56844
56845
56845
56846
56847
56847
56848
56849
56850
56850
56851
56852
56852
56853
56854
56854
56855
56856
56857
56857
56858
56859
56859
56860
56861
56861
56862
56863
56864
56864
56865
56866
56866
56867
56868
56868
56869
56870
56871
56871
56872
56873
56873
56874
56875
56875
56876
56877
56878
56878
56879
56880
56880
56881
56882
56882
56883
56884
56885
56885
56886
56887
56887
56888
56889
56889
56890
56891
56892
56892
56893
56894
56894
56895
56896
56896
56897
56898
56899
56899
56900
56901
56901
56902
56903
56903
56904
56905
56906
56906
56907
56908
56908
56909
56910
56910
56911
56912
56913
56913
56914
56915
56915
56916
56917
56917
56918
56919
56920
56920
56921
56922
56922
56923
56924
56924
56925
56926
56927
56927
56928
56929
56929
56930
56931
56931
56932
56933
56934
56934
56935
56936
56936
56937
56938
56938
56939
56940
56941
56941
56942
56943
56943
56944
56945
56945
56946
56947
56948
56948
56949
56950
56950
56951
56952
56952
56953
56954
56955
56955
56956
56957
56957
56958
56959
56959
56960
56961
56962
56962
56963
56964
56964
56965
56966
56966
56967
56968
56969
56969
56970
56971
56971
56972
56973
56973
56974
56975
56976
56976
56977
56978
56978
56979
56980
56980
56981
56982
56983
56983
56984
56985
56985
56986
56987
56987
56988
56989
56990
56990
56991
56992
56992
56993
56994
56994
56995
56996
56997
56997
56998
56999
56999
57000
57001
57001
57002
57003
57004
57004
57005
57006
57006
57007
57008
57008
57009
57010
57011
57011
57012
57013
57013
57014
57015
57015
57016
57017
57018
57018
57019
57020
57020
57021
57022
57022
57023
57024
57025
57025
57026
57027
57027
57028
57029
57029
57030
57031
57032
57032
57033
57034
57034
57035
57036
57036
57037
57038
57039
57039
57040
57041
57041
57042
57043
57043
57044
57045
57046
57046
57047
57048
57048
57049
57050
57050
57051
57052
57053
57053
57054
57055
57055
57056
57057
57057
57058
57059
57060
57060
57061
57062
57062
57063
57064
57064
57065
57066
57067
57067
57068
57069
57069
57070
57071
57071
57072
57073
57074
57074
57075
57076
57076
57077
57078
57078
57079
57080
57081
57081
57082
57083
57083
57084
57085
57085
57086
57087
57088
57088
57089
57090
57090
57091
57092
57092
57093
57094
57095
57095
57096
57097
57097
57098
57099
57099
57100
57101
57102
57102
57103
57104
57104
57105
57106
57106
57107
57108
57109
57109
57110
57111
57111
57112
57113
57113
57114
57115
57116
57116
57117
57118
57118
57119
57120
57120
57121
57122
57123
57123
57124
57125
57125
57126
57127
57127
57128
57129
57130
57130
57131
57132
57132
57133
57134
57134
57135
57136
57137
57137
57138
57139
57139
57140
57141
57141
57142
57143
57144
57144
57145
57146
57146
57147
57148
57148
57149
57150
57151
57151
57152
57153
57153
57154
57155
57155
57156
57157
57158
57158
57159
57160
57160
57161
57162
57162
57163
57164
57165
57165
57166
57167
57167
57168
57169
57169
57170
57171
57172
57172
57173
57174
57174
57175
57176
57176
57177
57178
57179
57179
57180
57181
57181
57182
57183
57183
57184
57185
57186
57186
57187
57188
57188
57189
57190
57190
57191
57192
57193
57193
57194
57195
