71169
71170
71170
71171
71172
71172
71173
71174
71175
71175
71176
71177
71177
71178
71179
71179
71180
71181
71182
71182
71183
71184
71184
71185
71186
71186
71187
71188
71189
71189
71190
71191
71191
71192
71193
71193
71194
71195
71196
71196
71197
71198
71198
71199
71200
71200
71201
71202
71203
71203
71204
71205
71205
71206
71207
71207
71208
71209
71210
71210
71211
71212
71212
71213
71214
71214
71215
71216
71217
71217
71218
71219
71219
71220
71221
71221
71222
71223
71224
71224
71225
71226
71226
71227
71228
71228
71229
71230
71231
71231
71232
71233
71233
71234
71235
71235
71236
71237
71238
71238
71239
71240
71240
71241
71242
71242
71243
71244
71245
71245
71246
71247
71247
71248
71249
71249
71250
71251
71252
71252
71253
71254
71254
71255
71256
71256
71257
71258
71259
71259
71260
71261
71261
71262
71263
71263
71264
71265
71266
71266
71267
71268
71268
71269
71270
71270
71271
71272
71273
71273
71274
71275
71275
71276
71277
71277
71278
71279
71280
71280
71281
71282
71282
71283
71284
71284
71285
71286
71287
71287
71288
71289
71289
71290
71291
71291
71292
71293
71294
71294
71295
71296
71296
71297
71298
71298
71299
71300
71301
71301
71302
71303
71303
71304
71305
71305
71306
71307
71308
71308
71309
71310
71310
71311
71312
71312
71313
71314
71315
71315
71316
71317
71317
71318
71319
71319
71320
71321
71322
71322
71323
71324
71324
71325
71326
71326
71327
71328
71329
71329
71330
71331
71331
71332
71333
71333
71334
71335
71336
71336
71337
71338
71338
71339
71340
71340
71341
71342
71343
71343
71344
71345
71345
71346
71347
71347
71348
71349
71350
71350
71351
71352
71352
71353
71354
71354
71355
71356
71357
71357
71358
71359
71359
71360
71361
71361
71362
71363
71364
71364
71365
71366
71366
71367
71368
71368
71369
71370
71371
71371
71372
71373
71373
71374
71375
71375
71376
71377
71378
71378
71379
71380
71380
71381
71382
71382
71383
71384
71385
71385
71386
71387
71387
71388
71389
71389
71390
71391
71392
71392
71393
71394
71394
71395
71396
71396
71397
71398
71399
71399
71400
71401
71401
71402
71403
71403
71404
71405
71406
71406
71407
71408
71408
71409
71410
71410
71411
71412
71413
71413
71414
71415
71415
71416
71417
71417
71418
71419
71420
71420
71421
71422
71422
71423
71424
71424
71425
71426
71427
71427
71428
71429
71429
71430
71431
71431
71432
71433
71434
71434
71435
71436
71436
71437
71438
71438
71439
71440
71441
71441
71442
71443
71443
71444
71445
71445
71446
71447
71448
71448
71449
71450
71450
71451
71452
71452
71453
71454
71455
71455
71456
71457
71457
71458
71459
71459
71460
71461
71462
71462
71463
71464
71464
71465
71466
71466
71467
71468
71469
71469
71470
71471
71471
71472
71473
71473
71474
71475
