61107
61108
61108
61109
61110
61111
61111
61112
61113
61113
61114
61115
61115
61116
61117
61118
61118
61119
61120
61120
61121
61122
61122
61123
61124
61125
61125
61126
61127
61127
61128
61129
61129
61130
61131
61132
61132
61133
61134
61134
61135
61136
61136
61137
61138
61139
61139
61140
61141
61141
61142
61143
61143
61144
61145
61146
61146
61147
61148
61148
61149
61150
61150
61151
61152
61153
61153
61154
61155
61155
61156
61157
61157
61158
61159
61160
61160
61161
61162
61162
61163
61164
61164
61165
61166
61167
61167
61168
61169
61169
61170
61171
61171
61172
61173
61174
61174
61175
61176
61176
61177
61178
61178
61179
61180
61181
61181
61182
61183
61183
61184
61185
61185
61186
61187
61188
61188
61189
61190
61190
61191
61192
61192
61193
61194
61195
61195
61196
61197
61197
61198
61199
61199
61200
61201
61202
61202
61203
61204
61204
61205
61206
61206
61207
61208
61209
61209
61210
61211
61211
61212
61213
61213
61214
61215
61216
61216
61217
61218
61218
61219
61220
61220
61221
61222
61223
61223
61224
61225
61225
61226
61227
61227
61228
61229
61230
61230
61231
61232
61232
61233
61234
61234
61235
61236
61237
61237
61238
61239
61239
61240
61241
61241
61242
61243
61244
61244
61245
61246
61246
61247
61248
61248
61249
61250
61251
61251
61252
61253
61253
61254
61255
61255
61256
61257
61258
61258
61259
61260
61260
61261
61262
61262
61263
61264
61265
61265
61266
61267
61267
61268
61269
61269
61270
61271
61272
61272
61273
61274
61274
61275
61276
61276
61277
61278
61279
61279
61280
61281
61281
61282
61283
61283
61284
61285
61286
61286
61287
61288
61288
61289
61290
61290
61291
61292
61293
61293
61294
61295
61295
61296
61297
61297
61298
61299
61300
61300
61301
61302
61302
61303
61304
61304
61305
61306
61307
61307
61308
61309
61309
61310
61311
61311
61312
61313
61314
61314
61315
61316
61316
61317
61318
61318
61319
61320
61321
61321
61322
61323
61323
61324
61325
61325
61326
61327
61328
61328
61329
61330
61330
61331
61332
61332
61333
61334
61335
61335
61336
61337
61337
61338
61339
61339
61340
61341
61342
61342
61343
61344
61344
61345
61346
61346
61347
61348
61349
61349
61350
61351
61351
61352
61353
61353
61354
61355
61356
61356
61357
61358
61358
61359
61360
61360
61361
61362
61363
61363
61364
61365
61365
61366
61367
61367
61368
61369
61370
61370
61371
61372
61372
61373
61374
61374
61375
61376
61377
61377
61378
61379
61379
61380
61381
61381
61382
61383
61384
61384
61385
61386
61386
61387
61388
61388
61389
61390
61391
61391
61392
61393
61393
61394
61395
61395
61396
61397
61398
61398
61399
61400
61400
61401
61402
61402
61403
61404
61405
61405
61406
61407
61407
61408
61409
61409
61410
61411
61412
61412
61413
61414
61414
61415
61416
61416
61417
61418
61419
61419
61420
61421
61421
61422
61423
61423
61424
61425
61426
61426
61427
61428
61428
61429
61430
61430
61431
61432
61433
61433
61434
61435
61435
61436
61437
61437
61438
61439
61440
61440
61441
61442
61442
61443
61444
61444
61445
61446
61447
61447
61448
61449
61449
61450
61451
61451
61452
61453
61454
61454
61455
61456
61456
61457
61458
61458
61459
61460
61461
61461
61462
61463
61463
61464
61465
61465
61466
61467
61468
61468
61469
61470
61470
61471
61472
61472
61473
61474
61475
61475
61476
61477
61477
61478
61479
61479
61480
61481
61482
61482
61483
61484
61484
61485
61486
61486
61487
61488
61489
61489
61490
61491
61491
61492
61493
61493
61494
61495
61496
61496
61497
61498
61498
61499
61500
61500
61501
61502
61503
61503
61504
61505
61505
61506
61507
61507
61508
61509
61510
61510
61511
61512
61512
61513
61514
61514
61515
61516
61517
61517
61518
61519
61519
61520
61521
61521
61522
61523
61524
61524
61525
61526
61526
61527
61528
61528
61529
61530
61531
61531
61532
61533
61533
61534
