71746
71746
71747
71748
71748
71749
71750
71750
71751
71752
71753
71753
71754
71755
71755
71756
71757
71757
71758
71759
71760
71760
71761
71762
71762
71763
71764
71764
71765
71766
71767
71767
71768
71769
71769
71770
71771
71771
71772
71773
71774
71774
71775
71776
71776
71777
71778
71778
71779
71780
71781
71781
71782
71783
71783
71784
71785
71785
71786
71787
71788
71788
71789
71790
71790
71791
71792
71792
71793
71794
71795
71795
71796
71797
71797
71798
71799
71799
71800
71801
71802
71802
71803
71804
71804
71805
71806
71806
71807
71808
71809
71809
71810
71811
71811
71812
71813
71813
71814
71815
71816
71816
71817
71818
71818
71819
71820
71820
71821
71822
71823
71823
71824
71825
71825
71826
71827
71827
71828
71829
71830
71830
71831
71832
71832
71833
71834
71834
71835
71836
71837
71837
71838
71839
71839
71840
71841
71841
71842
71843
71844
71844
71845
71846
71846
71847
71848
71848
71849
71850
71851
71851
71852
71853
71853
71854
71855
71855
71856
71857
71858
71858
71859
71860
71860
71861
71862
71862
71863
71864
71865
71865
71866
71867
71867
71868
71869
71869
71870
71871
71872
71872
71873
71874
71874
71875
71876
71876
71877
71878
71879
71879
71880
71881
71881
71882
71883
71883
71884
71885
71886
71886
71887
71888
71888
71889
71890
71890
71891
71892
71893
71893
71894
71895
71895
71896
71897
71897
71898
71899
71900
71900
71901
71902
71902
71903
71904
71904
71905
71906
71907
71907
71908
71909
71909
71910
71911
71911
71912
71913
71914
71914
71915
71916
71916
71917
71918
71918
71919
71920
71921
71921
71922
71923
71923
71924
71925
71925
71926
71927
71928
71928
71929
71930
71930
71931
71932
71932
71933
71934
71935
71935
71936
71937
71937
71938
71939
71939
71940
71941
71942
71942
71943
71944
71944
71945
71946
71946
71947
71948
71949
71949
71950
71951
71951
71952
71953
71953
71954
71955
71956
71956
71957
71958
71958
71959
71960
71960
71961
71962
71963
71963
71964
71965
71965
71966
71967
71967
71968
71969
71970
71970
71971
71972
71972
71973
71974
71974
71975
71976
71977
71977
71978
71979
71979
71980
71981
71981
71982
71983
71984
71984
71985
71986
71986
71987
71988
71988
71989
71990
71991
71991
71992
71993
71993
71994
71995
71995
71996
71997
71998
71998
71999
72000
72000
72001
72002
72002
72003
72004
72005
72005
72006
72007
72007
72008
72009
72009
72010
72011
72012
72012
72013
72014
72014
72015
72016
72016
72017
72018
72019
72019
72020
72021
72021
72022
72023
72023
72024
72025
72026
72026
72027
72028
72028
72029
72030
72030
72031
72032
72033
72033
72034
72035
72035
72036
72037
72037
72038
72039
72040
72040
72041
72042
72042
72043
72044
72044
72045
72046
72047
72047
72048
72049
72049
72050
72051
72051
72052
72053
72054
72054
72055
72056
72056
72057
72058
72058
72059
72060
72061
72061
72062
72063
72063
72064
72065
72065
72066
72067
72068
72068
72069
72070
72070
72071
72072
72072
72073
72074
72075
72075
72076
72077
72077
72078
72079
72079
72080
72081
72082
72082
72083
72084
72084
72085
72086
72086
72087
72088
72089
72089
72090
72091
72091
72092
72093
72093
72094
72095
72096
72096
72097
72098
72098
72099
72100
72100
72101
72102
72103
72103
72104
72105
72105
72106
72107
72107
72108
72109
72110
72110
72111
72112
72112
72113
72114
72114
72115
72116
72117
72117
72118
72119
72119
72120
72121
72121
72122
72123
72124
72124
72125
