2062.7
2063.4
2064.1
2064.8
2065.5
2066.2
2066.9
2067.6
2068.3
2069
2069.7
2070.4
2071.1
2071.8
2072.5
2073.2
2073.9
2074.6
2075.3
2076
2076.7
2077.4
2078.1
2078.8
2079.5
2080.2
2080.9
2081.6
2082.3
2083
2083.7
2084.4
2085.1
2085.8
2086.5
2087.2
2087.9
2088.6
2089.3
2090
2090.7
2091.4
2092.1
2092.8
2093.5
2094.2
2094.9
2095.6
2096.3
2097
2097.7
2098.4
2099.1
2099.8
2100.5
2101.2
2101.9
2102.6
2103.3
2104
2104.7
2105.4
2106.1
2106.8
2107.5
2108.2
2108.9
2109.6
2110.3
2111
2111.7
2112.4
2113.1
2113.8
2114.5
2115.2
2115.9
2116.6
2117.3
2118
2118.7
2119.4
2120.1
2120.8
2121.5
2122.2
2122.9
2123.6
2124.3
2125
2125.7
2126.4
2127.1
2127.8
2128.5
2129.2
2129.9
2130.6
2131.3
2132
2132.7
2133.4
2134.1
2134.8
2135.5
2136.2
2136.9
2137.6
2138.3
2139
2139.7
2140.4
2141.1
2141.8
2142.5
2143.2
2143.9
2144.6
2145.3
2146
2146.7
2147.4
2148.1
2148.8
2149.5
2150.2
2150.9
2151.6
2152.3
2153
2153.7
2154.4
2155.1
2155.8
2156.5
2157.2
2157.9
2158.6
2159.3
2160
2160.7
2161.4
2162.1
2162.8
2163.5
2164.2
2164.9
2165.6
2166.3
2167
2167.7
2168.4
2169.1
2169.8
2170.5
2171.2
2171.9
2172.6
2173.3
2174
2174.7
2175.4
2176.1
2176.8
2177.5
2178.2
2178.9
2179.6
2180.3
2181
2181.7
2182.4
2183.1
2183.8
2184.5
2185.2
2185.9
2186.6
2187.3
2188
2188.7
2189.4
2190.1
2190.8
2191.5
2192.2
2192.9
2193.6
2194.3
2195
2195.7
2196.4
2197.1
2197.8
2198.5
2199.2
2199.9
2200.6
2201.3
2202
2202.7
2203.4
2204.1
2204.8
2205.5
2206.2
2206.9
2207.6
2208.3
2209
2209.7
2210.4
2211.1
2211.8
2212.5
2213.2
2213.9
2214.6
2215.3
2216
2216.7
2217.4
2218.1
2218.8
2219.5
2220.2
2220.9
2221.6
2222.3
2223
2223.7
2224.4
2225.1
2225.8
2226.5
2227.2
2227.9
2228.6
2229.3
2230
2230.7
2231.4
2232.1
2232.8
2233.5
2234.2
2234.9
2235.6
2236.3
2237
2237.7
2238.4
2239.1
2239.8
2240.5
2241.2
2241.9
2242.6
2243.3
2244
2244.7
2245.4
2246.1
2246.8
2247.5
2248.2
2248.9
2249.6
2250.3
2251
2251.7
2252.4
2253.1
2253.8
2254.5
2255.2
2255.9
2256.6
2257.3
2258
2258.7
2259.4
2260.1
2260.8
2261.5
2262.2
2262.9
2263.6
2264.3
2265
2265.7
2266.4
2267.1
2267.8
2268.5
2269.2
2269.9
2270.6
2271.3
2272
2272.7
2273.4
2274.1
2274.8
2275.5
2276.2
2276.9
2277.6
2278.3
2279
2279.7
2280.4
2281.1
2281.8
2282.5
2283.2
2283.9
2284.6
2285.3
2286
2286.7
2287.4
2288.1
2288.8
2289.5
2290.2
2290.9
2291.6
2292.3
2293
2293.7
2294.4
2295.1
2295.8
2296.5
2297.2
2297.9
2298.6
2299.3
2300
2300.7
2301.4
2302.1
2302.8
2303.5
2304.2
2304.9
2305.6
2306.3
2307
2307.7
2308.4
2309.1
2309.8
2310.5
2311.2
2311.9
2312.6
2313.3
2314
2314.7
2315.4
2316.1
2316.8
2317.5
2318.2
2318.9
2319.6
2320.3
2321
2321.7
2322.4
2323.1
2323.8
2324.5
2325.2
2325.9
2326.6
2327.3
2328
2328.7
2329.4
2330.1
2330.8
2331.5
2332.2
2332.9
2333.6
2334.3
2335
2335.7
2336.4
2337.1
2337.8
2338.5
2339.2
2339.9
2340.6
2341.3
2342
2342.7
2343.4
2344.1
2344.8
2345.5
2346.2
2346.9
2347.6
2348.3
2349
2349.7
2350.4
2351.1
2351.8
2352.5
2353.2
2353.9
2354.6
2355.3
2356
2356.7
2357.4
2358.1
2358.8
2359.5
2360.2
2360.9
2361.6
2362.3
2363
2363.7
2364.4
2365.1
2365.8
2366.5
2367.2
2367.9
2368.6
2369.3
2370
2370.7
2371.4
2372.1
2372.8
2373.5
2374.2
2374.9
2375.6
2376.3
2377
2377.7
2378.4
2379.1
2379.8
2380.5
2381.2
2381.9
2382.6
2383.3
2384
2384.7
2385.4
2386.1
2386.8
2387.5
2388.2
2388.9
2389.6
2390.3
2391
2391.7
2392.4
2393.1
2393.8
2394.5
2395.2
2395.9
2396.6
2397.3
2398
2398.7
2399.4
2400.1
2400.8
2401.5
2402.2
2402.9
2403.6
2404.3
2405
2405.7
2406.4
2407.1
2407.8
2408.5
2409.2
2409.9
2410.6
2411.3
2412
2412.7
2413.4
2414.1
2414.8
2415.5
2416.2
2416.9
2417.6
2418.3
2419
2419.7
2420.4
2421.1
2421.8
2422.5
2423.2
2423.9
2424.6
2425.3
2426
2426.7
2427.4
2428.1
2428.8
2429.5
2430.2
2430.9
2431.6
2432.3
2433
2433.7
2434.4
2435.1
2435.8
2436.5
2437.2
2437.9
2438.6
2439.3
2440
2440.7
2441.4
2442.1
2442.8
2443.5
2444.2
2444.9
2445.6
2446.3
2447
2447.7
2448.4
2449.1
2449.8
2450.5
2451.2
2451.9
2452.6
2453.3
2454
2454.7
2455.4
2456.1
2456.8
2457.5
2458.2
2458.9
2459.6
2460.3
2461
2461.7
2462.4
2463.1
2463.8
2464.5
2465.2
2465.9
2466.6
2467.3
2468
2468.7
2469.4
2470.1
2470.8
2471.5
2472.2
2472.9
2473.6
2474.3
2475
2475.7
2476.4
2477.1
2477.8
2478.5
2479.2
2479.9
2480.6
2481.3
2482
2482.7
2483.4
2484.1
2484.8
2485.5
2486.2
2486.9
2487.6
2488.3
2489
2489.7
