82188
82189
82189
82190
82191
82191
82192
82193
82194
82194
82195
82196
82196
82197
82198
82198
82199
82200
82201
82201
82202
82203
82203
82204
82205
82205
82206
82207
82208
82208
82209
82210
82210
82211
82212
82212
82213
82214
82215
82215
82216
82217
82217
82218
82219
82219
82220
82221
82222
82222
82223
82224
82224
82225
82226
82226
82227
82228
82229
82229
82230
82231
82231
82232
82233
82233
82234
82235
82236
82236
82237
82238
82238
82239
82240
82240
82241
82242
82243
82243
82244
82245
82245
82246
82247
82247
82248
82249
82250
82250
82251
82252
82252
82253
82254
82254
82255
82256
82257
82257
82258
82259
82259
82260
82261
82261
82262
82263
82264
82264
82265
82266
82266
82267
82268
82268
82269
82270
82271
82271
82272
82273
82273
82274
82275
82275
82276
82277
82278
82278
82279
82280
82280
82281
82282
82282
82283
82284
82285
82285
82286
82287
82287
82288
82289
82289
82290
82291
82292
82292
82293
82294
82294
82295
82296
82296
82297
82298
82299
82299
82300
82301
82301
82302
82303
82303
82304
82305
82306
82306
82307
82308
82308
82309
82310
82310
82311
82312
82313
82313
82314
82315
82315
82316
82317
82317
82318
82319
82320
82320
82321
82322
82322
82323
82324
82324
82325
82326
82327
82327
82328
82329
82329
82330
82331
82331
82332
82333
82334
82334
82335
82336
82336
82337
82338
82338
82339
82340
82341
82341
82342
82343
82343
82344
82345
82345
82346
82347
82348
82348
82349
82350
82350
82351
82352
82352
82353
82354
82355
82355
82356
82357
82357
82358
82359
82359
82360
82361
82362
82362
82363
82364
82364
82365
82366
82366
82367
82368
82369
82369
82370
82371
82371
82372
82373
82373
82374
82375
82376
82376
82377
82378
82378
82379
82380
82380
82381
82382
82383
82383
82384
82385
82385
82386
82387
82387
82388
82389
82390
82390
82391
82392
82392
82393
82394
82394
82395
82396
82397
82397
82398
82399
82399
82400
82401
82401
82402
82403
82404
82404
82405
82406
82406
82407
82408
82408
82409
82410
82411
82411
82412
82413
82413
82414
82415
82415
82416
82417
82418
82418
82419
82420
82420
82421
82422
82422
82423
82424
82425
82425
82426
82427
82427
82428
82429
82429
82430
82431
82432
82432
82433
82434
82434
82435
82436
82436
82437
82438
82439
82439
82440
82441
82441
82442
82443
82443
82444
82445
82446
82446
82447
82448
82448
82449
82450
82450
82451
82452
82453
82453
82454
82455
82455
82456
82457
82457
82458
82459
82460
82460
82461
82462
82462
82463
82464
82464
82465
82466
82467
82467
82468
82469
82469
82470
82471
82471
82472
82473
82474
82474
82475
82476
82476
82477
82478
82478
82479
82480
82481
82481
82482
82483
82483
82484
82485
82485
82486
