1774.6
1775.3
1776
1776.7
1777.4
1778.1
1778.8
1779.5
1780.2
1780.9
1781.6
1782.3
1783
1783.7
1784.4
1785.1
1785.8
1786.5
1787.2
1787.9
1788.6
1789.3
1790
1790.7
1791.4
1792.1
1792.8
1793.5
1794.2
1794.9
1795.6
1796.3
1797
1797.7
1798.4
1799.1
1799.8
1800.5
1801.2
1801.9
1802.6
1803.3
1804
1804.7
1805.4
1806.1
1806.8
1807.5
1808.2
1808.9
1809.6
1810.3
1811
1811.7
1812.4
1813.1
1813.8
1814.5
1815.2
1815.9
1816.6
1817.3
1818
1818.7
1819.4
1820.1
1820.8
1821.5
1822.2
1822.9
1823.6
1824.3
1825
1825.7
1826.4
1827.1
1827.8
1828.5
1829.2
1829.9
1830.6
1831.3
1832
1832.7
1833.4
1834.1
1834.8
1835.5
1836.2
1836.9
1837.6
1838.3
1839
1839.7
1840.4
1841.1
1841.8
1842.5
1843.2
1843.9
1844.6
1845.3
1846
1846.7
1847.4
1848.1
1848.8
1849.5
1850.2
1850.9
1851.6
1852.3
1853
1853.7
1854.4
1855.1
1855.8
1856.5
1857.2
1857.9
1858.6
1859.3
1860
1860.7
1861.4
1862.1
1862.8
1863.5
1864.2
1864.9
1865.6
1866.3
1867
1867.7
1868.4
1869.1
1869.8
1870.5
1871.2
1871.9
1872.6
1873.3
1874
1874.7
1875.4
1876.1
1876.8
1877.5
1878.2
1878.9
1879.6
1880.3
1881
1881.7
1882.4
1883.1
1883.8
1884.5
1885.2
1885.9
1886.6
1887.3
1888
1888.7
1889.4
1890.1
1890.8
1891.5
1892.2
1892.9
1893.6
1894.3
1895
1895.7
1896.4
1897.1
1897.8
1898.5
1899.2
1899.9
1900.6
1901.3
1902
1902.7
1903.4
1904.1
1904.8
1905.5
1906.2
1906.9
1907.6
1908.3
1909
1909.7
1910.4
1911.1
1911.8
1912.5
1913.2
1913.9
1914.6
1915.3
1916
1916.7
1917.4
1918.1
1918.8
1919.5
1920.2
1920.9
1921.6
1922.3
1923
1923.7
1924.4
1925.1
1925.8
1926.5
1927.2
1927.9
1928.6
1929.3
1930
1930.7
1931.4
1932.1
1932.8
1933.5
1934.2
1934.9
1935.6
1936.3
1937
1937.7
1938.4
1939.1
1939.8
1940.5
1941.2
1941.9
1942.6
1943.3
1944
1944.7
1945.4
1946.1
1946.8
1947.5
1948.2
1948.9
1949.6
1950.3
1951
1951.7
1952.4
1953.1
1953.8
1954.5
1955.2
1955.9
1956.6
1957.3
1958
1958.7
1959.4
1960.1
1960.8
1961.5
1962.2
1962.9
1963.6
1964.3
1965
1965.7
1966.4
1967.1
1967.8
1968.5
1969.2
1969.9
1970.6
1971.3
1972
1972.7
1973.4
1974.1
1974.8
1975.5
1976.2
1976.9
1977.6
1978.3
1979
1979.7
1980.4
1981.1
1981.8
1982.5
1983.2
1983.9
1984.6
1985.3
1986
1986.7
1987.4
1988.1
1988.8
1989.5
1990.2
1990.9
1991.6
1992.3
1993
1993.7
1994.4
1995.1
1995.8
1996.5
1997.2
1997.9
1998.6
1999.3
2000
2000.7
2001.4
2002.1
2002.8
2003.5
2004.2
2004.9
2005.6
2006.3
2007
2007.7
2008.4
2009.1
2009.8
2010.5
2011.2
2011.9
2012.6
2013.3
2014
2014.7
2015.4
2016.1
2016.8
2017.5
2018.2
2018.9
2019.6
2020.3
2021
2021.7
2022.4
2023.1
2023.8
2024.5
2025.2
2025.9
2026.6
2027.3
2028
2028.7
2029.4
2030.1
2030.8
2031.5
2032.2
2032.9
2033.6
2034.3
2035
2035.7
2036.4
2037.1
2037.8
2038.5
2039.2
2039.9
2040.6
2041.3
2042
2042.7
2043.4
2044.1
2044.8
2045.5
2046.2
2046.9
2047.6
2048.3
2049
2049.7
2050.4
2051.1
2051.8
2052.5
2053.2
2053.9
2054.6
2055.3
2056
2056.7
2057.4
2058.1
2058.8
2059.5
2060.2
2060.9
2061.6
2062.3
2063
2063.7
2064.4
2065.1
2065.8
2066.5
2067.2
2067.9
2068.6
2069.3
2070
2070.7
2071.4
2072.1
2072.8
2073.5
2074.2
2074.9
2075.6
2076.3
2077
2077.7
2078.4
2079.1
2079.8
2080.5
2081.2
2081.9
2082.6
2083.3
2084
2084.7
2085.4
2086.1
2086.8
2087.5
2088.2
2088.9
2089.6
2090.3
2091
2091.7
2092.4
2093.1
2093.8
2094.5
2095.2
2095.9
2096.6
2097.3
2098
2098.7
2099.4
2100.1
2100.8
2101.5
2102.2
2102.9
2103.6
2104.3
2105
2105.7
2106.4
2107.1
2107.8
2108.5
2109.2
2109.9
2110.6
2111.3
2112
2112.7
2113.4
2114.1
2114.8
2115.5
2116.2
2116.9
2117.6
2118.3
2119
2119.7
2120.4
2121.1
2121.8
2122.5
2123.2
2123.9
2124.6
2125.3
2126
2126.7
2127.4
2128.1
2128.8
2129.5
2130.2
2130.9
2131.6
2132.3
2133
2133.7
2134.4
2135.1
2135.8
2136.5
2137.2
2137.9
2138.6
2139.3
2140
2140.7
2141.4
2142.1
2142.8
2143.5
2144.2
2144.9
2145.6
2146.3
2147
2147.7
2148.4
2149.1
2149.8
2150.5
2151.2
2151.9
2152.6
2153.3
2154
2154.7
2155.4
2156.1
2156.8
2157.5
2158.2
2158.9
2159.6
2160.3
2161
2161.7
2162.4
2163.1
2163.8
2164.5
2165.2
2165.9
2166.6
2167.3
2168
2168.7
2169.4
2170.1
2170.8
2171.5
2172.2
2172.9
2173.6
2174.3
2175
2175.7
2176.4
2177.1
2177.8
2178.5
2179.2
2179.9
2180.6
2181.3
2182
2182.7
2183.4
2184.1
2184.8
2185.5
2186.2
2186.9
2187.6
2188.3
2189
2189.7
2190.4
2191.1
2191.8
2192.5
2193.2
2193.9
2194.6
2195.3
2196
2196.7
2197.4
2198.1
2198.8
2199.5
2200.2
2200.9
2201.6
2202.3
2203
2203.7
2204.4
