55135
55135
55136
55137
55137
55138
55139
55140
55140
55141
55142
55142
55143
55144
55144
55145
55146
55147
55147
55148
55149
55149
55150
55151
55151
55152
55153
55154
55154
55155
55156
55156
55157
55158
55158
55159
55160
55161
55161
55162
55163
55163
55164
55165
55165
55166
55167
55168
55168
55169
55170
55170
55171
55172
55172
55173
55174
55175
55175
55176
55177
55177
55178
55179
55179
55180
55181
55182
55182
55183
55184
55184
55185
55186
55186
55187
55188
55189
55189
55190
55191
55191
55192
55193
55193
55194
55195
55196
55196
55197
55198
55198
55199
55200
55200
55201
55202
55203
55203
55204
55205
55205
55206
55207
55207
55208
55209
55210
55210
55211
55212
55212
55213
55214
55214
55215
55216
55217
55217
55218
55219
55219
55220
55221
55221
55222
55223
55224
55224
55225
55226
55226
55227
55228
55228
55229
55230
55231
55231
55232
55233
55233
55234
55235
55235
55236
55237
55238
55238
55239
55240
55240
55241
55242
55242
55243
55244
55245
55245
55246
55247
55247
55248
55249
55249
55250
55251
55252
55252
55253
55254
55254
55255
55256
55256
55257
55258
55259
55259
55260
55261
55261
55262
55263
55263
55264
55265
55266
55266
55267
55268
55268
55269
55270
55270
55271
55272
55273
55273
55274
55275
55275
55276
55277
55277
55278
55279
55280
55280
55281
55282
55282
55283
55284
55284
55285
55286
55287
55287
55288
55289
55289
55290
55291
55291
55292
55293
55294
55294
55295
55296
55296
55297
55298
55298
55299
55300
55301
55301
55302
55303
55303
55304
55305
55305
55306
55307
55308
55308
55309
55310
55310
55311
55312
55312
55313
55314
55315
55315
55316
55317
55317
55318
55319
55319
55320
55321
55322
55322
55323
55324
55324
55325
55326
55326
55327
55328
55329
55329
55330
55331
55331
55332
55333
55333
55334
55335
55336
55336
55337
55338
55338
55339
55340
55340
55341
55342
55343
55343
55344
55345
55345
55346
55347
55347
55348
55349
55350
55350
55351
55352
55352
55353
55354
55354
55355
55356
55357
55357
55358
55359
55359
55360
55361
55361
55362
55363
55364
55364
55365
55366
55366
55367
55368
55368
55369
55370
55371
55371
55372
55373
55373
55374
55375
55375
55376
55377
55378
55378
55379
55380
55380
55381
55382
