22099
22099
22100
22101
22101
22102
22103
22103
22104
22105
22106
22106
22107
22108
22108
22109
22110
22110
22111
22112
22113
22113
22114
22115
22115
22116
22117
22117
22118
22119
22120
22120
22121
22122
22122
22123
22124
22124
22125
22126
22127
22127
22128
22129
22129
22130
22131
22131
22132
22133
22134
22134
22135
22136
22136
22137
22138
22138
22139
22140
22141
22141
22142
22143
22143
22144
22145
22145
22146
22147
22148
22148
22149
22150
22150
22151
22152
22152
22153
22154
22155
22155
22156
22157
22157
22158
22159
22159
22160
22161
22162
22162
22163
22164
22164
22165
22166
22166
22167
22168
22169
22169
22170
22171
22171
22172
22173
22173
22174
22175
22176
22176
22177
22178
22178
22179
22180
22180
22181
22182
22183
22183
22184
22185
22185
22186
22187
22187
22188
22189
22190
22190
22191
22192
22192
22193
22194
22194
22195
22196
22197
22197
22198
22199
22199
22200
22201
22201
22202
22203
22204
22204
22205
22206
22206
22207
22208
22208
22209
22210
22211
22211
22212
22213
22213
22214
22215
22215
22216
22217
22218
22218
22219
22220
22220
22221
22222
22222
22223
22224
22225
22225
22226
22227
22227
22228
22229
22229
22230
22231
22232
22232
22233
22234
22234
22235
22236
22236
22237
22238
22239
22239
22240
22241
22241
22242
22243
22243
22244
22245
22246
22246
22247
22248
22248
22249
22250
22250
22251
22252
22253
22253
22254
22255
22255
22256
22257
22257
22258
22259
22260
22260
22261
22262
22262
22263
22264
22264
22265
22266
22267
22267
22268
22269
22269
22270
22271
22271
22272
22273
22274
22274
22275
22276
22276
22277
22278
22278
22279
22280
22281
22281
22282
22283
22283
22284
22285
22285
22286
22287
22288
22288
22289
22290
22290
22291
22292
22292
22293
22294
22295
22295
22296
22297
22297
22298
22299
22299
22300
22301
22302
22302
22303
22304
22304
22305
22306
22306
22307
22308
22309
22309
22310
22311
22311
22312
22313
22313
22314
22315
22316
22316
22317
22318
22318
22319
22320
22320
22321
22322
22323
22323
22324
22325
22325
22326
22327
22327
22328
22329
22330
22330
22331
22332
22332
22333
22334
22334
22335
22336
22337
22337
22338
22339
22339
22340
22341
22341
22342
22343
22344
22344
22345
22346
22346
22347
22348
22348
22349
22350
22351
22351
22352
22353
22353
22354
22355
22355
22356
22357
22358
22358
22359
22360
22360
22361
22362
22362
22363
22364
22365
22365
22366
22367
22367
22368
22369
22369
22370
22371
22372
22372
22373
22374
22374
22375
22376
22376
22377
22378
22379
22379
22380
22381
22381
22382
22383
22383
22384
22385
22386
22386
22387
22388
22388
22389
22390
22390
22391
22392
22393
22393
22394
22395
22395
22396
22397
22397
22398
22399
22400
22400
22401
22402
22402
22403
22404
22404
22405
22406
22407
22407
22408
22409
22409
22410
22411
22411
22412
22413
22414
22414
22415
22416
22416
22417
22418
22418
22419
22420
22421
22421
22422
22423
22423
22424
22425
22425
22426
22427
22428
22428
22429
22430
22430
22431
22432
22432
22433
22434
22435
22435
22436
22437
22437
22438
22439
22439
22440
22441
22442
22442
22443
22444
22444
22445
22446
22446
22447
22448
22449
22449
22450
22451
22451
22452
22453
22453
22454
22455
22456
22456
22457
22458
22458
22459
22460
22460
22461
22462
22463
22463
22464
22465
22465
22466
22467
22467
22468
22469
22470
22470
22471
22472
22472
22473
22474
22474
22475
22476
22477
22477
22478
22479
22479
22480
22481
22481
22482
22483
22484
22484
22485
22486
22486
22487
22488
22488
22489
22490
22491
22491
22492
22493
22493
22494
22495
22495
22496
22497
22498
22498
22499
22500
22500
22501
22502
22502
22503
22504
22505
22505
22506
22507
22507
22508
22509
22509
22510
22511
22512
22512
22513
22514
22514
22515
22516
22516
22517
22518
22519
22519
22520
22521
22521
22522
22523
22523
22524
22525
22526
22526
22527
22528
