3047
3047.7
3048.4
3049.1
3049.8
3050.5
3051.2
3051.9
3052.6
3053.3
3054
3054.7
3055.4
3056.1
3056.8
3057.5
3058.2
3058.9
3059.6
3060.3
3061
3061.7
3062.4
3063.1
3063.8
3064.5
3065.2
3065.9
3066.6
3067.3
3068
3068.7
3069.4
3070.1
3070.8
3071.5
3072.2
3072.9
3073.6
3074.3
3075
3075.7
3076.4
3077.1
3077.8
3078.5
3079.2
3079.9
3080.6
3081.3
3082
3082.7
3083.4
3084.1
3084.8
3085.5
3086.2
3086.9
3087.6
3088.3
3089
3089.7
3090.4
3091.1
3091.8
3092.5
3093.2
3093.9
3094.6
3095.3
3096
3096.7
3097.4
3098.1
3098.8
3099.5
3100.2
3100.9
3101.6
