3775.6
3776.3
3777
3777.7
3778.4
3779.1
3779.8
3780.5
3781.2
3781.9
3782.6
3783.3
3784
3784.7
3785.4
3786.1
3786.8
3787.5
3788.2
3788.9
3789.6
3790.3
3791
3791.7
3792.4
3793.1
3793.8
3794.5
3795.2
3795.9
3796.6
3797.3
3798
3798.7
3799.4
3800.1
3800.8
3801.5
3802.2
3802.9
3803.6
3804.3
3805
3805.7
3806.4
3807.1
3807.8
3808.5
3809.2
3809.9
3810.6
3811.3
3812
3812.7
3813.4
3814.1
3814.8
3815.5
3816.2
3816.9
3817.6
3818.3
3819
3819.7
3820.4
3821.1
3821.8
3822.5
3823.2
3823.9
3824.6
3825.3
3826
3826.7
3827.4
3828.1
3828.8
3829.5
3830.2
3830.9
3831.6
3832.3
3833
3833.7
3834.4
3835.1
3835.8
3836.5
3837.2
3837.9
3838.6
3839.3
3840
3840.7
3841.4
3842.1
3842.8
3843.5
3844.2
3844.9
3845.6
3846.3
3847
3847.7
3848.4
3849.1
3849.8
3850.5
3851.2
3851.9
3852.6
3853.3
3854
3854.7
3855.4
3856.1
3856.8
3857.5
3858.2
3858.9
3859.6
3860.3
3861
3861.7
3862.4
3863.1
3863.8
3864.5
3865.2
3865.9
3866.6
3867.3
3868
3868.7
3869.4
3870.1
3870.8
3871.5
3872.2
3872.9
3873.6
3874.3
3875
3875.7
3876.4
3877.1
3877.8
3878.5
3879.2
3879.9
3880.6
3881.3
3882
3882.7
3883.4
3884.1
3884.8
3885.5
3886.2
3886.9
3887.6
3888.3
3889
3889.7
3890.4
3891.1
3891.8
3892.5
3893.2
3893.9
3894.6
3895.3
3896
3896.7
3897.4
3898.1
3898.8
3899.5
3900.2
3900.9
3901.6
3902.3
3903
3903.7
3904.4
3905.1
3905.8
3906.5
3907.2
3907.9
3908.6
3909.3
3910
3910.7
3911.4
3912.1
3912.8
3913.5
3914.2
3914.9
3915.6
3916.3
3917
3917.7
3918.4
3919.1
3919.8
3920.5
3921.2
3921.9
3922.6
3923.3
3924
3924.7
3925.4
3926.1
3926.8
3927.5
3928.2
3928.9
3929.6
3930.3
3931
3931.7
3932.4
3933.1
3933.8
3934.5
3935.2
3935.9
3936.6
3937.3
3938
3938.7
3939.4
3940.1
3940.8
3941.5
3942.2
3942.9
3943.6
3944.3
3945
3945.7
3946.4
3947.1
3947.8
3948.5
3949.2
3949.9
3950.6
3951.3
3952
3952.7
3953.4
3954.1
3954.8
3955.5
3956.2
3956.9
3957.6
3958.3
3959
3959.7
3960.4
3961.1
3961.8
3962.5
3963.2
3963.9
3964.6
3965.3
3966
3966.7
3967.4
3968.1
3968.8
3969.5
3970.2
3970.9
3971.6
3972.3
3973
3973.7
3974.4
3975.1
3975.8
3976.5
3977.2
3977.9
3978.6
3979.3
3980
3980.7
3981.4
3982.1
3982.8
3983.5
3984.2
3984.9
3985.6
3986.3
3987
3987.7
3988.4
3989.1
3989.8
3990.5
3991.2
3991.9
3992.6
3993.3
3994
3994.7
3995.4
3996.1
3996.8
3997.5
3998.2
3998.9
3999.6
4000.3
4001
4001.7
4002.4
4003.1
4003.8
4004.5
4005.2
4005.9
4006.6
4007.3
4008
4008.7
4009.4
4010.1
4010.8
4011.5
4012.2
4012.9
4013.6
4014.3
4015
4015.7
4016.4
4017.1
4017.8
4018.5
4019.2
4019.9
4020.6
4021.3
4022
4022.7
4023.4
4024.1
4024.8
4025.5
4026.2
4026.9
4027.6
4028.3
4029
4029.7
4030.4
4031.1
4031.8
4032.5
4033.2
4033.9
4034.6
4035.3
4036
4036.7
4037.4
4038.1
4038.8
4039.5
4040.2
4040.9
4041.6
4042.3
4043
4043.7
4044.4
4045.1
4045.8
4046.5
4047.2
4047.9
4048.6
4049.3
4050
4050.7
4051.4
4052.1
4052.8
4053.5
4054.2
4054.9
4055.6
4056.3
4057
4057.7
4058.4
4059.1
4059.8
4060.5
4061.2
4061.9
4062.6
4063.3
4064
4064.7
4065.4
4066.1
4066.8
4067.5
4068.2
4068.9
4069.6
4070.3
4071
4071.7
4072.4
4073.1
4073.8
4074.5
4075.2
4075.9
4076.6
4077.3
4078
4078.7
4079.4
4080.1
4080.8
4081.5
4082.2
4082.9
4083.6
4084.3
4085
4085.7
4086.4
4087.1
4087.8
4088.5
4089.2
4089.9
4090.6
4091.3
4092
4092.7
4093.4
4094.1
4094.8
