62066
62067
62068
62069
62069
62070
62071
62071
62072
62073
62073
62074
62075
62076
62076
62077
62078
62078
62079
62080
62080
62081
62082
62083
62083
62084
62085
62085
62086
62087
62087
62088
62089
62090
62090
62091
62092
62092
62093
62094
62094
62095
62096
62097
62097
62098
62099
62099
62100
62101
62101
62102
62103
62104
62104
62105
62106
62106
62107
62108
62108
62109
62110
62111
62111
62112
62113
62113
62114
62115
62115
62116
62117
62118
62118
62119
62120
62120
62121
62122
62122
62123
62124
62125
62125
62126
62127
62127
62128
62129
62129
62130
62131
62132
62132
62133
62134
62134
62135
62136
62136
62137
62138
62139
62139
62140
62141
62141
62142
62143
62143
62144
62145
62146
62146
62147
62148
62148
62149
62150
62150
62151
62152
62153
62153
62154
62155
62155
62156
62157
62157
62158
62159
62160
62160
62161
62162
62162
62163
62164
62164
62165
62166
62167
62167
62168
62169
62169
62170
62171
62171
62172
62173
62174
62174
62175
62176
62176
62177
62178
62178
62179
62180
62181
62181
62182
62183
62183
62184
62185
62185
62186
62187
62188
62188
62189
62190
62190
62191
62192
62192
62193
62194
62195
62195
62196
62197
62197
62198
62199
62199
62200
62201
62202
62202
62203
62204
62204
62205
62206
62206
62207
62208
62209
62209
62210
62211
62211
62212
62213
62213
62214
62215
62216
62216
62217
62218
62218
62219
62220
62220
62221
62222
62223
62223
62224
62225
62225
62226
62227
62227
62228
62229
62230
62230
62231
62232
62232
62233
62234
62234
62235
62236
62237
62237
62238
62239
62239
62240
62241
62241
62242
62243
62244
62244
62245
62246
62246
62247
62248
62248
62249
62250
62251
62251
62252
62253
62253
62254
62255
62255
62256
62257
62258
62258
62259
62260
62260
62261
62262
62262
62263
62264
62265
62265
62266
62267
62267
62268
62269
62269
62270
62271
62272
62272
62273
62274
62274
62275
62276
62276
62277
62278
62279
62279
62280
62281
62281
62282
62283
62283
62284
62285
62286
62286
62287
62288
62288
62289
62290
62290
62291
62292
62293
62293
62294
62295
62295
62296
62297
62297
62298
62299
62300
62300
62301
62302
62302
62303
62304
62304
62305
62306
62307
62307
62308
62309
62309
62310
62311
62311
62312
62313
62314
62314
62315
62316
62316
62317
62318
62318
62319
62320
62321
62321
62322
62323
62323
62324
62325
62325
62326
62327
62328
62328
62329
62330
62330
62331
62332
62332
62333
62334
62335
62335
62336
62337
62337
