5983.7
5984.4
5985.1
5985.8
5986.5
5987.2
5987.9
5988.6
5989.3
5990
5990.7
5991.4
5992.1
5992.8
5993.5
5994.2
5994.9
5995.6
5996.3
5997
5997.7
5998.4
5999.1
5999.8
6000.5
6001.2
6001.9
6002.6
6003.3
6004
6004.7
6005.4
6006.1
6006.8
6007.5
6008.2
6008.9
6009.6
6010.3
6011
6011.7
6012.4
6013.1
6013.8
6014.5
6015.2
6015.9
6016.6
6017.3
6018
6018.7
6019.4
6020.1
6020.8
6021.5
6022.2
6022.9
6023.6
6024.3
6025
6025.7
6026.4
6027.1
6027.8
6028.5
6029.2
6029.9
6030.6
6031.3
6032
6032.7
6033.4
6034.1
6034.8
6035.5
6036.2
6036.9
6037.6
6038.3
6039
6039.7
6040.4
6041.1
6041.8
6042.5
6043.2
6043.9
6044.6
6045.3
6046
6046.7
6047.4
6048.1
6048.8
6049.5
6050.2
6050.9
6051.6
6052.3
6053
6053.7
6054.4
6055.1
6055.8
6056.5
6057.2
6057.9
6058.6
6059.3
6060
6060.7
6061.4
6062.1
6062.8
6063.5
6064.2
6064.9
6065.6
6066.3
6067
6067.7
6068.4
6069.1
6069.8
6070.5
6071.2
6071.9
6072.6
6073.3
6074
6074.7
6075.4
6076.1
6076.8
6077.5
6078.2
6078.9
6079.6
6080.3
6081
6081.7
6082.4
6083.1
6083.8
6084.5
6085.2
6085.9
6086.6
6087.3
6088
6088.7
6089.4
6090.1
6090.8
6091.5
6092.2
6092.9
