69772
69772
69773
69774
69775
69775
69776
69777
69777
69778
69779
69779
69780
69781
69782
69782
69783
69784
69784
69785
69786
69786
69787
69788
69789
69789
69790
69791
69791
69792
69793
69793
69794
69795
69796
69796
69797
69798
69798
69799
69800
69800
69801
69802
69803
69803
69804
69805
69805
69806
69807
69807
69808
69809
69810
69810
69811
69812
69812
69813
69814
69814
69815
69816
69817
69817
69818
69819
69819
69820
69821
69821
69822
69823
69824
69824
69825
69826
69826
69827
69828
69828
69829
69830
69831
69831
69832
69833
69833
69834
69835
69835
69836
69837
69838
69838
69839
69840
69840
69841
69842
69842
69843
69844
69845
69845
69846
69847
69847
69848
69849
69849
69850
69851
69852
69852
69853
69854
69854
69855
69856
69856
69857
69858
69859
69859
69860
69861
69861
69862
69863
69863
69864
69865
69866
69866
69867
69868
69868
69869
69870
69870
69871
69872
69873
69873
69874
69875
69875
69876
69877
69877
69878
69879
69880
69880
69881
69882
69882
69883
69884
69884
69885
69886
69887
69887
69888
69889
69889
69890
69891
69891
69892
69893
69894
69894
69895
69896
69896
69897
69898
69898
69899
69900
69901
69901
69902
69903
69903
69904
69905
69905
69906
69907
69908
69908
69909
69910
69910
69911
69912
69912
69913
69914
69915
69915
69916
69917
69917
69918
69919
69919
69920
69921
69922
69922
69923
69924
69924
69925
69926
69926
69927
69928
69929
69929
69930
69931
69931
69932
69933
69933
69934
69935
69936
69936
69937
69938
69938
69939
69940
69940
69941
69942
69943
69943
69944
69945
69945
69946
69947
69947
69948
69949
69950
69950
69951
69952
69952
69953
69954
69954
69955
69956
69957
69957
69958
69959
69959
69960
69961
69961
69962
69963
69964
69964
69965
69966
69966
69967
69968
69968
69969
69970
69971
69971
69972
69973
69973
69974
69975
69975
69976
69977
69978
69978
69979
69980
69980
69981
69982
69982
69983
69984
69985
69985
69986
69987
69987
69988
69989
69989
69990
69991
69992
69992
69993
69994
69994
69995
69996
69996
69997
69998
69999
69999
70000
70001
70001
70002
70003
70003
70004
70005
70006
70006
70007
70008
70008
70009
70010
70010
70011
70012
70013
70013
70014
70015
70015
70016
70017
70017
70018
70019
70020
70020
70021
70022
70022
70023
70024
70024
70025
70026
70027
70027
70028
70029
70029
70030
70031
70031
70032
70033
70034
70034
70035
70036
70036
70037
70038
70038
70039
70040
70041
70041
70042
70043
70043
70044
70045
70045
70046
70047
70048
70048
70049
70050
70050
70051
70052
70052
70053
70054
70055
70055
70056
70057
70057
70058
70059
70059
70060
70061
70062
70062
70063
70064
70064
70065
70066
70066
70067
70068
70069
70069
70070
70071
70071
70072
70073
70073
70074
70075
70076
70076
70077
70078
70078
70079
70080
70080
70081
70082
70083
70083
70084
70085
70085
70086
70087
70087
70088
70089
70090
70090
70091
70092
70092
70093
70094
70094
70095
70096
70097
70097
70098
70099
70099
70100
70101
70101
70102
70103
70104
70104
70105
70106
70106
70107
70108
70108
70109
70110
70111
70111
70112
70113
70113
70114
70115
70115
70116
70117
70118
70118
70119
70120
70120
70121
70122
70122
70123
70124
70125
70125
70126
70127
70127
70128
70129
70129
70130
