4956.5
4957.2
4957.9
4958.6
4959.3
4960
4960.7
4961.4
4962.1
4962.8
4963.5
4964.2
4964.9
4965.6
4966.3
4967
4967.7
4968.4
4969.1
4969.8
4970.5
4971.2
4971.9
4972.6
4973.3
4974
4974.7
4975.4
4976.1
4976.8
4977.5
4978.2
4978.9
4979.6
4980.3
4981
4981.7
4982.4
4983.1
4983.8
4984.5
4985.2
4985.9
4986.6
4987.3
4988
4988.7
4989.4
4990.1
4990.8
4991.5
4992.2
4992.9
4993.6
4994.3
4995
4995.7
4996.4
4997.1
4997.8
4998.5
4999.2
4999.9
5000.6
5001.3
5002
5002.7
5003.4
5004.1
5004.8
5005.5
5006.2
5006.9
5007.6
5008.3
5009
5009.7
5010.4
5011.1
5011.8
5012.5
5013.2
5013.9
5014.6
5015.3
5016
5016.7
5017.4
5018.1
5018.8
5019.5
5020.2
5020.9
5021.6
5022.3
5023
5023.7
5024.4
5025.1
5025.8
5026.5
5027.2
5027.9
5028.6
5029.3
5030
5030.7
5031.4
5032.1
5032.8
5033.5
5034.2
5034.9
5035.6
5036.3
5037
5037.7
5038.4
5039.1
5039.8
5040.5
5041.2
5041.9
5042.6
5043.3
5044
5044.7
5045.4
5046.1
5046.8
5047.5
5048.2
5048.9
5049.6
