5217.1
5217.8
5218.5
5219.2
5219.9
5220.6
5221.3
5222
5222.7
5223.4
5224.1
5224.8
5225.5
5226.2
5226.9
5227.6
5228.3
5229
5229.7
5230.4
5231.1
5231.8
5232.5
5233.2
5233.9
5234.6
5235.3
5236
5236.7
5237.4
5238.1
5238.8
5239.5
5240.2
5240.9
5241.6
5242.3
5243
5243.7
5244.4
5245.1
5245.8
5246.5
5247.2
5247.9
5248.6
5249.3
5250
5250.7
5251.4
5252.1
5252.8
5253.5
5254.2
5254.9
5255.6
5256.3
5257
5257.7
5258.4
5259.1
5259.8
5260.5
5261.2
5261.9
5262.6
5263.3
5264
5264.7
5265.4
5266.1
5266.8
5267.5
5268.2
5268.9
5269.6
5270.3
5271
5271.7
5272.4
5273.1
5273.8
5274.5
5275.2
5275.9
5276.6
5277.3
5278
5278.7
5279.4
5280.1
5280.8
5281.5
5282.2
5282.9
5283.6
5284.3
5285
5285.7
5286.4
5287.1
5287.8
5288.5
5289.2
5289.9
5290.6
5291.3
5292
5292.7
5293.4
5294.1
5294.8
5295.5
5296.2
5296.9
5297.6
5298.3
5299
5299.7
5300.4
5301.1
5301.8
5302.5
5303.2
5303.9
5304.6
5305.3
5306
5306.7
5307.4
5308.1
5308.8
5309.5
5310.2
5310.9
5311.6
5312.3
5313
5313.7
5314.4
5315.1
5315.8
5316.5
5317.2
5317.9
5318.6
5319.3
5320
5320.7
5321.4
5322.1
5322.8
5323.5
5324.2
5324.9
5325.6
5326.3
5327
5327.7
5328.4
5329.1
5329.8
5330.5
5331.2
5331.9
5332.6
5333.3
5334
5334.7
5335.4
5336.1
5336.8
5337.5
5338.2
5338.9
5339.6
5340.3
5341
5341.7
5342.4
5343.1
5343.8
5344.5
5345.2
5345.9
5346.6
5347.3
5348
5348.7
5349.4
5350.1
5350.8
5351.5
5352.2
5352.9
5353.6
5354.3
5355
5355.7
5356.4
5357.1
5357.8
5358.5
5359.2
5359.9
5360.6
5361.3
5362
5362.7
5363.4
5364.1
5364.8
5365.5
5366.2
5366.9
5367.6
5368.3
5369
5369.7
5370.4
5371.1
5371.8
5372.5
5373.2
5373.9
5374.6
5375.3
5376
5376.7
5377.4
5378.1
5378.8
5379.5
5380.2
5380.9
5381.6
5382.3
5383
5383.7
5384.4
5385.1
5385.8
5386.5
5387.2
5387.9
5388.6
5389.3
5390
5390.7
5391.4
5392.1
5392.8
5393.5
5394.2
5394.9
5395.6
5396.3
5397
5397.7
5398.4
5399.1
5399.8
5400.5
5401.2
5401.9
5402.6
5403.3
5404
5404.7
5405.4
5406.1
5406.8
5407.5
5408.2
5408.9
5409.6
5410.3
5411
5411.7
5412.4
5413.1
5413.8
5414.5
5415.2
5415.9
5416.6
5417.3
5418
5418.7
5419.4
5420.1
5420.8
5421.5
5422.2
5422.9
5423.6
5424.3
5425
5425.7
5426.4
5427.1
5427.8
5428.5
5429.2
5429.9
5430.6
5431.3
5432
5432.7
5433.4
5434.1
5434.8
5435.5
5436.2
5436.9
5437.6
5438.3
5439
5439.7
5440.4
5441.1
5441.8
5442.5
5443.2
5443.9
5444.6
5445.3
5446
5446.7
5447.4
5448.1
5448.8
5449.5
5450.2
5450.9
5451.6
5452.3
5453
5453.7
5454.4
5455.1
5455.8
5456.5
5457.2
5457.9
5458.6
5459.3
5460
5460.7
5461.4
5462.1
5462.8
5463.5
5464.2
5464.9
5465.6
5466.3
5467
5467.7
5468.4
5469.1
5469.8
5470.5
5471.2
5471.9
5472.6
5473.3
5474
5474.7
5475.4
5476.1
5476.8
5477.5
5478.2
5478.9
5479.6
5480.3
5481
5481.7
5482.4
5483.1
5483.8
5484.5
5485.2
5485.9
5486.6
5487.3
5488
5488.7
5489.4
5490.1
5490.8
5491.5
5492.2
5492.9
5493.6
5494.3
5495
5495.7
5496.4
5497.1
5497.8
5498.5
5499.2
5499.9
5500.6
5501.3
5502
5502.7
5503.4
5504.1
5504.8
5505.5
5506.2
5506.9
5507.6
5508.3
5509
5509.7
5510.4
5511.1
5511.8
5512.5
5513.2
5513.9
5514.6
5515.3
5516
5516.7
5517.4
5518.1
5518.8
5519.5
5520.2
5520.9
5521.6
5522.3
5523
5523.7
5524.4
5525.1
5525.8
5526.5
5527.2
5527.9
5528.6
5529.3
5530
5530.7
5531.4
5532.1
5532.8
5533.5
5534.2
5534.9
5535.6
5536.3
5537
5537.7
5538.4
5539.1
5539.8
5540.5
5541.2
5541.9
5542.6
5543.3
5544
5544.7
5545.4
5546.1
5546.8
5547.5
5548.2
5548.9
5549.6
5550.3
5551
5551.7
5552.4
5553.1
5553.8
5554.5
5555.2
5555.9
5556.6
5557.3
5558
5558.7
5559.4
5560.1
5560.8
5561.5
5562.2
5562.9
5563.6
5564.3
5565
5565.7
5566.4
5567.1
5567.8
5568.5
5569.2
5569.9
5570.6
5571.3
5572
5572.7
5573.4
5574.1
5574.8
5575.5
5576.2
5576.9
5577.6
5578.3
5579
5579.7
5580.4
5581.1
5581.8
5582.5
5583.2
5583.9
5584.6
5585.3
5586
5586.7
5587.4
5588.1
5588.8
5589.5
5590.2
5590.9
5591.6
5592.3
