931.13
931.84
932.53
933.24
933.93
934.63
935.34
936.03
936.74
937.43
938.13
938.84
939.53
940.24
940.93
941.63
942.34
943.03
943.74
944.43
945.13
945.84
946.53
947.24
947.93
948.63
949.34
950.03
950.74
951.43
952.13
952.84
953.53
954.24
954.93
955.63
956.34
957.03
957.74
958.43
959.13
959.84
960.53
961.24
961.93
962.63
963.34
964.03
964.74
965.43
966.13
966.84
967.53
968.24
968.93
969.63
970.34
971.03
971.74
972.43
973.13
973.84
974.53
975.24
975.93
976.63
977.34
978.03
978.74
979.43
980.13
980.84
981.53
982.24
982.93
983.63
984.34
985.03
985.74
986.43
987.13
987.84
988.53
989.24
989.93
990.63
991.34
992.03
992.74
993.43
994.13
994.84
995.53
996.24
996.93
997.63
998.34
999.03
999.74
1000.4
1001.1
1001.8
1002.5
1003.2
1003.9
1004.6
1005.3
1006
1006.7
1007.4
1008.1
1008.8
1009.5
1010.2
1010.9
1011.6
1012.3
1013
1013.7
1014.4
1015.1
1015.8
1016.5
1017.2
1017.9
1018.6
1019.3
1020
1020.7
1021.4
1022.1
1022.8
1023.5
1024.2
1024.9
1025.6
1026.3
1027
1027.7
1028.4
1029.1
1029.8
1030.5
1031.2
1031.9
1032.6
1033.3
1034
1034.7
1035.4
1036.1
1036.8
1037.5
1038.2
1038.9
1039.6
1040.3
1041
1041.7
1042.4
1043.1
1043.8
1044.5
1045.2
1045.9
1046.6
1047.3
1048
1048.7
1049.4
1050.1
1050.8
1051.5
1052.2
1052.9
1053.6
1054.3
1055
1055.7
1056.4
1057.1
1057.8
1058.5
1059.2
1059.9
1060.6
1061.3
1062
1062.7
1063.4
1064.1
1064.8
1065.5
1066.2
1066.9
1067.6
1068.3
1069
1069.7
1070.4
1071.1
1071.8
1072.5
1073.2
1073.9
1074.6
1075.3
1076
1076.7
1077.4
1078.1
1078.8
1079.5
1080.2
1080.9
1081.6
1082.3
1083
1083.7
1084.4
1085.1
1085.8
1086.5
1087.2
1087.9
1088.6
1089.3
1090
1090.7
1091.4
1092.1
1092.8
1093.5
1094.2
1094.9
1095.6
1096.3
1097
1097.7
1098.4
1099.1
1099.8
1100.5
1101.2
1101.9
1102.6
1103.3
1104
1104.7
1105.4
1106.1
1106.8
1107.5
1108.2
1108.9
1109.6
1110.3
1111
1111.7
1112.4
1113.1
1113.8
1114.5
1115.2
1115.9
1116.6
1117.3
1118
1118.7
1119.4
1120.1
1120.8
1121.5
1122.2
1122.9
1123.6
1124.3
1125
1125.7
1126.4
1127.1
1127.8
1128.5
1129.2
1129.9
1130.6
1131.3
1132
1132.7
1133.4
1134.1
1134.8
1135.5
1136.2
1136.9
1137.6
1138.3
1139
1139.7
1140.4
1141.1
1141.8
1142.5
1143.2
1143.9
1144.6
1145.3
1146
1146.7
1147.4
1148.1
1148.8
1149.5
1150.2
1150.9
1151.6
1152.3
1153
1153.7
1154.4
1155.1
1155.8
1156.5
1157.2
1157.9
1158.6
1159.3
1160
1160.7
1161.4
1162.1
1162.8
1163.5
1164.2
1164.9
1165.6
1166.3
1167
1167.7
1168.4
1169.1
1169.8
1170.5
1171.2
1171.9
1172.6
1173.3
1174
1174.7
1175.4
1176.1
1176.8
1177.5
1178.2
1178.9
1179.6
1180.3
1181
1181.7
1182.4
1183.1
1183.8
1184.5
1185.2
1185.9
1186.6
1187.3
1188
1188.7
1189.4
1190.1
1190.8
1191.5
1192.2
1192.9
1193.6
1194.3
1195
1195.7
1196.4
1197.1
1197.8
1198.5
1199.2
1199.9
1200.6
1201.3
1202
1202.7
1203.4
1204.1
1204.8
1205.5
1206.2
1206.9
1207.6
1208.3
1209
1209.7
1210.4
1211.1
1211.8
1212.5
1213.2
1213.9
1214.6
1215.3
1216
1216.7
1217.4
1218.1
1218.8
1219.5
1220.2
1220.9
1221.6
1222.3
1223
1223.7
1224.4
1225.1
1225.8
1226.5
1227.2
1227.9
1228.6
1229.3
1230
1230.7
1231.4
1232.1
1232.8
1233.5
1234.2
1234.9
1235.6
1236.3
1237
1237.7
1238.4
1239.1
1239.8
1240.5
1241.2
1241.9
1242.6
1243.3
1244
1244.7
1245.4
1246.1
1246.8
1247.5
1248.2
1248.9
1249.6
1250.3
1251
1251.7
1252.4
1253.1
1253.8
1254.5
1255.2
1255.9
1256.6
1257.3
