66809
66809
66810
66811
66811
66812
66813
66813
66814
66815
66816
66816
66817
66818
66818
66819
66820
66820
66821
66822
66823
66823
66824
66825
66825
66826
66827
66827
66828
66829
66830
66830
66831
66832
66832
66833
66834
66834
66835
66836
66837
66837
66838
66839
66839
66840
66841
66841
66842
66843
66844
66844
66845
66846
66846
66847
66848
66848
66849
66850
66851
66851
66852
66853
66853
66854
66855
66855
66856
66857
66858
66858
66859
66860
66860
66861
66862
66862
66863
66864
66865
66865
66866
66867
66867
66868
66869
66869
66870
66871
66872
66872
66873
66874
66874
66875
66876
66876
66877
66878
66879
66879
66880
66881
66881
66882
66883
66883
66884
66885
66886
66886
66887
66888
66888
66889
66890
66890
66891
66892
66893
66893
66894
66895
66895
66896
66897
66897
66898
66899
66900
66900
66901
66902
66902
66903
66904
66904
66905
66906
66907
66907
66908
66909
66909
66910
66911
66911
66912
66913
66914
66914
66915
66916
66916
66917
66918
66918
66919
66920
66921
66921
66922
66923
66923
66924
66925
66925
66926
66927
66928
66928
66929
66930
66930
66931
66932
66932
66933
66934
66935
66935
66936
66937
66937
66938
66939
66939
66940
66941
66942
66942
66943
66944
66944
66945
66946
66946
66947
66948
66949
66949
66950
66951
66951
66952
66953
66953
66954
66955
66956
66956
66957
66958
66958
66959
66960
66960
66961
66962
66963
66963
66964
66965
66965
66966
66967
66967
66968
66969
66970
66970
66971
66972
66972
66973
66974
66974
66975
66976
66977
66977
66978
66979
66979
66980
66981
66981
66982
66983
66984
66984
66985
66986
66986
66987
66988
66988
66989
66990
66991
66991
66992
66993
66993
66994
66995
66995
66996
66997
66998
66998
66999
67000
67000
67001
67002
67002
67003
67004
67005
67005
67006
67007
67007
67008
67009
67009
67010
67011
67012
67012
67013
67014
67014
67015
67016
67016
67017
67018
67019
67019
67020
67021
67021
67022
67023
67023
67024
67025
67026
67026
67027
67028
67028
67029
67030
67030
67031
67032
67033
67033
67034
67035
67035
67036
67037
67037
67038
67039
67040
67040
67041
67042
67042
67043
67044
67044
67045
67046
67047
67047
67048
67049
67049
67050
67051
67051
67052
67053
67054
67054
67055
67056
67056
67057
67058
67058
67059
67060
67061
67061
67062
67063
67063
67064
67065
67065
67066
67067
67068
67068
67069
67070
67070
67071
67072
67072
67073
67074
67075
67075
67076
67077
67077
