7859.7
7860.4
7861.1
7861.8
7862.5
7863.2
7863.9
7864.6
7865.3
7866
7866.7
7867.4
7868.1
7868.8
7869.5
7870.2
7870.9
7871.6
7872.3
7873
7873.7
7874.4
7875.1
7875.8
7876.5
7877.2
7877.9
7878.6
7879.3
7880
7880.7
7881.4
7882.1
7882.8
7883.5
7884.2
7884.9
7885.6
7886.3
7887
7887.7
7888.4
7889.1
7889.8
7890.5
7891.2
7891.9
7892.6
7893.3
7894
7894.7
7895.4
7896.1
7896.8
7897.5
7898.2
7898.9
7899.6
7900.3
7901
7901.7
7902.4
7903.1
7903.8
7904.5
7905.2
7905.9
7906.6
7907.3
7908
7908.7
7909.4
7910.1
7910.8
7911.5
7912.2
7912.9
7913.6
7914.3
7915
7915.7
7916.4
7917.1
7917.8
7918.5
7919.2
7919.9
7920.6
7921.3
7922
7922.7
7923.4
7924.1
7924.8
7925.5
7926.2
7926.9
7927.6
7928.3
7929
7929.7
7930.4
7931.1
7931.8
7932.5
7933.2
7933.9
7934.6
7935.3
7936
7936.7
7937.4
7938.1
7938.8
7939.5
7940.2
7940.9
7941.6
7942.3
7943
7943.7
7944.4
7945.1
7945.8
7946.5
7947.2
7947.9
7948.6
7949.3
7950
7950.7
7951.4
7952.1
7952.8
7953.5
7954.2
7954.9
7955.6
7956.3
7957
7957.7
7958.4
7959.1
7959.8
7960.5
7961.2
7961.9
7962.6
7963.3
7964
7964.7
7965.4
7966.1
7966.8
7967.5
7968.2
7968.9
7969.6
7970.3
7971
7971.7
7972.4
7973.1
7973.8
7974.5
7975.2
7975.9
7976.6
7977.3
7978
7978.7
7979.4
7980.1
7980.8
7981.5
7982.2
7982.9
7983.6
7984.3
7985
7985.7
7986.4
7987.1
7987.8
7988.5
7989.2
7989.9
7990.6
7991.3
7992
7992.7
7993.4
7994.1
7994.8
7995.5
7996.2
7996.9
7997.6
7998.3
7999
7999.7
8000.4
8001.1
8001.8
8002.5
8003.2
8003.9
8004.6
8005.3
8006
8006.7
8007.4
8008.1
8008.8
8009.5
8010.2
8010.9
8011.6
8012.3
8013
8013.7
8014.4
8015.1
8015.8
8016.5
8017.2
8017.9
8018.6
8019.3
8020
8020.7
8021.4
8022.1
8022.8
8023.5
8024.2
8024.9
8025.6
8026.3
8027
8027.7
8028.4
8029.1
8029.8
8030.5
8031.2
8031.9
8032.6
8033.3
8034
8034.7
8035.4
8036.1
8036.8
8037.5
8038.2
8038.9
8039.6
8040.3
8041
8041.7
8042.4
8043.1
8043.8
8044.5
8045.2
8045.9
8046.6
8047.3
8048
8048.7
8049.4
8050.1
8050.8
8051.5
8052.2
8052.9
8053.6
8054.3
