71251
71252
71253
71253
71254
71255
71256
71256
71257
71258
71258
71259
71260
71260
71261
71262
71263
71263
71264
71265
71265
71266
71267
71267
71268
71269
71270
71270
71271
71272
71272
71273
71274
71274
71275
71276
71277
71277
71278
71279
71279
71280
71281
71281
71282
71283
71284
71284
71285
71286
71286
71287
71288
71288
71289
71290
71291
71291
71292
71293
71293
71294
71295
71295
71296
71297
71298
71298
71299
71300
71300
71301
71302
71302
71303
71304
71305
71305
71306
71307
71307
71308
71309
71309
71310
71311
71312
71312
71313
71314
71314
71315
71316
71316
71317
71318
71319
71319
71320
71321
71321
71322
71323
71323
71324
71325
71326
71326
71327
71328
71328
71329
71330
71330
71331
71332
71333
71333
71334
71335
71335
71336
71337
71337
71338
71339
71340
71340
71341
71342
71342
71343
71344
71344
71345
71346
71347
71347
71348
71349
71349
71350
71351
71351
71352
71353
71354
71354
71355
71356
71356
71357
71358
71358
71359
71360
71361
71361
71362
71363
71363
71364
71365
71365
71366
71367
71368
71368
71369
71370
71370
71371
71372
71372
71373
71374
71375
71375
71376
71377
71377
71378
71379
71379
71380
71381
71382
71382
71383
71384
71384
71385
71386
71386
71387
71388
71389
71389
71390
71391
71391
71392
71393
71393
71394
71395
71396
71396
71397
71398
71398
71399
71400
71400
71401
71402
71403
71403
71404
71405
71405
71406
71407
71407
71408
71409
71410
71410
71411
71412
71412
71413
71414
71414
71415
71416
71417
71417
71418
71419
71419
71420
71421
71421
71422
71423
71424
71424
71425
71426
71426
71427
71428
71428
71429
71430
71431
71431
71432
71433
71433
71434
71435
71435
71436
71437
71438
71438
71439
71440
71440
71441
71442
71442
71443
71444
71445
71445
71446
71447
71447
71448
71449
71449
71450
71451
71452
71452
71453
71454
71454
71455
71456
71456
71457
71458
71459
71459
71460
71461
71461
71462
71463
71463
71464
71465
71466
71466
71467
71468
71468
71469
71470
71470
71471
71472
71473
71473
71474
71475
71475
71476
71477
71477
71478
71479
71480
71480
71481
71482
71482
71483
71484
71484
71485
71486
71487
71487
71488
71489
71489
71490
71491
71491
71492
71493
71494
71494
71495
71496
71496
71497
71498
71498
71499
71500
71501
71501
71502
71503
71503
71504
71505
71505
71506
71507
71508
71508
71509
71510
71510
71511
71512
71512
71513
71514
71515
71515
71516
71517
71517
71518
71519
71519
71520
71521
71522
71522
71523
