61725
61725
61726
61727
61728
61728
61729
61730
61730
61731
61732
61732
61733
61734
61735
61735
61736
61737
61737
61738
61739
61739
61740
61741
61742
61742
61743
61744
61744
61745
61746
61746
61747
61748
61749
61749
61750
61751
61751
61752
61753
61753
61754
61755
61756
61756
61757
61758
61758
61759
61760
61760
61761
61762
61763
61763
61764
61765
61765
61766
61767
61767
61768
61769
61770
61770
61771
61772
61772
61773
61774
61774
61775
61776
61777
61777
61778
61779
61779
61780
61781
61781
61782
61783
61784
61784
61785
61786
61786
61787
61788
61788
61789
61790
61791
61791
61792
61793
61793
61794
61795
61795
61796
61797
61798
61798
61799
61800
61800
61801
61802
61802
61803
61804
61805
61805
61806
61807
61807
61808
61809
61809
61810
61811
61812
61812
61813
61814
61814
61815
61816
61816
61817
61818
61819
61819
61820
61821
61821
61822
61823
61823
61824
61825
61826
61826
61827
61828
61828
61829
61830
61830
61831
61832
61833
61833
61834
61835
61835
61836
61837
61837
61838
61839
61840
61840
61841
61842
61842
61843
61844
61844
61845
61846
61847
61847
61848
61849
61849
61850
61851
61851
61852
61853
61854
61854
61855
61856
61856
61857
61858
61858
61859
61860
61861
61861
61862
61863
61863
61864
61865
61865
61866
61867
61868
61868
61869
61870
61870
61871
61872
61872
61873
61874
61875
61875
61876
61877
61877
61878
61879
61879
61880
61881
61882
61882
61883
61884
61884
61885
61886
61886
61887
61888
61889
61889
61890
61891
61891
61892
61893
61893
61894
61895
61896
61896
61897
61898
61898
61899
61900
61900
61901
61902
61903
61903
61904
61905
61905
61906
61907
61907
61908
61909
61910
61910
61911
61912
61912
61913
61914
61914
61915
61916
61917
61917
61918
61919
61919
61920
61921
61921
61922
61923
61924
61924
61925
61926
61926
61927
61928
61928
61929
61930
61931
61931
61932
61933
61933
61934
61935
61935
61936
61937
61938
61938
61939
61940
61940
61941
61942
61942
61943
61944
61945
61945
61946
61947
61947
61948
61949
61949
61950
61951
61952
61952
61953
61954
61954
61955
61956
61956
61957
61958
61959
61959
61960
61961
61961
61962
61963
61963
61964
61965
61966
61966
61967
61968
61968
61969
61970
61970
61971
61972
61973
61973
61974
61975
61975
61976
61977
61977
61978
61979
61980
61980
61981
61982
61982
61983
61984
61984
61985
61986
61987
61987
61988
61989
61989
61990
61991
61991
61992
61993
61994
61994
61995
61996
61996
61997
61998
61998
61999
62000
62001
62001
62002
62003
62003
62004
62005
62005
62006
62007
62008
62008
62009
62010
62010
62011
62012
62012
62013
62014
62015
62015
62016
62017
62017
62018
62019
62019
62020
62021
62022
62022
62023
62024
62024
62025
62026
62026
62027
62028
62029
62029
62030
62031
62031
62032
62033
62033
62034
62035
62036
62036
62037
62038
62038
62039
62040
62040
62041
62042
62043
62043
62044
62045
62045
62046
62047
62047
62048
62049
62050
62050
62051
62052
62052
62053
62054
62054
62055
62056
62057
62057
62058
62059
62059
62060
62061
62061
62062
62063
62064
62064
62065
62066
62066
62067
62068
62068
62069
62070
62071
62071
62072
62073
62073
62074
62075
62075
62076
62077
62078
62078
62079
62080
62080
62081
62082
62082
62083
62084
62085
62085
62086
62087
62087
62088
62089
62089
62090
62091
62092
62092
62093
62094
62094
62095
62096
62096
62097
62098
62099
62099
62100
62101
62101
62102
62103
62103
62104
62105
62106
