46196
46196
46197
46198
46199
46199
46200
46201
46201
46202
46203
46203
46204
46205
46206
46206
46207
46208
46208
46209
46210
46210
46211
46212
46213
46213
46214
46215
46215
46216
46217
46217
46218
46219
46220
46220
46221
46222
46222
46223
46224
46224
46225
46226
46227
46227
46228
46229
46229
46230
46231
46231
46232
46233
46234
46234
46235
46236
46236
46237
46238
46238
46239
46240
46241
46241
46242
46243
46243
46244
46245
46245
46246
46247
46248
46248
46249
46250
46250
46251
46252
46252
46253
46254
46255
46255
46256
46257
46257
46258
46259
46259
46260
46261
46262
46262
46263
46264
46264
46265
46266
46266
46267
46268
46269
46269
46270
46271
46271
46272
46273
46273
46274
46275
46276
46276
46277
46278
46278
46279
46280
46280
46281
46282
46283
46283
46284
46285
46285
46286
46287
46287
46288
46289
46290
46290
46291
46292
46292
46293
46294
46294
46295
46296
46297
46297
46298
46299
46299
46300
46301
46301
46302
46303
46304
46304
46305
46306
46306
46307
46308
46308
46309
46310
46311
46311
46312
46313
46313
46314
46315
46315
46316
46317
46318
46318
46319
46320
46320
46321
46322
46322
46323
46324
46325
46325
46326
46327
46327
46328
46329
46329
46330
46331
46332
46332
46333
46334
46334
46335
46336
46336
46337
46338
46339
46339
46340
46341
46341
46342
46343
46343
46344
46345
46346
46346
46347
46348
46348
46349
46350
46350
46351
46352
46353
46353
46354
46355
46355
46356
46357
46357
46358
46359
46360
46360
46361
46362
46362
46363
46364
46364
46365
46366
46367
46367
46368
46369
46369
46370
46371
46371
46372
46373
46374
46374
46375
46376
46376
46377
46378
46378
46379
46380
46381
46381
46382
46383
46383
46384
46385
46385
46386
46387
46388
46388
46389
46390
46390
46391
46392
46392
46393
46394
46395
46395
46396
46397
46397
46398
46399
46399
46400
46401
46402
46402
46403
46404
46404
46405
46406
46406
46407
46408
46409
46409
46410
46411
46411
46412
46413
46413
46414
46415
46416
46416
46417
46418
46418
46419
46420
46420
46421
46422
46423
46423
46424
46425
46425
46426
46427
46427
46428
46429
46430
46430
46431
46432
46432
46433
46434
46434
46435
46436
46437
46437
46438
46439
46439
46440
46441
46441
46442
46443
46444
46444
46445
46446
46446
46447
46448
46448
46449
46450
46451
46451
46452
46453
46453
46454
46455
46455
46456
46457
46458
46458
46459
46460
46460
46461
46462
46462
46463
46464
46465
46465
46466
46467
46467
46468
46469
46469
46470
46471
46472
46472
46473
46474
46474
46475
46476
46476
46477
46478
46479
46479
46480
46481
46481
46482
46483
46483
46484
46485
46486
46486
46487
46488
46488
46489
46490
46490
46491
46492
46493
46493
46494
46495
46495
46496
46497
46497
46498
46499
46500
46500
46501
46502
46502
46503
46504
46504
46505
46506
46507
46507
46508
46509
46509
46510
46511
46511
46512
46513
46514
46514
46515
46516
46516
46517
46518
46518
46519
46520
46521
46521
46522
46523
46523
46524
46525
46525
46526
46527
46528
46528
46529
46530
46530
46531
46532
46532
46533
46534
46535
46535
46536
46537
46537
46538
46539
