4.402811e+01   1.662670e+02   1.816108e+01   -1.734141e+00   0.000000e+00   4.063643e+04   
4.406556e+01   1.662997e+02   1.816145e+01   -2.786148e+00   0.000000e+00   4.063713e+04   
4.410291e+01   1.663325e+02   1.816119e+01   -4.142390e+00   0.000000e+00   4.063783e+04   
4.414030e+01   1.663653e+02   1.816147e+01   -4.832032e+00   0.000000e+00   4.063853e+04   
4.417766e+01   1.663982e+02   1.816134e+01   -1.414534e+00   0.000000e+00   4.063923e+04   
4.421499e+01   1.664310e+02   1.816150e+01   -3.776485e-01   0.000000e+00   4.063993e+04   
4.425234e+01   1.664640e+02   1.816144e+01   -7.039142e-01   0.000000e+00   4.064063e+04   
4.428968e+01   1.664970e+02   1.816154e+01   -1.417304e+00   0.000000e+00   4.064133e+04   
4.432698e+01   1.665300e+02   1.816153e+01   -1.039201e+00   0.000000e+00   4.064203e+04   
4.436433e+01   1.665631e+02   1.816156e+01   -1.388866e+00   0.000000e+00   4.064273e+04   
4.440161e+01   1.665962e+02   1.816163e+01   -6.983342e-01   0.000000e+00   4.064343e+04   
4.443890e+01   1.666294e+02   1.816159e+01   -7.041589e-01   0.000000e+00   4.064413e+04   
4.447620e+01   1.666626e+02   1.816169e+01   -1.041309e+00   0.000000e+00   4.064483e+04   
4.451344e+01   1.666958e+02   1.816168e+01   -3.608119e-01   0.000000e+00   4.064553e+04   
4.455070e+01   1.667291e+02   1.816171e+01   -1.312627e-02   0.000000e+00   4.064623e+04   
4.458794e+01   1.667625e+02   1.816175e+01   -7.043141e-01   0.000000e+00   4.064693e+04   
4.462515e+01   1.667958e+02   1.816179e+01   -3.828416e+00   0.000000e+00   4.064763e+04   
4.466239e+01   1.668293e+02   1.816176e+01   -3.478089e+00   0.000000e+00   4.064833e+04   
4.469957e+01   1.668627e+02   1.816188e+01   -7.059127e-01   0.000000e+00   4.064903e+04   
4.473674e+01   1.668963e+02   1.816175e+01   -1.045746e+00   0.000000e+00   4.064973e+04   
4.477394e+01   1.669298e+02   1.816194e+01   -7.029214e-01   0.000000e+00   4.065043e+04   
4.481108e+01   1.669634e+02   1.816181e+01   -3.627036e-01   0.000000e+00   4.065113e+04   
4.484826e+01   1.669971e+02   1.816193e+01   -1.392614e+00   0.000000e+00   4.065183e+04   
4.488542e+01   1.670308e+02   1.816191e+01   -7.049361e-01   0.000000e+00   4.065253e+04   
4.492256e+01   1.670646e+02   1.816192e+01   3.279276e-01   0.000000e+00   4.065323e+04   
4.495975e+01   1.670985e+02   1.816199e+01   -3.619105e-01   0.000000e+00   4.065393e+04   
4.499688e+01   1.671323e+02   1.816196e+01   -1.789530e-02   0.000000e+00   4.065463e+04   
4.503400e+01   1.671663e+02   1.816204e+01   3.163262e-01   0.000000e+00   4.065533e+04   
4.507111e+01   1.672002e+02   1.816198e+01   -3.671538e-01   0.000000e+00   4.065603e+04   
4.510815e+01   1.672342e+02   1.816213e+01   -7.067385e-01   0.000000e+00   4.065673e+04   
4.514520e+01   1.672682e+02   1.816200e+01   -3.663828e-01   0.000000e+00   4.065743e+04   
4.518222e+01   1.673023e+02   1.816216e+01   -3.659826e-01   0.000000e+00   4.065813e+04   
4.521921e+01   1.673364e+02   1.816211e+01   -3.558815e-02   0.000000e+00   4.065883e+04   
4.525625e+01   1.673706e+02   1.816218e+01   -3.852242e-01   0.000000e+00   4.065953e+04   
4.529324e+01   1.674048e+02   1.816219e+01   -1.068738e+00   0.000000e+00   4.066023e+04   
4.533024e+01   1.674390e+02   1.816222e+01   -3.846798e-01   0.000000e+00   4.066093e+04   
4.536726e+01   1.674734e+02   1.816223e+01   -1.420535e+00   0.000000e+00   4.066163e+04   
4.540422e+01   1.675077e+02   1.816228e+01   -3.913784e-01   0.000000e+00   4.066233e+04   
4.544122e+01   1.675422e+02   1.816232e+01   -3.934067e-01   0.000000e+00   4.066303e+04   
4.547819e+01   1.675766e+02   1.816231e+01   -1.424549e+00   0.000000e+00   4.066373e+04   
4.551511e+01   1.676111e+02   1.816241e+01   -7.340592e-01   0.000000e+00   4.066443e+04   
4.555207e+01   1.676457e+02   1.816241e+01   -7.261661e-01   0.000000e+00   4.066513e+04   
4.558897e+01   1.676803e+02   1.816244e+01   6.544309e-01   0.000000e+00   4.066583e+04   
4.562587e+01   1.677150e+02   1.816248e+01   3.010499e-01   0.000000e+00   4.066653e+04   
4.566280e+01   1.677497e+02   1.816257e+01   3.163374e-01   0.000000e+00   4.066723e+04   
4.569965e+01   1.677844e+02   1.816255e+01   -2.684797e-02   0.000000e+00   4.066793e+04   
4.573655e+01   1.678192e+02   1.816267e+01   -1.074100e+00   0.000000e+00   4.066863e+04   
4.577342e+01   1.678541e+02   1.816266e+01   -1.056176e+00   0.000000e+00   4.066933e+04   
4.581026e+01   1.678890e+02   1.816268e+01   -3.943280e-02   0.000000e+00   4.067003e+04   
4.584712e+01   1.679240e+02   1.816283e+01   -3.865543e-01   0.000000e+00   4.067073e+04   
4.588393e+01   1.679590e+02   1.816276e+01   -3.748953e-01   0.000000e+00   4.067143e+04   
4.592073e+01   1.679940e+02   1.816281e+01   6.480913e-01   0.000000e+00   4.067213e+04   
4.400128e+01   1.663254e+02   1.740430e+01   3.958081e-01   0.000000e+00   4.063643e+04   
4.403870e+01   1.663581e+02   1.740462e+01   -2.013941e+00   0.000000e+00   4.063713e+04   
4.407604e+01   1.663909e+02   1.740440e+01   -2.013660e+00   0.000000e+00   4.063783e+04   
4.411341e+01   1.664237e+02   1.740466e+01   -7.178921e+00   0.000000e+00   4.063853e+04   
4.415075e+01   1.664566e+02   1.740454e+01   -2.335496e+00   0.000000e+00   4.063923e+04   
4.418806e+01   1.664895e+02   1.740470e+01   1.421706e+00   0.000000e+00   4.063993e+04   
4.422540e+01   1.665225e+02   1.740461e+01   1.082121e+00   0.000000e+00   4.064063e+04   
4.426271e+01   1.665555e+02   1.740475e+01   7.687492e-01   0.000000e+00   4.064133e+04   
4.430000e+01   1.665885e+02   1.740468e+01   4.267060e-01   0.000000e+00   4.064203e+04   
4.433733e+01   1.666216e+02   1.740477e+01   -6.105515e-01   0.000000e+00   4.064273e+04   
4.437459e+01   1.666548e+02   1.740479e+01   -9.501858e-01   0.000000e+00   4.064343e+04   
4.441187e+01   1.666880e+02   1.740479e+01   8.008035e-02   0.000000e+00   4.064413e+04   
4.444914e+01   1.667212e+02   1.740485e+01   4.242615e-01   0.000000e+00   4.064483e+04   
4.448636e+01   1.667545e+02   1.740487e+01   3.909049e-01   0.000000e+00   4.064553e+04   
4.452361e+01   1.667878e+02   1.740488e+01   1.455178e+00   0.000000e+00   4.064623e+04   
4.456083e+01   1.668212e+02   1.740492e+01   -2.646775e-01   0.000000e+00   4.064693e+04   
4.459802e+01   1.668546e+02   1.740497e+01   -2.332200e+00   0.000000e+00   4.064763e+04   
4.463524e+01   1.668880e+02   1.740491e+01   7.322337e-01   0.000000e+00   4.064833e+04   
4.467240e+01   1.669215e+02   1.740507e+01   1.456369e+00   0.000000e+00   4.064903e+04   
4.470955e+01   1.669551e+02   1.740490e+01   1.459001e+00   0.000000e+00   4.064973e+04   
4.474674e+01   1.669887e+02   1.740512e+01   3.924847e-01   0.000000e+00   4.065043e+04   
4.478385e+01   1.670223e+02   1.740496e+01   -3.009731e-01   0.000000e+00   4.065113e+04   
4.482102e+01   1.670560e+02   1.740510e+01   7.309203e-02   0.000000e+00   4.065183e+04   
4.485816e+01   1.670897e+02   1.740507e+01   4.234044e-01   0.000000e+00   4.065253e+04   
4.489528e+01   1.671235e+02   1.740507e+01   4.236448e-01   0.000000e+00   4.065323e+04   
4.493245e+01   1.671574e+02   1.740516e+01   -2.723756e-01   0.000000e+00   4.065393e+04   
4.496955e+01   1.671913e+02   1.740511e+01   4.241613e-01   0.000000e+00   4.065463e+04   
4.500665e+01   1.672252e+02   1.740521e+01   7.644522e-01   0.000000e+00   4.065533e+04   
4.504374e+01   1.672592e+02   1.740513e+01   4.272161e-01   0.000000e+00   4.065603e+04   
4.508077e+01   1.672932e+02   1.740528e+01   7.649065e-01   0.000000e+00   4.065673e+04   
4.511780e+01   1.673273e+02   1.740515e+01   1.111720e+00   0.000000e+00   4.065743e+04   
4.515480e+01   1.673614e+02   1.740531e+01   7.596818e-01   0.000000e+00   4.065813e+04   
4.519178e+01   1.673955e+02   1.740526e+01   4.862119e-01   0.000000e+00   4.065883e+04   
4.522880e+01   1.674297e+02   1.740533e+01   1.529130e+00   0.000000e+00   4.065953e+04   
4.526577e+01   1.674639e+02   1.740532e+01   8.207691e-01   0.000000e+00   4.066023e+04   
4.530275e+01   1.674982e+02   1.740538e+01   1.517465e+00   0.000000e+00   4.066093e+04   
4.533974e+01   1.675326e+02   1.740536e+01   1.870266e+00   0.000000e+00   4.066163e+04   
4.537669e+01   1.675669e+02   1.740541e+01   5.042993e-01   0.000000e+00   4.066233e+04   
4.541367e+01   1.676014e+02   1.740547e+01   1.172312e+00   0.000000e+00   4.066303e+04   
4.545062e+01   1.676359e+02   1.740545e+01   -1.888581e-01   0.000000e+00   4.066373e+04   
4.548752e+01   1.676704e+02   1.740554e+01   5.053786e-01   0.000000e+00   4.066443e+04   
4.552446e+01   1.677050e+02   1.740556e+01   1.295210e-01   0.000000e+00   4.066513e+04   
4.556134e+01   1.677396e+02   1.740557e+01   8.237607e-01   0.000000e+00   4.066583e+04   
4.559822e+01   1.677743e+02   1.740561e+01   1.340996e-01   0.000000e+00   4.066653e+04   
4.563512e+01   1.678090e+02   1.740571e+01   2.200930e+00   0.000000e+00   4.066723e+04   
4.567196e+01   1.678438e+02   1.740567e+01   8.274012e-01   0.000000e+00   4.066793e+04   
4.570884e+01   1.678786e+02   1.740580e+01   -1.860407e-01   0.000000e+00   4.066863e+04   
4.574569e+01   1.679135e+02   1.740579e+01   -1.894355e-01   0.000000e+00   4.066933e+04   
4.578251e+01   1.679484e+02   1.740580e+01   -2.076640e-01   0.000000e+00   4.067003e+04   
4.581936e+01   1.679834e+02   1.740596e+01   8.304110e-01   0.000000e+00   4.067073e+04   
4.401181e+01   1.664164e+02   1.664286e+01   -1.218079e+00   0.000000e+00   4.063713e+04   
4.404913e+01   1.664492e+02   1.664267e+01   4.888093e-01   0.000000e+00   4.063783e+04   
4.408648e+01   1.664820e+02   1.664290e+01   -8.770583e-01   0.000000e+00   4.063853e+04   
4.412381e+01   1.665149e+02   1.664279e+01   -5.265716e-01   0.000000e+00   4.063923e+04   
4.416110e+01   1.665478e+02   1.664295e+01   8.540220e-01   0.000000e+00   4.063993e+04   
4.419842e+01   1.665808e+02   1.664284e+01   1.194468e+00   0.000000e+00   4.064063e+04   
4.423572e+01   1.666139e+02   1.664302e+01   8.587303e-01   0.000000e+00   4.064133e+04   
4.427298e+01   1.666469e+02   1.664290e+01   1.195042e+00   0.000000e+00   4.064203e+04   
4.431029e+01   1.666801e+02   1.664304e+01   1.160143e+00   0.000000e+00   4.064273e+04   
4.434753e+01   1.667132e+02   1.664300e+01   5.194889e-01   0.000000e+00   4.064343e+04   
4.438479e+01   1.667464e+02   1.664306e+01   1.661188e-01   0.000000e+00   4.064413e+04   
4.442205e+01   1.667797e+02   1.664307e+01   1.532842e+00   0.000000e+00   4.064483e+04   
4.445925e+01   1.668130e+02   1.664311e+01   8.708669e-01   0.000000e+00   4.064553e+04   
4.449648e+01   1.668463e+02   1.664311e+01   2.227625e+00   0.000000e+00   4.064623e+04   
4.453368e+01   1.668797e+02   1.664314e+01   1.180316e+00   0.000000e+00   4.064693e+04   
4.457086e+01   1.669131e+02   1.664321e+01   1.194396e+00   0.000000e+00   4.064763e+04   
4.460806e+01   1.669467e+02   1.664312e+01   1.884154e+00   0.000000e+00   4.064833e+04   
4.464520e+01   1.669801e+02   1.664331e+01   1.530854e+00   0.000000e+00   4.064903e+04   
4.468233e+01   1.670137e+02   1.664310e+01   1.548645e+00   0.000000e+00   4.064973e+04   
4.471950e+01   1.670473e+02   1.664336e+01   1.191329e+00   0.000000e+00   4.065043e+04   
4.475659e+01   1.670810e+02   1.664317e+01   1.535344e+00   0.000000e+00   4.065113e+04   
4.479374e+01   1.671147e+02   1.664333e+01   1.209373e+00   0.000000e+00   4.065183e+04   
4.483086e+01   1.671485e+02   1.664329e+01   8.695755e-01   0.000000e+00   4.065253e+04   
4.486796e+01   1.671823e+02   1.664328e+01   1.196073e+00   0.000000e+00   4.065323e+04   
4.490511e+01   1.672162e+02   1.664339e+01   8.562813e-01   0.000000e+00   4.065393e+04   
4.494219e+01   1.672501e+02   1.664331e+01   8.523442e-01   0.000000e+00   4.065463e+04   
4.497927e+01   1.672841e+02   1.664344e+01   8.680257e-01   0.000000e+00   4.065533e+04   
4.501635e+01   1.673181e+02   1.664334e+01   1.894572e+00   0.000000e+00   4.065603e+04   
4.505335e+01   1.673521e+02   1.664349e+01   1.544970e+00   0.000000e+00   4.065673e+04   
4.509037e+01   1.673862e+02   1.664336e+01   1.190076e+00   0.000000e+00   4.065743e+04   
4.512735e+01   1.674203e+02   1.664351e+01   1.208095e+00   0.000000e+00   4.065813e+04   
4.516430e+01   1.674544e+02   1.664346e+01   2.296131e+00   0.000000e+00   4.065883e+04   
4.520131e+01   1.674887e+02   1.664355e+01   2.672751e+00   0.000000e+00   4.065953e+04   
4.523826e+01   1.675229e+02   1.664350e+01   1.983031e+00   0.000000e+00   4.066023e+04   
4.527523e+01   1.675572e+02   1.664359e+01   1.607186e+00   0.000000e+00   4.066093e+04   
4.531220e+01   1.675916e+02   1.664356e+01   1.959978e+00   0.000000e+00   4.066163e+04   
4.534912e+01   1.676260e+02   1.664361e+01   1.634133e+00   0.000000e+00   4.066233e+04   
4.538608e+01   1.676605e+02   1.664367e+01   1.288221e+00   0.000000e+00   4.066303e+04   
4.542301e+01   1.676950e+02   1.664364e+01   2.297268e+00   0.000000e+00   4.066373e+04   
4.545990e+01   1.677295e+02   1.664373e+01   1.267607e+00   0.000000e+00   4.066443e+04   
4.549681e+01   1.677642e+02   1.664376e+01   1.631746e+00   0.000000e+00   4.066513e+04   
4.553367e+01   1.677988e+02   1.664375e+01   9.282892e-01   0.000000e+00   4.066583e+04   
4.557054e+01   1.678335e+02   1.664380e+01   1.958781e+00   0.000000e+00   4.066653e+04   
4.560742e+01   1.678683e+02   1.664391e+01   2.320645e+00   0.000000e+00   4.066723e+04   
4.564424e+01   1.679030e+02   1.664384e+01   2.323411e+00   0.000000e+00   4.066793e+04   
4.568110e+01   1.679379e+02   1.664400e+01   2.321461e+00   0.000000e+00   4.066863e+04   
4.571793e+01   1.679728e+02   1.664398e+01   1.628011e+00   0.000000e+00   4.066933e+04   
4.402253e+01   1.665066e+02   1.588560e+01   9.057024e-01   0.000000e+00   4.063783e+04   
4.405986e+01   1.665395e+02   1.588578e+01   -1.805564e+00   0.000000e+00   4.063853e+04   
4.409717e+01   1.665724e+02   1.588569e+01   5.823153e-01   0.000000e+00   4.063923e+04   
4.413445e+01   1.666053e+02   1.588584e+01   1.946644e+00   0.000000e+00   4.063993e+04   
4.417175e+01   1.666384e+02   1.588573e+01   1.243167e+00   0.000000e+00   4.064063e+04   
4.420902e+01   1.666714e+02   1.588592e+01   1.947523e+00   0.000000e+00   4.064133e+04   
4.424627e+01   1.667045e+02   1.588578e+01   1.947909e+00   0.000000e+00   4.064203e+04   
4.428356e+01   1.667377e+02   1.588596e+01   2.298412e+00   0.000000e+00   4.064273e+04   
4.432079e+01   1.667708e+02   1.588587e+01   2.298815e+00   0.000000e+00   4.064343e+04   
4.435802e+01   1.668041e+02   1.588596e+01   2.293051e+00   0.000000e+00   4.064413e+04   
4.439526e+01   1.668374e+02   1.588595e+01   1.609645e+00   0.000000e+00   4.064483e+04   
4.443245e+01   1.668707e+02   1.588600e+01   2.293412e+00   0.000000e+00   4.064553e+04   
4.446966e+01   1.669040e+02   1.588599e+01   2.622600e+00   0.000000e+00   4.064623e+04   
4.450684e+01   1.669375e+02   1.588602e+01   3.674490e+00   0.000000e+00   4.064693e+04   
4.454400e+01   1.669709e+02   1.588610e+01   2.637175e+00   0.000000e+00   4.064763e+04   
4.458118e+01   1.670044e+02   1.588599e+01   1.941179e+00   0.000000e+00   4.064833e+04   
4.461830e+01   1.670379e+02   1.588620e+01   1.639063e+00   0.000000e+00   4.064903e+04   
4.465542e+01   1.670715e+02   1.588597e+01   2.284052e+00   0.000000e+00   4.064973e+04   
4.469257e+01   1.671052e+02   1.588624e+01   2.305792e+00   0.000000e+00   4.065043e+04   
4.472964e+01   1.671388e+02   1.588604e+01   1.639699e+00   0.000000e+00   4.065113e+04   
4.476677e+01   1.671726e+02   1.588619e+01   2.305702e+00   0.000000e+00   4.065183e+04   
4.480387e+01   1.672064e+02   1.588616e+01   1.938573e+00   0.000000e+00   4.065253e+04   
4.484095e+01   1.672402e+02   1.588614e+01   2.326471e+00   0.000000e+00   4.065323e+04   
4.487808e+01   1.672741e+02   1.588625e+01   2.295331e+00   0.000000e+00   4.065393e+04   
4.491514e+01   1.673081e+02   1.588618e+01   1.953145e+00   0.000000e+00   4.065463e+04   
4.495221e+01   1.673421e+02   1.588630e+01   1.290971e+00   0.000000e+00   4.065533e+04   
4.498926e+01   1.673761e+02   1.588620e+01   1.263578e+00   0.000000e+00   4.065603e+04   
4.502625e+01   1.674101e+02   1.588635e+01   1.613952e+00   0.000000e+00   4.065673e+04   
4.506324e+01   1.674442e+02   1.588623e+01   3.008196e+00   0.000000e+00   4.065743e+04   
4.510021e+01   1.674784e+02   1.588637e+01   2.668254e+00   0.000000e+00   4.065813e+04   
4.513714e+01   1.675125e+02   1.588632e+01   3.065125e+00   0.000000e+00   4.065883e+04   
4.517413e+01   1.675468e+02   1.588641e+01   3.031479e+00   0.000000e+00   4.065953e+04   
4.521106e+01   1.675811e+02   1.588634e+01   2.031934e+00   0.000000e+00   4.066023e+04   
4.524801e+01   1.676154e+02   1.588645e+01   2.382371e+00   0.000000e+00   4.066093e+04   
4.528496e+01   1.676498e+02   1.588641e+01   3.028940e+00   0.000000e+00   4.066163e+04   
4.532187e+01   1.676842e+02   1.588645e+01   1.343027e+00   0.000000e+00   4.066233e+04   
4.535881e+01   1.677187e+02   1.588651e+01   2.723483e+00   0.000000e+00   4.066303e+04   
4.539572e+01   1.677533e+02   1.588650e+01   2.375224e+00   0.000000e+00   4.066373e+04   
4.543258e+01   1.677878e+02   1.588656e+01   3.048017e+00   0.000000e+00   4.066443e+04   
4.546948e+01   1.678225e+02   1.588661e+01   2.708343e+00   0.000000e+00   4.066513e+04   
4.550632e+01   1.678571e+02   1.588659e+01   2.708559e+00   0.000000e+00   4.066583e+04   
4.554317e+01   1.678918e+02   1.588663e+01   2.372889e+00   0.000000e+00   4.066653e+04   
4.558003e+01   1.679266e+02   1.588676e+01   2.689528e+00   0.000000e+00   4.066723e+04   
4.561683e+01   1.679614e+02   1.588667e+01   3.029947e+00   0.000000e+00   4.066793e+04   
4.565367e+01   1.679963e+02   1.588683e+01   2.690371e+00   0.000000e+00   4.066863e+04   
4.403344e+01   1.665963e+02   1.513061e+01   2.700127e-01   0.000000e+00   4.063853e+04   
4.407073e+01   1.666292e+02   1.513056e+01   1.984392e+00   0.000000e+00   4.063923e+04   
4.410798e+01   1.666622e+02   1.513069e+01   2.331047e+00   0.000000e+00   4.063993e+04   
4.414527e+01   1.666953e+02   1.513058e+01   2.325244e+00   0.000000e+00   4.064063e+04   
4.418253e+01   1.667283e+02   1.513078e+01   3.361993e+00   0.000000e+00   4.064133e+04   
4.421976e+01   1.667614e+02   1.513061e+01   3.355729e+00   0.000000e+00   4.064203e+04   
4.425703e+01   1.667946e+02   1.513082e+01   2.668538e+00   0.000000e+00   4.064273e+04   
4.429423e+01   1.668278e+02   1.513069e+01   3.006591e+00   0.000000e+00   4.064343e+04   
4.433146e+01   1.668611e+02   1.513081e+01   3.365597e+00   0.000000e+00   4.064413e+04   
4.436867e+01   1.668944e+02   1.513078e+01   3.021284e+00   0.000000e+00   4.064483e+04   
4.440584e+01   1.669277e+02   1.513084e+01   3.347959e+00   0.000000e+00   4.064553e+04   
4.444303e+01   1.669611e+02   1.513083e+01   3.354584e+00   0.000000e+00   4.064623e+04   
4.448019e+01   1.669946e+02   1.513085e+01   3.008833e+00   0.000000e+00   4.064693e+04   
4.451733e+01   1.670280e+02   1.513093e+01   3.355424e+00   0.000000e+00   4.064763e+04   
4.455450e+01   1.670616e+02   1.513082e+01   3.022625e+00   0.000000e+00   4.064833e+04   
4.459160e+01   1.670951e+02   1.513102e+01   2.683196e+00   0.000000e+00   4.064903e+04   
4.462870e+01   1.671287e+02   1.513080e+01   3.373395e+00   0.000000e+00   4.064973e+04   
4.466583e+01   1.671624e+02   1.513106e+01   3.033698e+00   0.000000e+00   4.065043e+04   
4.470289e+01   1.671961e+02   1.513087e+01   3.346260e+00   0.000000e+00   4.065113e+04   
4.474000e+01   1.672298e+02   1.513101e+01   3.006503e+00   0.000000e+00   4.065183e+04   
4.477708e+01   1.672637e+02   1.513099e+01   3.360582e+00   0.000000e+00   4.065253e+04   
4.481414e+01   1.672975e+02   1.513096e+01   4.037020e+00   0.000000e+00   4.065323e+04   
4.485125e+01   1.673315e+02   1.513107e+01   2.331054e+00   0.000000e+00   4.065393e+04   
4.488829e+01   1.673654e+02   1.513100e+01   3.347114e+00   0.000000e+00   4.065463e+04   
4.492533e+01   1.673994e+02   1.513110e+01   2.327552e+00   0.000000e+00   4.065533e+04   
4.496237e+01   1.674335e+02   1.513103e+01   2.700070e+00   6.938179e-01   4.065603e+04   
4.499934e+01   1.674675e+02   1.513114e+01   2.719029e+00   8.460291e-01   4.065673e+04   
4.503632e+01   1.675017e+02   1.513105e+01   2.668406e+00   0.000000e+00   4.065743e+04   
4.507327e+01   1.675358e+02   1.513117e+01   3.036462e+00   0.000000e+00   4.065813e+04   
4.511018e+01   1.675700e+02   1.513112e+01   3.776831e+00   0.000000e+00   4.065883e+04   
4.514715e+01   1.676043e+02   1.513122e+01   4.783467e+00   0.000000e+00   4.065953e+04   
4.518406e+01   1.676386e+02   1.513115e+01   3.403754e+00   0.000000e+00   4.066023e+04   
4.522099e+01   1.676729e+02   1.513125e+01   4.444192e+00   0.000000e+00   4.066093e+04   
4.525793e+01   1.677074e+02   1.513122e+01   3.740699e+00   0.000000e+00   4.066163e+04   
4.529482e+01   1.677418e+02   1.513125e+01   3.778418e+00   0.000000e+00   4.066233e+04   
4.533174e+01   1.677763e+02   1.513131e+01   3.775193e+00   0.000000e+00   4.066303e+04   
4.536862e+01   1.678109e+02   1.513131e+01   3.085508e+00   0.000000e+00   4.066373e+04   
4.540547e+01   1.678455e+02   1.513134e+01   3.402093e+00   0.000000e+00   4.066443e+04   
4.544235e+01   1.678801e+02   1.513141e+01   3.770087e+00   0.000000e+00   4.066513e+04   
4.547917e+01   1.679148e+02   1.513139e+01   4.079003e+00   0.000000e+00   4.066583e+04   
4.551600e+01   1.679496e+02   1.513142e+01   3.420789e+00   0.000000e+00   4.066653e+04   
4.555284e+01   1.679844e+02   1.513155e+01   3.427424e+00   0.000000e+00   4.066723e+04   
4.400719e+01   1.666526e+02   1.437737e+01   2.836940e+00   8.144073e-01   4.063853e+04   
4.404447e+01   1.666855e+02   1.437736e+01   3.498881e+00   0.000000e+00   4.063923e+04   
4.408171e+01   1.667185e+02   1.437746e+01   3.176994e+00   0.000000e+00   4.063993e+04   
4.411897e+01   1.667516e+02   1.437735e+01   4.557429e+00   0.000000e+00   4.064063e+04   
4.415621e+01   1.667847e+02   1.437757e+01   4.217913e+00   0.000000e+00   4.064133e+04   
4.419342e+01   1.668178e+02   1.437737e+01   2.838232e+00   0.000000e+00   4.064203e+04   
4.423068e+01   1.668510e+02   1.437761e+01   4.222624e+00   0.000000e+00   4.064273e+04   
4.426786e+01   1.668842e+02   1.437745e+01   4.195325e+00   0.000000e+00   4.064343e+04   
4.430507e+01   1.669175e+02   1.437760e+01   4.903477e+00   0.000000e+00   4.064413e+04   
4.434227e+01   1.669509e+02   1.437754e+01   3.869361e+00   0.000000e+00   4.064483e+04   
4.437942e+01   1.669842e+02   1.437761e+01   3.866258e+00   0.000000e+00   4.064553e+04   
4.441659e+01   1.670176e+02   1.437760e+01   2.864461e+00   2.906181e-01   4.064623e+04   
4.445374e+01   1.670511e+02   1.437761e+01   3.530945e+00   0.000000e+00   4.064693e+04   
4.449086e+01   1.670845e+02   1.437770e+01   4.217577e+00   0.000000e+00   4.064763e+04   
4.452800e+01   1.671181e+02   1.437759e+01   4.217820e+00   0.000000e+00   4.064833e+04   
4.456509e+01   1.671517e+02   1.437778e+01   4.558139e+00   0.000000e+00   4.064903e+04   
4.460217e+01   1.671853e+02   1.437756e+01   3.868275e+00   0.000000e+00   4.064973e+04   
4.463928e+01   1.672190e+02   1.437781e+01   4.556286e+00   0.000000e+00   4.065043e+04   
4.467632e+01   1.672527e+02   1.437763e+01   2.148057e+00   0.000000e+00   4.065113e+04   
4.471342e+01   1.672865e+02   1.437776e+01   3.862599e+00   0.000000e+00   4.065183e+04   
4.475047e+01   1.673203e+02   1.437775e+01   3.529022e+00   0.000000e+00   4.065253e+04   
4.478752e+01   1.673542e+02   1.437771e+01   3.175417e+00   0.000000e+00   4.065323e+04   
4.482461e+01   1.673882e+02   1.437782e+01   3.529539e+00   0.000000e+00   4.065393e+04   
4.486163e+01   1.674222e+02   1.437775e+01   4.219774e+00   0.000000e+00   4.065463e+04   
4.489865e+01   1.674562e+02   1.437784e+01   3.863874e+00   0.000000e+00   4.065533e+04   
4.493567e+01   1.674903e+02   1.437779e+01   4.560292e+00   0.000000e+00   4.065603e+04   
4.497261e+01   1.675244e+02   1.437787e+01   4.247997e+00   1.579534e+00   4.065673e+04   
4.500958e+01   1.675585e+02   1.437781e+01   3.201378e+00   9.763010e-01   4.065743e+04   
4.504651e+01   1.675927e+02   1.437791e+01   4.211072e+00   0.000000e+00   4.065813e+04   
4.508341e+01   1.676269e+02   1.437786e+01   4.545259e+00   0.000000e+00   4.065883e+04   
4.512036e+01   1.676612e+02   1.437797e+01   4.545675e+00   0.000000e+00   4.065953e+04   
4.515725e+01   1.676955e+02   1.437788e+01   4.546007e+00   0.000000e+00   4.066023e+04   
4.519417e+01   1.677299e+02   1.437799e+01   4.230222e+00   0.000000e+00   4.066093e+04   
4.523108e+01   1.677643e+02   1.437795e+01   5.232950e+00   0.000000e+00   4.066163e+04   
4.526795e+01   1.677988e+02   1.437798e+01   4.883309e+00   0.000000e+00   4.066233e+04   
4.530485e+01   1.678333e+02   1.437803e+01   4.543682e+00   0.000000e+00   4.066303e+04   
4.534172e+01   1.678679e+02   1.437805e+01   4.911681e+00   0.000000e+00   4.066373e+04   
4.537855e+01   1.679025e+02   1.437805e+01   4.912027e+00   0.000000e+00   4.066443e+04   
4.541541e+01   1.679372e+02   1.437815e+01   4.228527e+00   0.000000e+00   4.066513e+04   
4.545221e+01   1.679719e+02   1.437812e+01   3.538831e+00   0.000000e+00   4.066583e+04   
4.401819e+01   1.667416e+02   1.362074e+01   4.190545e+00   0.000000e+00   4.063923e+04   
4.405541e+01   1.667746e+02   1.362083e+01   4.881038e+00   0.000000e+00   4.063993e+04   
4.409266e+01   1.668077e+02   1.362072e+01   4.881387e+00   0.000000e+00   4.064063e+04   
4.412988e+01   1.668408e+02   1.362094e+01   4.877627e+00   0.000000e+00   4.064133e+04   
4.416708e+01   1.668740e+02   1.362072e+01   4.861798e+00   0.000000e+00   4.064203e+04   
4.420432e+01   1.669072e+02   1.362099e+01   4.526147e+00   0.000000e+00   4.064273e+04   
4.424148e+01   1.669405e+02   1.362080e+01   4.878856e+00   0.000000e+00   4.064343e+04   
4.427867e+01   1.669738e+02   1.362097e+01   4.863168e+00   0.000000e+00   4.064413e+04   
4.431585e+01   1.670071e+02   1.362089e+01   4.527413e+00   0.000000e+00   4.064483e+04   
4.435298e+01   1.670405e+02   1.362097e+01   5.204085e+00   0.000000e+00   4.064553e+04   
4.439014e+01   1.670739e+02   1.362095e+01   4.893977e+00   1.127440e+00   4.064623e+04   
4.442726e+01   1.671074e+02   1.362097e+01   4.904685e+00   2.481248e+00   4.064693e+04   
4.446437e+01   1.671409e+02   1.362105e+01   4.902833e+00   3.198234e-01   4.064763e+04   
4.450149e+01   1.671745e+02   1.362093e+01   3.872895e+00   0.000000e+00   4.064833e+04   
4.453856e+01   1.672081e+02   1.362113e+01   5.891779e+00   0.000000e+00   4.064903e+04   
4.457563e+01   1.672418e+02   1.362091e+01   5.905780e+00   0.000000e+00   4.064973e+04   
4.461272e+01   1.672755e+02   1.362115e+01   4.876084e+00   0.000000e+00   4.065043e+04   
4.464974e+01   1.673092e+02   1.362098e+01   4.876264e+00   0.000000e+00   4.065113e+04   
4.468682e+01   1.673430e+02   1.362109e+01   4.876538e+00   0.000000e+00   4.065183e+04   
4.472385e+01   1.673769e+02   1.362109e+01   5.566802e+00   0.000000e+00   4.065253e+04   
4.476088e+01   1.674108e+02   1.362105e+01   5.203187e+00   0.000000e+00   4.065323e+04   
4.479795e+01   1.674447e+02   1.362116e+01   4.873228e+00   0.000000e+00   4.065393e+04   
4.483495e+01   1.674787e+02   1.362109e+01   5.213462e+00   0.000000e+00   4.065463e+04   
4.487196e+01   1.675128e+02   1.362116e+01   5.199910e+00   0.000000e+00   4.065533e+04   
4.490895e+01   1.675469e+02   1.362114e+01   5.563974e+00   0.000000e+00   4.065603e+04   
4.494588e+01   1.675810e+02   1.362119e+01   4.568530e+00   7.760872e-01   4.065673e+04   
4.498283e+01   1.676152e+02   1.362115e+01   4.198277e+00   0.000000e+00   4.065743e+04   
4.501973e+01   1.676494e+02   1.362123e+01   4.212454e+00   0.000000e+00   4.065813e+04   
4.505663e+01   1.676836e+02   1.362118e+01   5.291334e+00   0.000000e+00   4.065883e+04   
4.509356e+01   1.677179e+02   1.362130e+01   4.593227e+00   0.000000e+00   4.065953e+04   
4.513043e+01   1.677523e+02   1.362120e+01   4.943561e+00   0.000000e+00   4.066023e+04   
4.516732e+01   1.677867e+02   1.362131e+01   5.286116e+00   0.000000e+00   4.066093e+04   
4.520422e+01   1.678211e+02   1.362128e+01   5.282729e+00   0.000000e+00   4.066163e+04   
4.524107e+01   1.678556e+02   1.362130e+01   4.590734e+00   0.000000e+00   4.066233e+04   
4.527795e+01   1.678902e+02   1.362135e+01   4.927285e+00   0.000000e+00   4.066303e+04   
4.531480e+01   1.679248e+02   1.362138e+01   5.957685e+00   0.000000e+00   4.066373e+04   
4.535161e+01   1.679594e+02   1.362135e+01   5.631837e+00   0.000000e+00   4.066443e+04   
4.538845e+01   1.679941e+02   1.362147e+01   4.950708e+00   0.000000e+00   4.066513e+04   
4.402915e+01   1.668305e+02   1.286235e+01   4.561508e+00   0.000000e+00   4.063993e+04   
4.406638e+01   1.668636e+02   1.286225e+01   5.608091e+00   0.000000e+00   4.064063e+04   
4.410359e+01   1.668967e+02   1.286249e+01   6.298623e+00   0.000000e+00   4.064133e+04   
4.414076e+01   1.669299e+02   1.286224e+01   5.592785e+00   0.000000e+00   4.064203e+04   
4.417798e+01   1.669632e+02   1.286253e+01   5.597156e+00   0.000000e+00   4.064273e+04   
4.421513e+01   1.669964e+02   1.286231e+01   4.590879e+00   0.000000e+00   4.064343e+04   
4.425230e+01   1.670298e+02   1.286250e+01   5.617576e+00   0.000000e+00   4.064413e+04   
4.428946e+01   1.670631e+02   1.286240e+01   5.277997e+00   0.000000e+00   4.064483e+04   
4.432657e+01   1.670965e+02   1.286250e+01   5.594646e+00   0.000000e+00   4.064553e+04   
4.436371e+01   1.671300e+02   1.286247e+01   5.595075e+00   0.000000e+00   4.064623e+04   
4.440082e+01   1.671635e+02   1.286248e+01   6.309340e+00   0.000000e+00   4.064693e+04   
4.443791e+01   1.671970e+02   1.286257e+01   6.309753e+00   0.000000e+00   4.064763e+04   
4.447501e+01   1.672306e+02   1.286245e+01   5.623878e+00   0.000000e+00   4.064833e+04   
4.451206e+01   1.672642e+02   1.286264e+01   6.310421e+00   0.000000e+00   4.064903e+04   
4.454912e+01   1.672979e+02   1.286243e+01   5.620068e+00   0.000000e+00   4.064973e+04   
4.458618e+01   1.673316e+02   1.286265e+01   6.306718e+00   0.000000e+00   4.065043e+04   
4.462319e+01   1.673654e+02   1.286250e+01   6.310741e+00   0.000000e+00   4.065113e+04   
4.466025e+01   1.673992e+02   1.286259e+01   6.997196e+00   0.000000e+00   4.065183e+04   
4.469727e+01   1.674331e+02   1.286261e+01   5.617430e+00   0.000000e+00   4.065253e+04   
4.473427e+01   1.674670e+02   1.286255e+01   5.277647e+00   0.000000e+00   4.065323e+04   
4.477132e+01   1.675010e+02   1.286266e+01   5.621787e+00   0.000000e+00   4.065393e+04   
4.480830e+01   1.675350e+02   1.286259e+01   6.652003e+00   0.000000e+00   4.065463e+04   
4.484529e+01   1.675691e+02   1.286266e+01   6.312266e+00   0.000000e+00   4.065533e+04   
4.488226e+01   1.676032e+02   1.286265e+01   5.962307e+00   0.000000e+00   4.065603e+04   
4.491917e+01   1.676374e+02   1.286267e+01   5.972561e+00   0.000000e+00   4.065673e+04   
4.495611e+01   1.676716e+02   1.286267e+01   5.632823e+00   0.000000e+00   4.065743e+04   
4.499300e+01   1.677058e+02   1.286272e+01   5.275449e+00   0.000000e+00   4.065813e+04   
4.502987e+01   1.677400e+02   1.286267e+01   5.629609e+00   0.000000e+00   4.065883e+04   
4.506678e+01   1.677744e+02   1.286280e+01   6.660050e+00   0.000000e+00   4.065953e+04   
4.510364e+01   1.678087e+02   1.286269e+01   5.290350e+00   0.000000e+00   4.066023e+04   
4.514052e+01   1.678432e+02   1.286280e+01   5.634604e+00   0.000000e+00   4.066093e+04   
4.517739e+01   1.678776e+02   1.286277e+01   5.658278e+00   7.224885e-01   4.066163e+04   
4.521422e+01   1.679122e+02   1.286279e+01   7.032752e+00   2.712133e-01   4.066233e+04   
4.525109e+01   1.679467e+02   1.286282e+01   6.340845e+00   4.452716e-01   4.066303e+04   
4.528791e+01   1.679814e+02   1.286288e+01   6.353009e+00   7.790830e-01   4.066373e+04   
4.400295e+01   1.668860e+02   1.210310e+01   6.395833e+00   0.000000e+00   4.063993e+04   
4.404016e+01   1.669192e+02   1.210299e+01   7.080078e+00   0.000000e+00   4.064063e+04   
4.407735e+01   1.669523e+02   1.210324e+01   7.080615e+00   0.000000e+00   4.064133e+04   
4.411451e+01   1.669855e+02   1.210297e+01   6.397089e+00   0.000000e+00   4.064203e+04   
4.415171e+01   1.670188e+02   1.210330e+01   6.747689e+00   0.000000e+00   4.064273e+04   
4.418884e+01   1.670521e+02   1.210303e+01   6.748055e+00   0.000000e+00   4.064343e+04   
4.422600e+01   1.670854e+02   1.210325e+01   5.368578e+00   0.000000e+00   4.064413e+04   
4.426313e+01   1.671188e+02   1.210313e+01   6.059003e+00   0.000000e+00   4.064483e+04   
4.430023e+01   1.671522e+02   1.210323e+01   5.716831e+00   0.000000e+00   4.064553e+04   
4.433735e+01   1.671857e+02   1.210321e+01   6.049436e+00   0.000000e+00   4.064623e+04   
4.437444e+01   1.672192e+02   1.210321e+01   6.747544e+00   0.000000e+00   4.064693e+04   
4.441151e+01   1.672528e+02   1.210330e+01   6.390268e+00   0.000000e+00   4.064763e+04   
4.444860e+01   1.672864e+02   1.210318e+01   6.056712e+00   0.000000e+00   4.064833e+04   
4.448563e+01   1.673200e+02   1.210337e+01   6.747104e+00   0.000000e+00   4.064903e+04   
4.452267e+01   1.673538e+02   1.210316e+01   6.741130e+00   0.000000e+00   4.064973e+04   
4.455972e+01   1.673875e+02   1.210337e+01   7.095298e+00   0.000000e+00   4.065043e+04   
4.459671e+01   1.674213e+02   1.210323e+01   7.445477e+00   0.000000e+00   4.065113e+04   
4.463374e+01   1.674551e+02   1.210331e+01   6.405545e+00   0.000000e+00   4.065183e+04   
4.467074e+01   1.674890e+02   1.210333e+01   6.395690e+00   0.000000e+00   4.065253e+04   
4.470773e+01   1.675230e+02   1.210327e+01   7.442084e+00   0.000000e+00   4.065323e+04   
4.474476e+01   1.675570e+02   1.210338e+01   6.752345e+00   0.000000e+00   4.065393e+04   
4.478172e+01   1.675910e+02   1.210332e+01   7.436412e+00   0.000000e+00   4.065463e+04   
4.481869e+01   1.676251e+02   1.210336e+01   6.402813e+00   0.000000e+00   4.065533e+04   
4.485564e+01   1.676593e+02   1.210338e+01   6.403074e+00   0.000000e+00   4.065603e+04   
4.489254e+01   1.676934e+02   1.210337e+01   7.093338e+00   0.000000e+00   4.065673e+04   
4.492945e+01   1.677276e+02   1.210339e+01   6.741285e+00   0.000000e+00   4.065743e+04   
4.496632e+01   1.677619e+02   1.210342e+01   6.741567e+00   0.000000e+00   4.065813e+04   
4.500318e+01   1.677961e+02   1.210338e+01   6.044145e+00   0.000000e+00   4.065883e+04   
4.504008e+01   1.678305e+02   1.210352e+01   6.401486e+00   0.000000e+00   4.065953e+04   
4.507691e+01   1.678649e+02   1.210339e+01   5.690895e+00   0.000000e+00   4.066023e+04   
4.511377e+01   1.678993e+02   1.210351e+01   6.045149e+00   0.000000e+00   4.066093e+04   
4.515063e+01   1.679338e+02   1.210348e+01   7.075518e+00   0.000000e+00   4.066163e+04   
4.518744e+01   1.679684e+02   1.210349e+01   6.058178e+00   0.000000e+00   4.066233e+04   
4.401426e+01   1.669739e+02   1.135039e+01   8.102705e+00   0.000000e+00   4.064063e+04   
4.405143e+01   1.670070e+02   1.135065e+01   7.082751e+00   0.000000e+00   4.064133e+04   
4.408857e+01   1.670403e+02   1.135035e+01   7.083142e+00   0.000000e+00   4.064203e+04   
4.412576e+01   1.670736e+02   1.135071e+01   7.737626e+00   0.000000e+00   4.064273e+04   
4.416286e+01   1.671069e+02   1.135041e+01   7.737978e+00   0.000000e+00   4.064343e+04   
4.420001e+01   1.671402e+02   1.135066e+01   7.070835e+00   0.000000e+00   4.064413e+04   
4.423712e+01   1.671737e+02   1.135052e+01   7.425075e+00   0.000000e+00   4.064483e+04   
4.427420e+01   1.672071e+02   1.135063e+01   7.425551e+00   0.000000e+00   4.064553e+04   
4.431131e+01   1.672406e+02   1.135060e+01   7.425947e+00   0.000000e+00   4.064623e+04   
4.434837e+01   1.672741e+02   1.135060e+01   8.456282e+00   0.000000e+00   4.064693e+04   
4.438543e+01   1.673077e+02   1.135069e+01   7.056300e+00   0.000000e+00   4.064763e+04   
4.442250e+01   1.673414e+02   1.135057e+01   7.103494e+00   1.645841e+00   4.064833e+04   
4.445951e+01   1.673750e+02   1.135075e+01   7.420193e+00   6.815918e-01   4.064903e+04   
4.449653e+01   1.674087e+02   1.135054e+01   8.101009e+00   0.000000e+00   4.064973e+04   
4.453356e+01   1.674425e+02   1.135075e+01   7.763653e+00   0.000000e+00   4.065043e+04   
4.457054e+01   1.674763e+02   1.135061e+01   7.397683e+00   0.000000e+00   4.065113e+04   
4.460756e+01   1.675102e+02   1.135068e+01   8.101782e+00   0.000000e+00   4.065183e+04   
4.464454e+01   1.675441e+02   1.135072e+01   7.071999e+00   0.000000e+00   4.065253e+04   
4.468151e+01   1.675780e+02   1.135064e+01   8.102195e+00   0.000000e+00   4.065323e+04   
4.471851e+01   1.676121e+02   1.135075e+01   7.405621e+00   0.000000e+00   4.065393e+04   
4.475546e+01   1.676461e+02   1.135069e+01   7.748580e+00   0.000000e+00   4.065463e+04   
4.479240e+01   1.676803e+02   1.135072e+01   8.432700e+00   0.000000e+00   4.065533e+04   
4.482934e+01   1.677144e+02   1.135076e+01   7.735279e+00   0.000000e+00   4.065603e+04   
4.486621e+01   1.677486e+02   1.135072e+01   7.749368e+00   0.000000e+00   4.065673e+04   
4.490312e+01   1.677828e+02   1.135077e+01   7.743506e+00   0.000000e+00   4.065743e+04   
4.493997e+01   1.678171e+02   1.135078e+01   7.069950e+00   0.000000e+00   4.065813e+04   
4.497681e+01   1.678514e+02   1.135074e+01   7.460220e+00   0.000000e+00   4.065883e+04   
4.501369e+01   1.678858e+02   1.135089e+01   8.150617e+00   0.000000e+00   4.065953e+04   
4.505050e+01   1.679202e+02   1.135075e+01   7.094747e+00   0.000000e+00   4.066023e+04   
4.508735e+01   1.679547e+02   1.135086e+01   7.460744e+00   0.000000e+00   4.066093e+04   
4.512418e+01   1.679892e+02   1.135083e+01   7.117690e+00   0.000000e+00   4.066163e+04   
4.402533e+01   1.670620e+02   1.059085e+01   8.133577e+00   0.000000e+00   4.064133e+04   
4.406245e+01   1.670952e+02   1.059054e+01   8.823955e+00   0.000000e+00   4.064203e+04   
4.409962e+01   1.671285e+02   1.059091e+01   8.807934e+00   0.000000e+00   4.064273e+04   
4.413670e+01   1.671619e+02   1.059058e+01   8.114384e+00   0.000000e+00   4.064343e+04   
4.417383e+01   1.671952e+02   1.059085e+01   8.138783e+00   0.000000e+00   4.064413e+04   
4.421093e+01   1.672287e+02   1.059069e+01   8.465322e+00   0.000000e+00   4.064483e+04   
4.424799e+01   1.672621e+02   1.059081e+01   7.775791e+00   0.000000e+00   4.064553e+04   
4.428508e+01   1.672957e+02   1.059078e+01   8.503877e+00   0.000000e+00   4.064623e+04   
4.432212e+01   1.673292e+02   1.059078e+01   7.814251e+00   0.000000e+00   4.064693e+04   
4.435917e+01   1.673628e+02   1.059087e+01   8.830812e+00   0.000000e+00   4.064763e+04   
4.439622e+01   1.673965e+02   1.059074e+01   8.491076e+00   0.000000e+00   4.064833e+04   
4.443321e+01   1.674301e+02   1.059092e+01   8.490918e+00   0.000000e+00   4.064903e+04   
4.447022e+01   1.674639e+02   1.059072e+01   8.487365e+00   0.000000e+00   4.064973e+04   
4.450723e+01   1.674977e+02   1.059091e+01   8.803861e+00   0.000000e+00   4.065043e+04   
4.454418e+01   1.675315e+02   1.059079e+01   8.151687e+00   0.000000e+00   4.065113e+04   
4.458118e+01   1.675654e+02   1.059084e+01   7.461911e+00   0.000000e+00   4.065183e+04   
4.461814e+01   1.675993e+02   1.059089e+01   7.825989e+00   0.000000e+00   4.065253e+04   
4.465510e+01   1.676333e+02   1.059081e+01   9.168517e+00   0.000000e+00   4.065323e+04   
4.469209e+01   1.676674e+02   1.059091e+01   9.168799e+00   0.000000e+00   4.065393e+04   
4.472900e+01   1.677015e+02   1.059086e+01   7.812848e+00   0.000000e+00   4.065463e+04   
4.476594e+01   1.677356e+02   1.059087e+01   8.489141e+00   0.000000e+00   4.065533e+04   
4.480285e+01   1.677698e+02   1.059093e+01   8.853156e+00   0.000000e+00   4.065603e+04   
4.483971e+01   1.678040e+02   1.059086e+01   8.499558e+00   0.000000e+00   4.065673e+04   
4.487659e+01   1.678382e+02   1.059094e+01   8.163706e+00   0.000000e+00   4.065743e+04   
4.491343e+01   1.678725e+02   1.059093e+01   8.150160e+00   0.000000e+00   4.065813e+04   
4.495025e+01   1.679068e+02   1.059089e+01   8.200432e+00   0.000000e+00   4.065883e+04   
4.498711e+01   1.679412e+02   1.059104e+01   7.514645e+00   0.000000e+00   4.065953e+04   
4.502391e+01   1.679756e+02   1.059090e+01   7.861097e+00   0.000000e+00   4.066023e+04   
4.403655e+01   1.671495e+02   9.835239e+00   8.555407e+00   0.000000e+00   4.064203e+04   
4.407370e+01   1.671828e+02   9.835567e+00   9.249870e+00   0.000000e+00   4.064273e+04   
4.411077e+01   1.672162e+02   9.835279e+00   9.246351e+00   0.000000e+00   4.064343e+04   
4.414788e+01   1.672496e+02   9.835510e+00   8.556251e+00   0.000000e+00   4.064413e+04   
4.418496e+01   1.672831e+02   9.835375e+00   9.242891e+00   0.000000e+00   4.064483e+04   
4.422200e+01   1.673165e+02   9.835475e+00   9.583360e+00   0.000000e+00   4.064553e+04   
4.425907e+01   1.673501e+02   9.835446e+00   8.893746e+00   0.000000e+00   4.064623e+04   
4.429610e+01   1.673837e+02   9.835453e+00   9.247967e+00   0.000000e+00   4.064693e+04   
4.433312e+01   1.674173e+02   9.835521e+00   8.850670e+00   0.000000e+00   4.064763e+04   
4.437016e+01   1.674510e+02   9.835427e+00   8.894778e+00   0.000000e+00   4.064833e+04   
4.440713e+01   1.674847e+02   9.835561e+00   8.895116e+00   0.000000e+00   4.064903e+04   
4.444412e+01   1.675184e+02   9.835408e+00   8.895266e+00   0.000000e+00   4.064973e+04   
4.448111e+01   1.675522e+02   9.835555e+00   8.554925e+00   0.000000e+00   4.065043e+04   
4.451805e+01   1.675861e+02   9.835462e+00   9.245257e+00   0.000000e+00   4.065113e+04   
4.455504e+01   1.676200e+02   9.835494e+00   8.551650e+00   0.000000e+00   4.065183e+04   
4.459198e+01   1.676539e+02   9.835546e+00   8.529569e+00   0.000000e+00   4.065253e+04   
4.462891e+01   1.676879e+02   9.835469e+00   9.245944e+00   0.000000e+00   4.065323e+04   
4.466588e+01   1.677220e+02   9.835555e+00   8.896230e+00   0.000000e+00   4.065393e+04   
4.470278e+01   1.677561e+02   9.835522e+00   9.577662e+00   2.780978e-01   4.065463e+04   
4.473969e+01   1.677903e+02   9.835509e+00   8.577238e+00   6.736006e-01   4.065533e+04   
4.477659e+01   1.678245e+02   9.835593e+00   9.265088e+00   3.890221e-01   4.065603e+04   
4.481343e+01   1.678587e+02   9.835503e+00   8.530895e+00   0.000000e+00   4.065673e+04   
4.485030e+01   1.678930e+02   9.835596e+00   8.553501e+00   0.000000e+00   4.065743e+04   
4.488711e+01   1.679273e+02   9.835570e+00   9.217632e+00   0.000000e+00   4.065813e+04   
4.492392e+01   1.679616e+02   9.835539e+00   8.867919e+00   0.000000e+00   4.065883e+04   
4.496077e+01   1.679960e+02   9.835677e+00   8.215967e+00   0.000000e+00   4.065953e+04   
4.401077e+01   1.672034e+02   9.081741e+00   1.023329e+01   0.000000e+00   4.064203e+04   
4.404790e+01   1.672367e+02   9.082029e+00   9.203889e+00   0.000000e+00   4.064273e+04   
4.408495e+01   1.672701e+02   9.081778e+00   9.860387e+00   0.000000e+00   4.064343e+04   
4.412204e+01   1.673035e+02   9.081974e+00   9.578568e+00   0.000000e+00   4.064413e+04   
4.415910e+01   1.673370e+02   9.081864e+00   9.918544e+00   0.000000e+00   4.064483e+04   
4.419613e+01   1.673705e+02   9.081945e+00   9.575005e+00   0.000000e+00   4.064553e+04   
4.423318e+01   1.674041e+02   9.081922e+00   9.915390e+00   0.000000e+00   4.064623e+04   
4.427019e+01   1.674377e+02   9.081933e+00   8.885766e+00   0.000000e+00   4.064693e+04   
4.430720e+01   1.674713e+02   9.081978e+00   9.916138e+00   0.000000e+00   4.064763e+04   
4.434422e+01   1.675050e+02   9.081917e+00   1.060641e+01   0.000000e+00   4.064833e+04   
4.438117e+01   1.675387e+02   9.082007e+00   8.536649e+00   0.000000e+00   4.064903e+04   
4.441815e+01   1.675725e+02   9.081898e+00   9.890619e+00   0.000000e+00   4.064973e+04   
4.445512e+01   1.676064e+02   9.082005e+00   9.200832e+00   0.000000e+00   4.065043e+04   
4.449204e+01   1.676402e+02   9.081941e+00   1.023069e+01   0.000000e+00   4.065113e+04   
4.452901e+01   1.676742e+02   9.081951e+00   1.022695e+01   0.000000e+00   4.065183e+04   
4.456593e+01   1.677081e+02   9.082007e+00   9.201040e+00   0.000000e+00   4.065253e+04   
4.460284e+01   1.677421e+02   9.081935e+00   9.891251e+00   0.000000e+00   4.065323e+04   
4.463979e+01   1.677762e+02   9.082004e+00   8.857711e+00   0.000000e+00   4.065393e+04   
4.467667e+01   1.678103e+02   9.081991e+00   9.547962e+00   0.000000e+00   4.065463e+04   
4.471357e+01   1.678445e+02   9.081951e+00   9.222569e+00   8.610812e-01   4.065533e+04   
4.475045e+01   1.678787e+02   9.082060e+00   1.023235e+01   0.000000e+00   4.065603e+04   
4.478727e+01   1.679130e+02   9.081946e+00   9.888749e+00   0.000000e+00   4.065673e+04   
4.482412e+01   1.679473e+02   9.082054e+00   9.889086e+00   0.000000e+00   4.065743e+04   
4.486092e+01   1.679816e+02   9.082018e+00   9.552444e+00   0.000000e+00   4.065813e+04   
4.402207e+01   1.672905e+02   8.326564e+00   1.051534e+01   0.000000e+00   4.064273e+04   
4.405911e+01   1.673239e+02   8.326348e+00   1.086567e+01   0.000000e+00   4.064343e+04   
4.409618e+01   1.673573e+02   8.326510e+00   1.051618e+01   0.000000e+00   4.064413e+04   
4.413322e+01   1.673908e+02   8.326427e+00   1.018037e+01   0.000000e+00   4.064483e+04   
4.417023e+01   1.674243e+02   8.326488e+00   1.017683e+01   0.000000e+00   4.064553e+04   
4.420727e+01   1.674579e+02   8.326469e+00   1.086679e+01   0.000000e+00   4.064623e+04   
4.424426e+01   1.674915e+02   8.326487e+00   1.051716e+01   0.000000e+00   4.064693e+04   
4.428125e+01   1.675252e+02   8.326508e+00   9.851275e+00   0.000000e+00   4.064763e+04   
4.431825e+01   1.675589e+02   8.326478e+00   1.017768e+01   0.000000e+00   4.064833e+04   
4.435519e+01   1.675927e+02   8.326526e+00   1.054173e+01   0.000000e+00   4.064903e+04   
4.439215e+01   1.676265e+02   8.326460e+00   9.511873e+00   0.000000e+00   4.064973e+04   
4.442910e+01   1.676603e+02   8.326526e+00   1.051826e+01   0.000000e+00   4.065043e+04   
4.446601e+01   1.676942e+02   8.326491e+00   1.089220e+01   0.000000e+00   4.065113e+04   
4.450295e+01   1.677282e+02   8.326482e+00   1.089232e+01   0.000000e+00   4.065183e+04   
4.453986e+01   1.677621e+02   8.326542e+00   1.054177e+01   0.000000e+00   4.065253e+04   
4.457676e+01   1.677962e+02   8.326474e+00   1.088862e+01   0.000000e+00   4.065323e+04   
4.461368e+01   1.678303e+02   8.326524e+00   1.053891e+01   0.000000e+00   4.065393e+04   
4.465054e+01   1.678644e+02   8.326533e+00   1.019917e+01   0.000000e+00   4.065463e+04   
4.468742e+01   1.678986e+02   8.326466e+00   1.122941e+01   0.000000e+00   4.065533e+04   
4.472428e+01   1.679329e+02   8.326599e+00   1.019975e+01   0.000000e+00   4.065603e+04   
4.476108e+01   1.679671e+02   8.326462e+00   9.507589e+00   0.000000e+00   4.065673e+04   
4.403329e+01   1.673774e+02   7.570573e+00   1.087091e+01   0.000000e+00   4.064343e+04   
4.407035e+01   1.674109e+02   7.570700e+00   1.087899e+01   0.000000e+00   4.064413e+04   
4.410737e+01   1.674444e+02   7.570641e+00   1.155557e+01   0.000000e+00   4.064483e+04   
4.414436e+01   1.674779e+02   7.570684e+00   1.087979e+01   0.000000e+00   4.064553e+04   
4.418138e+01   1.675116e+02   7.570670e+00   1.122971e+01   0.000000e+00   4.064623e+04   
4.421835e+01   1.675452e+02   7.570692e+00   1.122602e+01   0.000000e+00   4.064693e+04   
4.425533e+01   1.675789e+02   7.570691e+00   1.055008e+01   0.000000e+00   4.064763e+04   
4.429231e+01   1.676126e+02   7.570692e+00   1.122652e+01   0.000000e+00   4.064833e+04   
4.432923e+01   1.676464e+02   7.570697e+00   1.122672e+01   0.000000e+00   4.064903e+04   
4.436618e+01   1.676802e+02   7.570674e+00   1.122689e+01   0.000000e+00   4.064973e+04   
4.440310e+01   1.677141e+02   7.570700e+00   1.053706e+01   0.000000e+00   4.065043e+04   
4.444000e+01   1.677480e+02   7.570695e+00   1.020100e+01   0.000000e+00   4.065113e+04   
4.447692e+01   1.677819e+02   7.570665e+00   1.158111e+01   0.000000e+00   4.065183e+04   
4.451381e+01   1.678159e+02   7.570729e+00   9.511193e+00   0.000000e+00   4.065253e+04   
4.455069e+01   1.678500e+02   7.570665e+00   1.054733e+01   0.000000e+00   4.065323e+04   
4.458760e+01   1.678841e+02   7.570698e+00   1.087382e+01   0.000000e+00   4.065393e+04   
4.462444e+01   1.679183e+02   7.570728e+00   1.157791e+01   0.000000e+00   4.065463e+04   
4.466130e+01   1.679525e+02   7.570633e+00   1.088813e+01   0.000000e+00   4.065533e+04   
4.469814e+01   1.679867e+02   7.570791e+00   1.089229e+01   0.000000e+00   4.065603e+04   
4.400758e+01   1.674305e+02   6.817096e+00   1.114332e+01   0.000000e+00   4.064343e+04   
4.404462e+01   1.674640e+02   6.817187e+00   1.148001e+01   0.000000e+00   4.064413e+04   
4.408162e+01   1.674976e+02   6.817153e+00   1.183040e+01   0.000000e+00   4.064483e+04   
4.411860e+01   1.675311e+02   6.817178e+00   1.148071e+01   0.000000e+00   4.064553e+04   
4.415561e+01   1.675648e+02   6.817168e+00   1.148099e+01   0.000000e+00   4.064623e+04   
4.419256e+01   1.675984e+02   6.817196e+00   1.148418e+01   0.000000e+00   4.064693e+04   
4.422952e+01   1.676321e+02   6.817172e+00   1.147713e+01   0.000000e+00   4.064763e+04   
4.426648e+01   1.676659e+02   6.817204e+00   1.044737e+01   0.000000e+00   4.064833e+04   
4.430338e+01   1.676996e+02   6.817167e+00   1.148132e+01   0.000000e+00   4.064903e+04   
4.434031e+01   1.677335e+02   6.817187e+00   1.148151e+01   0.000000e+00   4.064973e+04   
4.437722e+01   1.677674e+02   6.817173e+00   1.080166e+01   0.000000e+00   4.065043e+04   
4.441410e+01   1.678013e+02   6.817198e+00   1.148181e+01   0.000000e+00   4.065113e+04   
4.445101e+01   1.678353e+02   6.817146e+00   1.011567e+01   0.000000e+00   4.065183e+04   
4.448787e+01   1.678693e+02   6.817215e+00   1.045204e+01   0.000000e+00   4.065253e+04   
4.452473e+01   1.679034e+02   6.817155e+00   1.217553e+01   0.000000e+00   4.065323e+04   
4.456162e+01   1.679376e+02   6.817170e+00   1.079832e+01   0.000000e+00   4.065393e+04   
4.459845e+01   1.679717e+02   6.817222e+00   1.116259e+01   4.971704e-01   4.065463e+04   
4.401890e+01   1.675170e+02   6.063305e+00   1.221569e+01   0.000000e+00   4.064413e+04   
4.405589e+01   1.675505e+02   6.063297e+00   1.290599e+01   0.000000e+00   4.064483e+04   
4.409285e+01   1.675841e+02   6.063303e+00   1.255629e+01   0.000000e+00   4.064553e+04   
4.412983e+01   1.676178e+02   6.063297e+00   1.187656e+01   0.000000e+00   4.064623e+04   
4.416677e+01   1.676514e+02   6.063331e+00   1.188983e+01   0.000000e+00   4.064693e+04   
4.420371e+01   1.676852e+02   6.063283e+00   1.187267e+01   0.000000e+00   4.064763e+04   
4.424065e+01   1.677189e+02   6.063347e+00   1.188666e+01   0.000000e+00   4.064833e+04   
4.427754e+01   1.677527e+02   6.063268e+00   1.153681e+01   0.000000e+00   4.064903e+04   
4.431446e+01   1.677866e+02   6.063331e+00   1.153702e+01   0.000000e+00   4.064973e+04   
4.435135e+01   1.678205e+02   6.063276e+00   1.153713e+01   0.000000e+00   4.065043e+04   
4.438821e+01   1.678544e+02   6.063332e+00   1.119730e+01   0.000000e+00   4.065113e+04   
4.442509e+01   1.678885e+02   6.063258e+00   1.119110e+01   0.000000e+00   4.065183e+04   
4.446194e+01   1.679225e+02   6.063332e+00   1.153125e+01   0.000000e+00   4.065253e+04   
4.449879e+01   1.679566e+02   6.063276e+00   1.153099e+01   0.000000e+00   4.065323e+04   
4.453565e+01   1.679908e+02   6.063272e+00   1.050366e+01   0.000000e+00   4.065393e+04   
4.403015e+01   1.676033e+02   5.309066e+00   1.257896e+01   0.000000e+00   4.064483e+04   
4.406709e+01   1.676369e+02   5.309053e+00   1.222923e+01   0.000000e+00   4.064553e+04   
4.410406e+01   1.676706e+02   5.309052e+00   1.154951e+01   0.000000e+00   4.064623e+04   
4.414098e+01   1.677043e+02   5.309092e+00   1.220269e+01   0.000000e+00   4.064693e+04   
4.417790e+01   1.677380e+02   5.309021e+00   1.219927e+01   0.000000e+00   4.064763e+04   
4.421483e+01   1.677718e+02   5.309115e+00   1.116955e+01   0.000000e+00   4.064833e+04   
4.425169e+01   1.678056e+02   5.308994e+00   1.185966e+01   0.000000e+00   4.064903e+04   
4.428860e+01   1.678395e+02   5.309100e+00   1.219989e+01   0.000000e+00   4.064973e+04   
4.432547e+01   1.678735e+02   5.309005e+00   1.254998e+01   0.000000e+00   4.065043e+04   
4.436231e+01   1.679074e+02   5.309090e+00   1.220016e+01   0.000000e+00   4.065113e+04   
4.439919e+01   1.679415e+02   5.308995e+00   1.116388e+01   0.000000e+00   4.065183e+04   
4.443601e+01   1.679755e+02   5.309074e+00   1.219404e+01   0.000000e+00   4.065253e+04   
4.400442e+01   1.676559e+02   4.554992e+00   1.306707e+01   0.000000e+00   4.064483e+04   
4.404134e+01   1.676895e+02   4.554960e+00   1.306733e+01   0.000000e+00   4.064553e+04   
4.407829e+01   1.677232e+02   4.554962e+00   1.237100e+01   0.000000e+00   4.064623e+04   
4.411519e+01   1.677569e+02   4.555007e+00   1.340709e+01   0.000000e+00   4.064693e+04   
4.415210e+01   1.677907e+02   4.554919e+00   1.305726e+01   0.000000e+00   4.064763e+04   
4.418901e+01   1.678245e+02   4.555034e+00   1.202755e+01   0.000000e+00   4.064833e+04   
4.422586e+01   1.678584e+02   4.554890e+00   1.202763e+01   0.000000e+00   4.064903e+04   
4.426274e+01   1.678923e+02   4.555015e+00   1.374788e+01   0.000000e+00   4.064973e+04   
4.429959e+01   1.679262e+02   4.554903e+00   1.305794e+01   0.000000e+00   4.065043e+04   
4.433643e+01   1.679602e+02   4.554995e+00   1.271812e+01   0.000000e+00   4.065113e+04   
4.437328e+01   1.679942e+02   4.554897e+00   1.236816e+01   0.000000e+00   4.065183e+04   
4.401556e+01   1.677420e+02   3.799976e+00   1.386346e+01   0.000000e+00   4.064553e+04   
4.405249e+01   1.677758e+02   3.799982e+00   1.283275e+01   0.000000e+00   4.064623e+04   
4.408937e+01   1.678095e+02   3.800033e+00   1.282959e+01   0.000000e+00   4.064693e+04   
4.412626e+01   1.678433e+02   3.799929e+00   1.316975e+01   0.000000e+00   4.064763e+04   
4.416315e+01   1.678771e+02   3.800059e+00   1.317004e+01   0.000000e+00   4.064833e+04   
4.419999e+01   1.679109e+02   3.799900e+00   1.214010e+01   0.000000e+00   4.064903e+04   
4.423685e+01   1.679449e+02   3.800034e+00   1.317035e+01   0.000000e+00   4.064973e+04   
4.427369e+01   1.679788e+02   3.799914e+00   1.386039e+01   0.000000e+00   4.065043e+04   
4.402666e+01   1.678281e+02   3.044686e+00   1.314361e+01   0.000000e+00   4.064623e+04   
4.406352e+01   1.678619e+02   3.044744e+00   1.417391e+01   0.000000e+00   4.064693e+04   
4.410039e+01   1.678957e+02   3.044624e+00   1.314404e+01   0.000000e+00   4.064763e+04   
4.413727e+01   1.679295e+02   3.044768e+00   1.348434e+01   0.000000e+00   4.064833e+04   
4.417408e+01   1.679634e+02   3.044596e+00   1.279438e+01   0.000000e+00   4.064903e+04   
4.421094e+01   1.679974e+02   3.044737e+00   1.417463e+01   0.000000e+00   4.064973e+04   
4.400095e+01   1.678801e+02   2.293970e+00   1.436566e+01   0.000000e+00   4.064623e+04   
4.403780e+01   1.679139e+02   2.294038e+00   1.470595e+01   0.000000e+00   4.064693e+04   
4.407466e+01   1.679477e+02   2.293901e+00   1.333606e+01   0.000000e+00   4.064763e+04   
4.411152e+01   1.679816e+02   2.294059e+00   1.264637e+01   0.000000e+00   4.064833e+04   
4.401191e+01   1.679660e+02   1.539818e+00   1.451989e+01   0.000000e+00   4.064693e+04   
4.404874e+01   1.679998e+02   1.539662e+00   1.244999e+01   0.000000e+00   4.064763e+04   
