31840
31840
31841
31842
31843
31843
31844
31845
31845
31846
31847
31847
31848
31849
31850
31850
31851
31852
31852
31853
31854
31854
31855
31856
31857
31857
31858
31859
31859
31860
31861
31861
31862
31863
31864
31864
31865
31866
31866
31867
31868
31868
31869
31870
31871
31871
31872
31873
31873
31874
31875
31875
31876
31877
31878
31878
31879
31880
31880
31881
31882
31882
31883
31884
31885
31885
31886
31887
31887
31888
31889
31889
31890
31891
31892
31892
31893
31894
31894
31895
31896
31896
31897
31898
31899
31899
31900
31901
31901
31902
31903
31903
31904
31905
31906
31906
31907
31908
31908
31909
31910
31910
31911
31912
31913
31913
31914
31915
31915
31916
31917
31917
31918
31919
31920
31920
31921
31922
31922
31923
31924
31924
31925
31926
31927
31927
31928
31929
31929
31930
31931
31931
31932
31933
31934
31934
31935
31936
31936
31937
31938
31938
31939
31940
31941
31941
31942
31943
31943
31944
31945
31945
31946
31947
31948
31948
31949
31950
31950
31951
31952
31952
31953
31954
31955
31955
31956
31957
31957
31958
31959
31959
31960
31961
31962
31962
31963
31964
31964
31965
31966
31966
31967
31968
31969
31969
31970
31971
31971
31972
31973
31973
31974
31975
31976
31976
31977
31978
31978
31979
31980
31980
31981
31982
31983
31983
31984
31985
31985
31986
31987
31987
31988
31989
31990
31990
31991
31992
31992
31993
31994
31994
31995
31996
31997
31997
31998
31999
31999
32000
32001
32001
32002
32003
32004
32004
32005
32006
32006
32007
32008
32008
32009
32010
32011
32011
32012
32013
32013
32014
32015
32015
32016
32017
32018
32018
32019
32020
32020
32021
32022
32022
32023
32024
32025
32025
32026
32027
32027
32028
32029
32029
32030
32031
32032
32032
32033
32034
32034
32035
32036
32036
32037
32038
32039
32039
32040
32041
32041
32042
32043
32043
32044
32045
32046
32046
32047
32048
32048
32049
32050
32050
32051
32052
32053
32053
32054
32055
32055
32056
32057
32057
32058
32059
32060
32060
32061
32062
32062
32063
32064
32064
32065
32066
32067
32067
32068
32069
32069
32070
32071
32071
32072
32073
32074
32074
32075
32076
32076
32077
32078
32078
32079
32080
32081
32081
32082
32083
32083
32084
32085
32085
32086
32087
32088
32088
32089
32090
32090
32091
32092
32092
32093
32094
32095
32095
32096
32097
32097
32098
32099
32099
32100
32101
32102
32102
32103
32104
32104
32105
32106
32106
32107
32108
32109
32109
32110
32111
32111
32112
32113
32113
32114
32115
32116
32116
32117
32118
32118
32119
32120
32120
32121
32122
32123
32123
32124
