46778
46779
46779
46780
46781
46781
46782
46783
46784
46784
46785
46786
46786
46787
46788
46788
46789
46790
46791
46791
46792
46793
46793
46794
46795
46795
46796
46797
46798
46798
46799
46800
46800
46801
46802
46802
46803
46804
46805
46805
46806
46807
46807
46808
46809
46809
46810
46811
46812
46812
46813
46814
46814
46815
46816
46816
46817
46818
46819
46819
46820
46821
46821
46822
46823
46823
46824
46825
46826
46826
46827
46828
46828
46829
46830
46830
46831
46832
46833
46833
46834
46835
46835
46836
46837
46837
46838
46839
46840
46840
46841
46842
46842
46843
46844
46844
46845
46846
46847
46847
46848
46849
46849
46850
46851
46851
46852
46853
46854
46854
46855
46856
46856
46857
46858
46858
46859
46860
46861
46861
46862
46863
46863
46864
46865
46865
46866
46867
46868
46868
46869
46870
46870
46871
46872
46872
46873
46874
46875
46875
46876
46877
46877
46878
46879
46879
46880
46881
46882
46882
46883
46884
46884
46885
46886
46886
46887
46888
46889
46889
46890
46891
46891
46892
46893
46893
46894
46895
46896
46896
46897
46898
46898
46899
46900
46900
46901
46902
46903
46903
46904
46905
46905
46906
46907
46907
46908
46909
46910
46910
46911
46912
46912
46913
46914
46914
46915
46916
46917
46917
46918
46919
46919
46920
46921
46921
46922
46923
46924
46924
46925
46926
46926
46927
46928
46928
46929
46930
46931
46931
46932
46933
46933
46934
46935
46935
46936
46937
46938
46938
46939
46940
46940
46941
46942
46942
46943
46944
46945
46945
46946
46947
46947
46948
46949
46949
46950
46951
46952
46952
46953
46954
46954
46955
46956
46956
46957
46958
46959
46959
46960
46961
46961
46962
46963
46963
46964
46965
46966
46966
46967
46968
46968
46969
46970
46970
46971
46972
46973
46973
46974
46975
46975
46976
46977
46977
46978
46979
46980
46980
46981
46982
46982
46983
46984
46984
46985
46986
46987
46987
46988
46989
46989
46990
46991
46991
46992
46993
46994
46994
46995
46996
46996
46997
46998
46998
46999
47000
47001
47001
47002
47003
47003
47004
47005
47005
47006
47007
47008
47008
47009
47010
47010
47011
47012
47012
47013
47014
47015
47015
47016
47017
47017
47018
47019
47019
47020
47021
47022
47022
47023
47024
47024
47025
47026
47026
47027
47028
47029
47029
47030
47031
47031
47032
47033
47033
47034
47035
47036
47036
47037
47038
47038
47039
47040
47040
47041
47042
47043
47043
47044
47045
47045
47046
