80421
80422
80422
80423
80424
80424
80425
80426
80427
80427
80428
80429
80429
80430
80431
80431
80432
80433
80434
80434
80435
80436
80436
80437
80438
80438
80439
80440
80441
80441
80442
80443
80443
80444
80445
80445
80446
80447
80448
80448
80449
80450
80450
80451
80452
80452
80453
80454
80455
80455
80456
80457
80457
80458
80459
80459
80460
80461
80462
80462
80463
80464
80464
80465
80466
80466
80467
80468
80469
80469
80470
80471
80471
80472
80473
80473
80474
80475
80476
80476
80477
80478
80478
80479
80480
80480
80481
80482
80483
80483
80484
80485
80485
80486
80487
80487
80488
80489
80490
80490
80491
80492
80492
80493
80494
80494
80495
80496
80497
80497
80498
80499
80499
80500
80501
80501
80502
80503
80504
80504
80505
80506
80506
80507
80508
80508
80509
80510
80511
80511
80512
80513
80513
80514
80515
80515
80516
80517
80518
80518
80519
80520
80520
80521
80522
80522
80523
80524
80525
80525
80526
80527
80527
80528
80529
80529
80530
80531
80532
80532
80533
80534
80534
80535
80536
80536
80537
80538
80539
80539
80540
80541
80541
80542
80543
80543
80544
80545
80546
80546
80547
80548
80548
80549
80550
80550
80551
80552
80553
80553
80554
80555
80555
80556
80557
80557
80558
80559
80560
80560
80561
80562
80562
80563
80564
80564
80565
80566
80567
80567
80568
80569
80569
80570
80571
80571
80572
80573
80574
80574
80575
80576
80576
80577
80578
80578
80579
80580
80581
80581
80582
80583
80583
80584
80585
80585
80586
80587
80588
80588
80589
80590
80590
80591
80592
80592
80593
80594
80595
80595
80596
80597
80597
80598
80599
80599
80600
80601
80602
80602
80603
80604
80604
80605
80606
80606
80607
80608
80609
80609
80610
80611
80611
80612
80613
80613
80614
80615
80616
80616
80617
80618
80618
80619
80620
80620
80621
80622
80623
80623
80624
80625
80625
80626
80627
80627
80628
80629
80630
80630
80631
80632
80632
80633
80634
80634
80635
80636
80637
80637
80638
80639
80639
80640
80641
80641
80642
80643
80644
80644
80645
80646
80646
80647
80648
80648
80649
80650
80651
80651
80652
80653
80653
80654
80655
80655
80656
80657
80658
80658
80659
80660
80660
80661
80662
80662
80663
80664
80665
80665
80666
80667
80667
80668
80669
80669
80670
80671
80672
80672
80673
80674
80674
80675
80676
80676
80677
80678
80679
80679
80680
80681
80681
80682
80683
80683
80684
80685
80686
80686
80687
80688
80688
80689
80690
80690
80691
80692
80693
80693
80694
80695
80695
80696
80697
80697
80698
80699
80700
80700
80701
80702
80702
80703
80704
80704
80705
80706
80707
80707
80708
80709
80709
80710
80711
80711
80712
80713
80714
80714
80715
80716
80716
80717
80718
80718
80719
80720
80721
80721
80722
80723
80723
80724
80725
80725
80726
80727
80728
80728
80729
80730
80730
80731
80732
80732
80733
80734
80735
80735
80736
80737
80737
80738
80739
80739
80740
80741
80742
80742
80743
80744
80744
80745
80746
80746
80747
80748
80749
80749
80750
80751
80751
80752
80753
80753
80754
80755
80756
80756
80757
80758
80758
80759
80760
80760
80761
80762
80763
80763
80764
80765
80765
80766
80767
80767
80768
80769
80770
80770
80771
80772
80772
80773
80774
80774
80775
80776
80777
80777
80778
80779
80779
80780
80781
80781
80782
80783
80784
80784
80785
80786
80786
80787
80788
80788
80789
80790
80791
80791
80792
80793
80793
80794
80795
80795
80796
80797
80798
80798
80799
80800
80800
80801
80802
80802
80803
80804
80805
80805
80806
80807
80807
80808
80809
80809
80810
80811
80812
80812
80813
80814
80814
80815
80816
80816
80817
80818
80819
80819
80820
80821
80821
80822
80823
80823
80824
80825
80826
80826
80827
80828
80828
80829
80830
80830
80831
80832
80833
80833
80834
80835
80835
80836
80837
80837
80838
80839
80840
80840
80841
80842
80842
80843
80844
80844
80845
