68575
68576
68576
68577
68578
68578
68579
68580
68580
68581
68582
68583
68583
68584
68585
68585
68586
68587
68587
68588
68589
68590
68590
68591
68592
68592
68593
68594
68594
68595
68596
68597
68597
68598
68599
68599
68600
68601
68601
68602
68603
68604
68604
68605
68606
68606
68607
68608
68608
68609
68610
68611
68611
68612
68613
68613
68614
68615
68615
68616
68617
68618
68618
68619
68620
68620
68621
68622
68622
68623
68624
68625
68625
68626
68627
68627
68628
68629
68629
68630
68631
68632
68632
68633
68634
68634
68635
68636
68636
68637
68638
68639
68639
68640
68641
68641
68642
68643
68643
68644
68645
68646
68646
68647
68648
68648
68649
68650
68650
68651
68652
68653
68653
68654
68655
68655
68656
68657
68657
68658
68659
68660
68660
68661
68662
68662
68663
68664
68664
68665
68666
68667
68667
68668
68669
68669
68670
68671
68671
68672
68673
68674
68674
68675
68676
68676
68677
68678
68678
68679
68680
68681
68681
68682
68683
68683
68684
68685
68685
68686
68687
68688
68688
68689
68690
68690
68691
68692
68692
68693
68694
68695
68695
68696
68697
68697
68698
68699
68699
68700
68701
68702
68702
68703
68704
68704
68705
68706
68706
68707
68708
68709
68709
68710
68711
68711
68712
68713
68713
68714
68715
68716
68716
68717
68718
68718
68719
68720
68720
68721
68722
68723
68723
68724
68725
68725
68726
68727
68727
68728
68729
68730
68730
68731
68732
68732
68733
68734
68734
68735
68736
68737
68737
68738
68739
68739
68740
68741
68741
68742
68743
68744
68744
68745
68746
68746
68747
68748
68748
68749
68750
68751
68751
68752
68753
68753
68754
68755
68755
68756
68757
68758
68758
68759
68760
68760
68761
68762
68762
68763
68764
68765
68765
68766
68767
68767
68768
68769
68769
68770
68771
68772
68772
68773
68774
68774
68775
68776
68776
68777
68778
68779
68779
68780
68781
68781
68782
68783
68783
68784
68785
68786
68786
68787
68788
68788
68789
68790
68790
68791
68792
68793
68793
68794
68795
68795
68796
68797
68797
68798
68799
68800
68800
68801
68802
68802
68803
68804
68804
68805
68806
68807
68807
68808
68809
68809
68810
68811
68811
68812
68813
68814
68814
68815
68816
68816
68817
68818
68818
68819
68820
68821
68821
68822
68823
68823
68824
68825
68825
68826
68827
68828
68828
68829
68830
68830
68831
68832
68832
68833
68834
68835
68835
68836
68837
68837
68838
68839
68839
68840
68841
68842
68842
68843
68844
68844
68845
68846
68846
68847
68848
68849
68849
68850
68851
68851
68852
68853
68853
68854
68855
68856
68856
68857
68858
68858
68859
68860
68860
68861
68862
68863
68863
68864
68865
68865
68866
68867
68867
68868
68869
68870
68870
68871
68872
68872
68873
68874
68874
68875
68876
68877
68877
68878
68879
68879
68880
68881
68881
68882
68883
68884
68884
68885
68886
68886
68887
68888
68888
68889
68890
68891
68891
68892
68893
68893
68894
68895
68895
68896
68897
68898
68898
68899
68900
68900
68901
68902
68902
68903
68904
68905
68905
68906
68907
68907
68908
68909
68909
68910
68911
68912
68912
68913
68914
68914
68915
68916
68916
68917
68918
68919
68919
68920
68921
68921
68922
68923
68923
68924
68925
68926
68926
68927
68928
68928
68929
68930
68930
68931
68932
68933
68933
68934
68935
68935
68936
68937
68937
68938
68939
68940
68940
68941
68942
68942
68943
68944
68944
68945
68946
68947
68947
68948
68949
68949
68950
68951
68951
68952
68953
68954
68954
68955
68956
68956
68957
68958
68958
68959
68960
68961
68961
68962
68963
68963
68964
68965
68965
68966
68967
68968
68968
68969
68970
68970
68971
68972
68972
68973
68974
68975
68975
68976
68977
68977
68978
68979
68979
68980
68981
68982
68982
68983
68984
68984
68985
68986
68986
68987
68988
68989
68989
68990
68991
68991
68992
68993
68993
68994
68995
68996
68996
68997
68998
68998
68999
69000
69000
69001
69002
69003
69003
69004
69005
69005
69006
