49929
49930
49930
49931
49932
49933
49933
49934
49935
49935
49936
49937
49937
49938
49939
49940
49940
49941
49942
49942
49943
49944
49944
49945
49946
49947
49947
49948
49949
49949
49950
49951
49951
49952
49953
49954
49954
49955
49956
49956
49957
49958
49958
49959
49960
49961
49961
49962
49963
49963
49964
49965
49965
49966
49967
49968
49968
49969
49970
49970
49971
49972
49972
49973
49974
49975
49975
49976
49977
49977
49978
49979
49979
49980
49981
49982
49982
49983
49984
49984
49985
49986
49986
49987
49988
49989
49989
49990
49991
49991
49992
49993
49993
49994
49995
49996
49996
49997
49998
49998
49999
50000
50000
50001
50002
50003
50003
50004
50005
50005
50006
50007
50007
50008
50009
50010
50010
50011
50012
50012
50013
50014
50014
50015
50016
50017
50017
50018
50019
50019
50020
50021
50021
50022
50023
50024
50024
50025
50026
50026
50027
50028
50028
50029
50030
50031
50031
50032
50033
50033
50034
50035
50035
50036
50037
50038
50038
50039
50040
50040
50041
50042
50042
50043
50044
50045
50045
50046
50047
50047
50048
50049
50049
50050
50051
50052
50052
50053
50054
50054
50055
50056
50056
50057
50058
50059
50059
50060
50061
50061
50062
50063
50063
50064
50065
50066
50066
50067
50068
50068
50069
50070
50070
50071
50072
50073
50073
50074
50075
50075
50076
50077
50077
50078
50079
50080
50080
50081
50082
50082
50083
50084
50084
50085
50086
50087
50087
50088
50089
50089
50090
50091
50091
50092
50093
50094
50094
50095
50096
50096
50097
50098
50098
50099
50100
50101
50101
50102
50103
50103
50104
50105
50105
50106
50107
50108
50108
50109
50110
50110
50111
50112
50112
50113
50114
50115
50115
50116
50117
50117
50118
50119
50119
50120
50121
50122
50122
50123
50124
50124
50125
50126
50126
50127
50128
50129
50129
50130
50131
50131
50132
50133
50133
50134
50135
50136
50136
50137
50138
50138
50139
50140
50140
50141
50142
50143
50143
50144
50145
50145
50146
50147
50147
50148
50149
50150
50150
50151
50152
50152
50153
50154
50154
50155
50156
50157
50157
50158
50159
50159
50160
50161
50161
50162
50163
50164
50164
50165
50166
50166
50167
50168
50168
50169
50170
50171
50171
50172
50173
50173
50174
50175
50175
50176
50177
50178
50178
50179
50180
50180
50181
50182
50182
50183
50184
50185
50185
50186
50187
50187
50188
50189
50189
50190
50191
50192
50192
50193
50194
50194
50195
50196
50196
50197
50198
50199
50199
50200
50201
50201
50202
50203
50203
50204
50205
50206
50206
50207
50208
50208
50209
50210
50210
50211
50212
50213
50213
50214
50215
50215
50216
50217
50217
50218
50219
50220
50220
50221
50222
50222
50223
50224
50224
50225
50226
50227
50227
50228
50229
50229
50230
50231
50231
50232
50233
50234
50234
50235
50236
50236
50237
50238
50238
50239
50240
50241
50241
50242
50243
50243
50244
50245
50245
50246
50247
50248
50248
50249
50250
50250
50251
50252
50252
50253
50254
50255
50255
50256
50257
50257
50258
50259
50259
50260
50261
50262
50262
50263
50264
50264
50265
50266
50266
50267
50268
50269
50269
50270
50271
50271
50272
50273
50273
50274
50275
50276
50276
50277
50278
50278
50279
50280
50280
50281
50282
50283
50283
50284
50285
50285
50286
50287
50287
50288
50289
50290
50290
50291
50292
50292
50293
50294
50294
50295
50296
