67514
67514
67515
67516
67517
67517
67518
67519
67519
67520
67521
67521
67522
67523
67524
67524
67525
67526
67526
67527
67528
67528
67529
67530
67531
67531
67532
67533
67533
67534
67535
67535
67536
67537
67538
67538
67539
67540
67540
67541
67542
67542
67543
67544
67545
67545
67546
67547
67547
67548
67549
67549
67550
67551
67552
67552
67553
67554
67554
67555
67556
67556
67557
67558
67559
67559
67560
67561
67561
67562
67563
67563
67564
67565
67566
67566
67567
67568
67568
67569
67570
67570
67571
67572
67573
67573
67574
67575
67575
67576
67577
67577
67578
67579
67580
67580
67581
67582
67582
67583
67584
67584
67585
67586
67587
67587
67588
67589
67589
67590
67591
67591
67592
67593
67594
67594
67595
67596
67596
67597
67598
67598
67599
67600
67601
67601
67602
67603
67603
67604
67605
67605
67606
67607
67608
67608
67609
67610
67610
67611
67612
67612
67613
67614
67615
67615
67616
67617
67617
67618
67619
67619
67620
67621
67622
67622
67623
67624
67624
67625
67626
67626
67627
67628
67629
67629
67630
67631
67631
67632
67633
67633
67634
67635
67636
67636
67637
67638
67638
67639
67640
67640
67641
67642
67643
67643
67644
67645
67645
67646
67647
67647
67648
67649
67650
67650
67651
67652
67652
67653
67654
67654
67655
67656
67657
67657
67658
67659
67659
67660
67661
67661
67662
67663
67664
67664
67665
67666
67666
67667
67668
67668
67669
67670
67671
67671
67672
67673
67673
67674
67675
67675
67676
67677
67678
67678
67679
67680
67680
67681
67682
67682
67683
67684
67685
67685
67686
67687
67687
67688
67689
67689
67690
67691
67692
67692
67693
67694
67694
67695
67696
67696
67697
67698
67699
67699
67700
67701
67701
67702
67703
67703
67704
67705
67706
67706
67707
67708
67708
67709
67710
67710
67711
67712
67713
67713
67714
67715
67715
67716
67717
67717
67718
67719
67720
67720
67721
67722
67722
67723
67724
67724
67725
67726
67727
67727
67728
67729
67729
67730
67731
67731
67732
67733
67734
67734
67735
67736
67736
67737
67738
67738
67739
67740
67741
67741
67742
67743
67743
67744
67745
67745
67746
67747
67748
67748
67749
67750
67750
67751
67752
67752
67753
67754
67755
67755
67756
67757
67757
67758
67759
67759
67760
67761
67762
67762
67763
67764
67764
67765
67766
67766
67767
67768
67769
67769
67770
67771
67771
67772
67773
67773
67774
67775
67776
67776
67777
67778
67778
67779
67780
67780
67781
67782
67783
67783
67784
67785
67785
67786
67787
67787
67788
67789
67790
67790
67791
67792
67792
67793
67794
67794
67795
67796
67797
67797
67798
67799
67799
67800
67801
67801
67802
67803
67804
67804
67805
67806
67806
67807
67808
67808
67809
67810
67811
67811
67812
67813
67813
67814
67815
67815
