4964
4964.7
4965.4
4966.1
4966.8
4967.5
4968.2
4968.9
4969.6
4970.3
4971
4971.7
4972.4
4973.1
4973.8
4974.5
4975.2
4975.9
4976.6
4977.3
4978
4978.7
4979.4
4980.1
4980.8
4981.5
4982.2
4982.9
4983.6
4984.3
4985
4985.7
4986.4
4987.1
4987.8
4988.5
4989.2
4989.9
4990.6
4991.3
4992
4992.7
4993.4
4994.1
4994.8
4995.5
4996.2
4996.9
4997.6
4998.3
4999
4999.7
5000.4
5001.1
5001.8
5002.5
5003.2
5003.9
5004.6
5005.3
5006
5006.7
5007.4
5008.1
5008.8
5009.5
5010.2
5010.9
5011.6
5012.3
5013
5013.7
5014.4
5015.1
5015.8
5016.5
5017.2
5017.9
5018.6
5019.3
5020
5020.7
5021.4
5022.1
5022.8
5023.5
5024.2
5024.9
5025.6
5026.3
5027
5027.7
5028.4
5029.1
5029.8
5030.5
5031.2
5031.9
5032.6
5033.3
5034
5034.7
5035.4
5036.1
5036.8
5037.5
