-0.78563	-1.1472	-1.8594	-1.1295	-1.1466	-1.8424	-0.76924	-0.073155	-0.76903	-0.78469	-2.2104	-0.43354	1.3522	-0.055944	0.6587	1.7235	-0.047443	0.30634	0.66866	0.66908	0.66981	0.30727	-0.041043	-0.74278	-2.8816	-2.5198	-1.1046	-1.1054	-0.7431	-0.048535	0.30118	-0.41049	-0.76388	-2.1729	-1.4784	-2.5603	-2.9179	-3.6522	-2.9067	-1.822	-0.3975	0.67798	-0.40972	-1.1224	-1.4732	-3.2468	-1.8347	0.30214	-0.76167
-1.9072	-1.1913	-0.12913	0.23243	-1.1881	-0.47621	0.94762	0.23556	-0.12383	-0.1222	-0.12228	1.6513	1.302	2.0143	2.0183	1.6548	1.3081	1.6566	1.3061	1.6607	0.59649	1.6608	0.5996	-0.46393	-1.5197	-0.44546	-0.091819	-0.44136	-1.513	-0.43957	0.27224	-0.43848	-1.5119	-2.9295	-2.605	-4.0337	-0.82757	-2.2775	-3.3219	-0.80608	0.95094	0.58939	-0.47262	-0.47369	-2.612	-2.6077	-2.6077	-0.83089	-2.2403
-1.182	-0.46877	-0.10284	-1.1823	-1.1811	-0.47062	-0.10889	-0.46954	-0.82097	0.95407	-0.46659	2.0177	2.7439	2.3963	2.3993	1.3306	0.63296	1.6952	1.3353	2.0469	2.408	2.408	-0.076077	-0.72848	-1.8016	-1.8016	-1.4389	-1.0953	-0.72654	-0.022275	-0.73485	-1.0959	-1.4479	-2.1596	-3.6137	-3.6327	-2.1745	-1.1091	0.6773	1.055	2.1194	0.70789	0.68045	-1.8172	-3.2321	-2.1691	-2.185	-2.5286	-2.1686
-1.1005	-1.1002	-1.4583	-1.4578	-0.034837	-0.034393	-1.4846	-1.1213	-1.8055	-0.03203	-0.031161	3.1644	3.1656	2.4563	3.1672	2.4571	2.108	2.432	2.4332	2.11	1.7233	1.7229	1.7229	1.088	-0.68193	-1.0298	0.033288	-0.31627	-0.67639	-0.31494	-1.027	-1.0261	-2.1015	-1.0286	-4.2673	-3.2194	-2.1397	-1.7797	-0.0070169	0.70421	2.1253	1.0539	0.70218	-2.8575	-2.5114	-4.6507	-2.8735	-2.1435	-2.8546
2.4313	2.0707	-1.1255	-0.053335	-0.76458	-1.4789	-0.41462	-0.76441	-0.41324	-0.051092	3.1431	3.4942	4.2208	2.0918	3.5163	4.5803	3.5215	2.1017	3.524	3.1744	3.8752	3.5252	2.464	2.4742	0.6912	0.33476	-0.37662	-1.4391	-0.72649	-0.01545	-0.72701	-0.72763	-2.5117	-3.2255	-4.2991	-2.8535	-2.5044	-2.8537	-1.4293	0.35372	2.1279	1.0649	0.34729	-2.8519	-4.6236	-3.9128	-3.9122	-3.5631	-3.2104
-0.40298	-0.40218	0.66134	2.7955	-0.047303	-2.532	-0.41403	-1.1264	-0.75766	-0.39488	4.2104	5.2818	3.8621	3.5021	4.5576	3.5037	4.2154	2.8054	2.0952	2.7901	3.8518	3.4918	4.2025	3.5675	2.158	2.1602	1.8018	-0.31928	-1.3894	0.032056	-0.67878	-1.7414	-2.8152	-1.7785	-3.5662	-3.2391	-2.1425	-1.4302	-0.0080289	1.4133	2.1233	1.4127	1.0517	-1.7842	-3.9489	-4.663	-3.2433	-2.8734	-2.5104
-1.0906	-0.028774	-0.73056	-0.73106	0.68034	-1.4426	1.0412	-0.7306	1.0412	1.0421	3.8758	5.6572	6.0083	5.3142	5.6772	5.6804	4.973	3.9046	3.1951	3.556	4.6174	4.268	4.9786	3.9084	4.2685	4.6189	2.1365	-0.70314	-4.6086	-2.8382	-1.7753	-2.1271	-3.5523	-1.7776	-2.1285	-2.1457	-2.8581	-1.0661	-0.33789	3.208	2.1491	0.36201	0.017657	-0.3499	-3.9098	-3.9067	-2.4828	-2.8324	-2.4811
-2.2898	-1.2268	1.2772	0.92838	0.21974	-0.8408	-0.13764	0.57281	-0.48804	-0.48767	5.898	6.6089	7.6702	6.9608	6.2615	5.9022	5.1929	6.264	4.8383	4.1284	4.8399	4.8403	4.1305	4.5207	4.5208	4.1871	3.8295	0.99863	-1.1319	-1.4808	-0.76895	-2.9036	-2.1935	-2.9058	-2.5708	-4.699	-1.8616	0.27306	1.3333	-0.088355	0.98186	-0.44019	-0.79223	1.3309	-2.2512	-2.6134	-1.5409	-2.6126	-4.3555
-0.52233	1.9705	-0.16203	-0.52232	-0.13662	0.18799	1.2592	-0.1622	-2.296	-1.9342	-0.52133	3.0576	5.9	8.3553	8.7062	8.722	8.7249	6.9577	7.3107	6.9633	6.9644	7.6752	7.6758	6.2459	5.8961	4.476	4.8266	2.3449	1.9943	-3.3359	-0.84474	-0.49458	-1.9076	-1.9078	-2.982	-3.6917	-2.983	-1.1989	-1.2006	-1.184	-1.5438	-1.5417	-2.248	-0.11543	-0.82234	-3.3065	-1.1736	-1.1739	-4.3862
-2.1947	-1.4581	0.6652	-0.7573	-1.1071	-0.38209	1.7529	2.1046	-1.7985	-1.7956	-3.2198	-4.6436	-1.4344	9.913	7.4333	1.7614	4.9544	8.4963	7.4369	8.1479	6.7285	7.4391	7.0542	6.7343	6.7347	5.6749	6.0254	6.0256	6.0416	0.0090139	0.37144	-1.0499	-2.4701	-2.469	-3.5475	-4.2673	-1.7757	-0.71349	-1.4155	-1.4159	-1.0665	-3.5576	-2.1367	1.065	-1.7798	-2.1366	-1.4204	-4.986	-2.8468
2.2822	-1.2625	0.15992	0.87628	-1.2569	-1.6133	0.87055	-0.20106	-2.6848	-4.4598	-3.395	-2.685	-3.3971	-1.6107	-1.6122	-1.9706	-1.9701	5.8377	11.51	11.176	12.239	11.181	9.7639	10.096	9.0369	9.0374	9.398	9.0384	10.099	6.5582	0.17418	-1.5999	-1.6	-1.9663	-0.90516	-2.6788	0.16607	2.287	-3.0307	-1.6093	-3.3788	-3.0186	-1.9574	-0.53273	-0.51552	0.5475	-3.3587	-4.4346	-2.6599
2.1693	6.4311	2.529	2.5294	2.1687	2.8789	-0.31359	-2.4367	-3.1484	-2.798	-2.4373	-2.436	-2.1111	-2.782	-1.7077	3.6109	3.974	2.9057	20.289	20.64	19.221	16.032	14.972	18.523	19.233	15.694	10.014	4.3429	11.435	12.509	7.1887	3.2868	3.9967	-3.8142	-3.4686	-3.469	2.5737	-1.3136	-1.6678	-2.0274	-3.8449	-2.0251	0.10837	0.10768	0.45761	-0.60417	-2.3769	1.5284	0.77158
-0.015169	2.4675	1.4068	3.1778	2.4674	1.4066	-0.726	0.69588	-3.9225	-3.922	-1.7884	-2.499	-2.8584	-2.4879	-1.4171	2.8391	0.00918	1.4325	17.027	19.868	21.639	17.03	8.8798	15.631	20.591	16.342	6.7614	3.9308	5.3513	13.117	7.4467	0.71323	4.2551	-1.4209	-2.8584	-3.5711	1.7875	0.36805	-2.8249	-3.1902	-5.6784	-2.1253	-1.4153	-2.4781	4.6193	-1.0662	-2.4786	-2.1144	1.0804
-0.52614	0.93035	-1.588	0.18466	-0.52638	0.5451	0.89527	0.18456	-4.0751	-1.9547	-3.7238	-2.6507	-1.9386	-0.87619	-0.87565	-0.87574	-1.586	-0.87473	0.18825	3.0472	7.662	2.6928	-0.49762	0.93548	0.22587	1.6472	1.9989	1.9987	0.58772	0.93783	1.6489	0.58763	-2.2519	-1.8916	-1.1913	-0.83028	0.22956	0.94036	0.22866	-2.2559	-2.2564	-2.6039	-2.9646	-3.6592	-1.8727	-1.8716	-2.229	-2.5792	-1.8682
0.27652	-0.43421	2.7587	-0.79475	-2.1933	-2.5515	-3.9914	-2.5644	-1.1391	-0.78821	-2.5615	-3.9842	-2.5453	-2.561	-1.1375	-1.1365	-0.42572	-0.0746	-0.78529	-0.072983	-0.072644	-2.194	0.28983	-2.184	-1.8323	-0.77029	1.0128	0.65202	0.66887	-0.39092	-0.38818	-0.035811	1.0368	1.3876	-2.1576	-1.8088	1.0359	2.4466	-0.051824	-0.052241	-2.8878	-3.605	-2.1829	-2.895	-2.8958	-3.2588	-3.9658	-2.8923	-3.9657
-0.90479	-1.2555	-1.6155	-3.039	-4.1032	-1.6166	-1.615	-3.0387	-1.6164	-3.0243	-3.0385	-3.3905	-2.3282	-3.0392	-1.5861	-1.9344	-1.2209	-1.2179	-0.8786	-0.52708	-0.52625	-1.9378	-3.0089	-1.2051	-3.7004	0.20765	-0.85381	-0.50228	-0.85272	-1.2032	-1.9098	-1.5595	0.21306	-2.6228	-1.1993	-0.13841	0.57267	-0.84954	-0.85027	-1.8948	-4.0541	-4.4155	-3.3559	-4.4135	-4.4116	-3.0057	-3.3558	-2.309	-2.31
-2.6254	-2.6089	-0.47396	-3.6698	-2.6045	-4.3852	-2.961	-2.2489	-0.82664	-1.1874	-1.5386	-2.2495	-1.5376	-2.2482	-2.2493	-1.1851	-0.82449	-0.47353	-0.4729	-0.82214	-0.82228	-1.8931	-1.892	-3.6851	-2.9581	-0.82177	-1.1795	-1.8887	-0.81363	-0.46385	-2.5971	-2.2364	-1.8863	0.24786	-0.81445	-1.5254	-2.2232	-1.1619	-2.5847	-1.5125	-3.6754	-3.6491	-2.9381	-3.6776	-3.3263	-4.0442	-4.0466	-3.6867	-3.7046
-2.3073	-1.5951	-2.658	-2.6584	-3.3719	-5.5051	-2.6395	-3.0153	-4.0817	-2.6548	-2.659	-2.3047	-1.2196	-1.5775	-0.14991	-0.85844	-1.2123	-0.49592	-0.49567	-1.2096	-0.14688	-1.2085	-2.2789	-4.3555	-1.5153	-0.82086	-1.8812	-3.6675	-3.3078	-2.9547	-2.9541	-0.10741	-0.45838	-1.1697	-2.2421	-1.1708	-0.8031	-0.43983	-2.2217	-2.5717	-5.79	-4.3634	-3.3167	-3.6785	-4.3649	-2.9673	-3.3191	-2.624	-1.5598
-2.1259	0.36038	-3.5478	-3.8612	-3.5473	-5.3239	-4.2182	-3.5476	-2.0899	-0.70129	-3.1544	-0.6689	-1.3794	-1.0514	-0.66823	-0.30573	0.010593	0.01118	-1.4111	-0.69902	-0.69799	-1.0473	-2.1036	-1.6993	-0.27433	-0.98253	-1.3582	-0.9805	-0.98024	-1.6911	-2.4033	-1.3387	-0.62902	-1.3404	-2.0524	-2.0692	-0.99603	-2.421	-1.358	-0.99707	-3.1354	-2.7886	-4.2043	-3.1416	-5.6339	-5.2822	-5.6288	-3.1372	-2.423
-1.0449	-4.5976	-3.1811	-3.1798	-3.5319	-3.5317	-3.1881	-3.5389	-0.34116	-0.69208	0.035572	-1.0343	-2.4578	-1.3827	-1.0316	-0.31911	0.042222	0.74311	-0.66821	-0.66734	-1.7326	-2.0808	-3.1613	-2.0681	-1.3554	0.068472	-1.714	-1.353	-0.64046	-0.64039	-0.64095	-1.7125	-2.0635	-2.7751	-2.0462	-3.8215	-3.1165	-3.1159	-1.6899	-3.1504	-2.4402	-4.2325	-3.1691	-4.2175	-5.2856	-4.5698	-4.5872	-5.2794	-3.147
-2.4182	-3.838	-1.71	-2.7747	-2.7746	-4.2005	-0.9988	-1.7079	-1.3463	0.42572	-0.63581	-0.99666	-0.99819	-1.0013	0.42534	-0.28627	0.42516	-0.28844	-0.28732	-0.63849	-1.7104	-2.0465	-1.3302	-3.413	-1.2864	-1.2818	-1.2817	-0.92985	-1.64	-1.2792	-2.3393	-1.279	-2.7034	-2.6906	-3.4161	-3.0517	-3.7686	-2.3388	-1.627	-4.1144	-4.8305	-4.1342	-3.4242	-4.137	-2.6951	-3.7435	-5.1711	-4.1181	-3.39
-1.2527	-2.678	-1.2799	-0.56729	-2.7033	-2.3426	-1.6305	-0.56866	-0.56459	-2.342	-1.95	-0.90121	-2.325	-0.89883	-0.18401	-0.54458	-0.18698	-0.18795	0.19102	-0.87103	-0.54579	-1.2572	-1.9682	-3.7443	-1.9664	-1.9655	-0.5407	-1.2243	-1.9625	-1.6019	-1.962	-3.0236	-2.6765	-4.0922	-4.0732	-4.071	-4.0692	-4.0668	-2.6518	-4.8019	-3.0218	-4.0876	-4.0849	-3.7323	-4.8031	-2.6556	-3.359	-3.3718	-3.3714
-0.46708	-1.8887	-2.2504	-1.5366	-0.82495	-1.537	-2.6017	-2.2372	-0.82515	-0.10209	-0.10287	-0.82641	-0.1155	0.25783	-0.10307	-0.10296	-0.4671	0.95518	0.95537	-0.11657	-1.5389	-1.5248	-1.5228	-1.8605	-2.2276	-1.1428	-1.1411	-1.1395	-2.5627	-2.9142	-1.4981	-1.4959	-2.5608	-2.5609	-3.6262	-3.2755	-2.9132	-2.9151	-3.9959	-3.6366	-4.3478	-5.072	-5.0698	-2.9295	-4.0063	-4.3518	-1.842	-2.2027	-4.3355
-0.43602	0.27649	-0.78745	0.63766	-1.1484	-0.081142	-0.78682	-1.4989	-1.5085	-1.1557	-0.78713	-0.068343	-1.8443	-0.42445	0.65585	0.65618	0.28824	0.65507	0.65559	-1.1285	-1.8408	-0.41391	-1.4698	-1.1359	-1.8189	-1.4842	-1.1336	-1.4831	-2.5204	-2.1934	-2.5458	-2.5444	-1.4801	-2.1926	-3.5923	-3.5905	-2.8594	-2.524	-2.8864	-3.596	-3.6035	-5.751	-5.3832	-3.9567	-4.3159	-2.5287	-1.8196	-2.5239	-3.2437
