46423
46424
46425
46426
46426
46427
46428
46428
46429
46430
46430
46431
46432
46433
46433
46434
46435
46435
46436
46437
46437
46438
46439
46440
46440
46441
46442
46442
46443
46444
46444
46445
46446
46447
46447
46448
46449
46449
46450
46451
46451
46452
46453
46454
46454
46455
46456
46456
46457
46458
46458
46459
46460
46461
46461
46462
46463
46463
46464
46465
46465
46466
46467
46468
46468
46469
46470
46470
46471
46472
46472
46473
46474
46475
46475
46476
46477
46477
46478
46479
46479
46480
46481
46482
46482
46483
46484
46484
46485
46486
46486
46487
46488
46489
46489
46490
46491
46491
46492
46493
46493
46494
46495
46496
46496
46497
46498
46498
46499
46500
46500
46501
46502
46503
46503
46504
46505
46505
46506
46507
46507
46508
46509
46510
46510
46511
46512
46512
46513
46514
46514
46515
46516
46517
46517
46518
46519
46519
46520
46521
46521
46522
46523
46524
46524
46525
46526
46526
46527
46528
46528
46529
46530
46531
46531
46532
46533
46533
46534
46535
46535
46536
46537
46538
46538
46539
46540
46540
46541
46542
46542
46543
46544
46545
46545
46546
46547
46547
46548
46549
46549
46550
46551
46552
46552
46553
46554
46554
46555
46556
46556
46557
46558
46559
46559
46560
46561
46561
46562
46563
46563
46564
46565
46566
46566
46567
46568
46568
46569
46570
46570
46571
46572
46573
46573
46574
46575
46575
46576
46577
46577
46578
46579
46580
46580
46581
46582
46582
46583
46584
46584
46585
46586
46587
46587
46588
46589
46589
46590
46591
46591
46592
46593
46594
46594
46595
46596
46596
46597
46598
46598
46599
46600
