63977
63978
63979
63979
63980
63981
63981
63982
63983
63983
63984
63985
63986
63986
63987
63988
63988
63989
63990
63990
63991
63992
63993
63993
63994
63995
63995
63996
63997
63997
63998
63999
64000
64000
64001
64002
64002
64003
64004
64004
64005
64006
64007
64007
64008
64009
64009
64010
64011
64011
64012
64013
64014
64014
64015
64016
64016
64017
64018
64018
64019
64020
64021
64021
64022
64023
64023
64024
64025
64025
64026
64027
64028
64028
64029
64030
64030
64031
64032
64032
64033
64034
64035
64035
64036
64037
64037
64038
64039
64039
64040
64041
64042
64042
64043
64044
64044
64045
64046
64046
64047
64048
64049
64049
64050
64051
64051
64052
64053
64053
64054
64055
64056
64056
64057
64058
64058
64059
64060
64060
64061
64062
64063
64063
64064
64065
64065
64066
64067
64067
64068
64069
64070
64070
64071
64072
64072
64073
64074
64074
64075
64076
64077
64077
64078
64079
64079
64080
64081
64081
64082
64083
64084
64084
64085
64086
64086
64087
64088
64088
64089
64090
64091
64091
64092
64093
64093
64094
64095
64095
64096
64097
64098
64098
64099
64100
64100
64101
64102
64102
64103
64104
64105
64105
64106
64107
64107
64108
64109
64109
64110
64111
64112
64112
64113
64114
64114
64115
64116
64116
64117
64118
64119
64119
64120
64121
64121
64122
64123
64123
64124
64125
64126
64126
64127
64128
64128
64129
64130
64130
64131
64132
64133
64133
64134
64135
64135
64136
64137
64137
64138
64139
64140
64140
64141
64142
64142
64143
64144
64144
64145
64146
64147
64147
64148
64149
64149
64150
64151
64151
64152
64153
64154
64154
64155
64156
64156
64157
64158
64158
64159
64160
64161
64161
64162
64163
64163
64164
64165
64165
64166
64167
64168
64168
64169
64170
64170
64171
64172
64172
64173
64174
64175
64175
64176
64177
64177
64178
64179
64179
64180
64181
64182
64182
64183
64184
64184
64185
64186
64186
64187
64188
64189
64189
64190
64191
64191
64192
64193
64193
64194
64195
64196
64196
64197
64198
