17324
17325
17326
17327
17327
17328
17329
17329
17330
17331
17331
17332
17333
17334
17334
17335
17336
17336
17337
17338
17338
17339
17340
17341
17341
17342
17343
17343
17344
17345
17345
17346
17347
17348
17348
17349
17350
17350
17351
17352
17352
17353
17354
17355
17355
17356
17357
17357
17358
17359
17359
17360
17361
17362
17362
17363
17364
17364
17365
17366
17366
17367
17368
17369
17369
17370
17371
17371
17372
17373
17373
17374
17375
17376
17376
17377
17378
17378
17379
17380
17380
17381
17382
17383
17383
17384
17385
17385
17386
17387
17387
17388
17389
17390
17390
17391
17392
17392
17393
17394
17394
17395
17396
17397
17397
17398
17399
17399
17400
17401
17401
17402
17403
17404
17404
17405
17406
17406
17407
17408
17408
17409
17410
17411
17411
17412
17413
17413
17414
17415
17415
17416
17417
17418
17418
17419
17420
17420
17421
17422
17422
17423
17424
17425
17425
17426
17427
17427
17428
17429
17429
17430
17431
17432
17432
17433
17434
17434
17435
17436
17436
17437
17438
17439
17439
17440
17441
17441
17442
17443
17443
17444
17445
17446
17446
17447
17448
17448
17449
17450
17450
17451
17452
17453
17453
17454
17455
17455
17456
17457
17457
17458
17459
17460
17460
17461
17462
17462
17463
17464
17464
17465
17466
17467
17467
17468
17469
17469
17470
17471
17471
17472
17473
17474
17474
17475
17476
17476
17477
17478
17478
17479
17480
17481
17481
17482
17483
17483
17484
17485
17485
17486
17487
17488
17488
17489
17490
17490
17491
17492
17492
17493
17494
17495
17495
17496
17497
17497
17498
17499
17499
17500
17501
17502
17502
17503
17504
17504
17505
17506
17506
17507
17508
17509
17509
17510
17511
17511
17512
17513
17513
17514
17515
17516
17516
17517
17518
17518
17519
17520
17520
17521
17522
17523
17523
17524
17525
17525
17526
17527
17527
17528
17529
17530
17530
17531
17532
17532
17533
17534
17534
17535
17536
17537
17537
17538
17539
17539
17540
17541
17541
17542
17543
17544
17544
17545
17546
17546
17547
17548
17548
17549
17550
17551
17551
17552
17553
17553
17554
17555
17555
17556
17557
17558
17558
17559
17560
17560
17561
17562
17562
17563
17564
17565
17565
17566
17567
17567
17568
17569
17569
17570
17571
17572
17572
17573
17574
17574
17575
17576
17576
17577
17578
17579
17579
17580
17581
17581
17582
17583
17583
17584
17585
17586
17586
17587
17588
17588
17589
17590
17590
17591
17592
17593
17593
17594
17595
17595
17596
17597
17597
17598
17599
17600
17600
17601
17602
17602
17603
17604
17604
17605
17606
17607
17607
17608
17609
17609
17610
17611
17611
17612
17613
17614
17614
17615
17616
17616
17617
17618
17618
17619
17620
17621
17621
17622
17623
17623
17624
17625
17625
17626
17627
17628
17628
17629
17630
17630
17631
17632
17632
17633
17634
17635
17635
17636
17637
17637
17638
17639
17639
17640
17641
17642
17642
17643
17644
17644
17645
17646
17646
17647
17648
17649
17649
17650
17651
17651
17652
17653
17653
17654
