59258
59259
59260
59260
59261
59262
59263
59263
59264
59265
59265
59266
59267
59267
59268
59269
59270
59270
59271
59272
59272
59273
59274
59274
59275
59276
59277
59277
59278
59279
59279
59280
59281
59281
59282
59283
59284
59284
59285
59286
59286
59287
59288
59288
59289
59290
59291
59291
59292
59293
59293
59294
59295
59295
59296
59297
59298
59298
59299
59300
59300
59301
59302
59302
59303
59304
59305
59305
59306
59307
59307
59308
59309
59309
59310
59311
59312
59312
59313
59314
59314
59315
59316
59316
59317
59318
59319
59319
59320
59321
59321
59322
59323
59323
59324
59325
59326
59326
59327
59328
59328
59329
59330
59330
59331
59332
59333
59333
59334
59335
59335
59336
59337
59337
59338
59339
59340
59340
59341
59342
59342
59343
59344
59344
59345
59346
59347
59347
59348
59349
59349
59350
59351
59351
59352
59353
59354
59354
59355
59356
59356
59357
59358
59358
59359
59360
59361
59361
59362
59363
59363
59364
59365
59365
59366
59367
59368
59368
59369
59370
59370
59371
59372
59372
59373
59374
59375
59375
59376
59377
59377
59378
59379
59379
59380
59381
59382
59382
59383
59384
59384
59385
59386
59386
59387
59388
59389
59389
59390
59391
59391
59392
59393
59393
59394
59395
59396
59396
59397
59398
59398
59399
59400
59400
59401
59402
59403
59403
59404
59405
59405
59406
59407
59407
59408
59409
59410
59410
59411
59412
59412
59413
59414
59414
59415
59416
59417
59417
59418
59419
59419
59420
59421
59421
59422
59423
59424
59424
59425
59426
59426
59427
59428
59428
59429
59430
59431
59431
59432
59433
59433
59434
59435
59435
59436
59437
59438
59438
59439
59440
59440
59441
59442
59442
59443
59444
59445
59445
59446
59447
59447
59448
59449
59449
59450
59451
59452
59452
59453
59454
59454
59455
59456
59456
59457
59458
59459
59459
59460
59461
59461
59462
59463
59463
59464
59465
59466
59466
59467
59468
59468
59469
59470
59470
59471
59472
59473
59473
59474
59475
59475
59476
59477
59477
59478
59479
59480
59480
