48691
48691
48692
48693
48693
48694
48695
48695
48696
48697
48698
48698
48699
48700
48700
48701
48702
48702
48703
48704
48705
48705
48706
48707
48707
48708
48709
48709
48710
48711
48712
48712
48713
48714
48714
48715
48716
48716
48717
48718
48719
48719
48720
48721
48721
48722
48723
48723
48724
48725
48726
48726
48727
48728
48728
48729
48730
48730
48731
48732
48733
48733
48734
48735
48735
48736
48737
48737
48738
48739
48740
48740
48741
48742
48742
48743
48744
48744
48745
48746
48747
48747
48748
48749
48749
48750
48751
48751
48752
48753
48754
48754
48755
48756
48756
48757
48758
48758
48759
48760
48761
48761
48762
48763
48763
48764
48765
48765
48766
48767
48768
48768
48769
48770
48770
48771
48772
48772
48773
48774
48775
48775
48776
48777
48777
48778
48779
48779
48780
48781
48782
48782
48783
48784
48784
48785
48786
48786
48787
48788
48789
48789
48790
48791
48791
48792
48793
48793
48794
48795
48796
48796
48797
48798
48798
48799
48800
48800
48801
48802
48803
48803
48804
48805
48805
48806
48807
48807
48808
48809
48810
48810
48811
48812
48812
48813
48814
48814
48815
48816
48817
48817
48818
48819
48819
48820
48821
48821
48822
48823
48824
48824
48825
48826
48826
48827
48828
48828
48829
48830
48831
48831
48832
48833
48833
48834
48835
48835
48836
48837
48838
48838
48839
48840
48840
48841
48842
48842
48843
48844
48845
48845
48846
48847
48847
48848
48849
48849
48850
48851
48852
48852
48853
48854
48854
48855
48856
48856
48857
48858
48859
48859
48860
48861
48861
48862
48863
48863
48864
48865
48866
48866
48867
48868
48868
48869
48870
48870
48871
48872
48873
48873
48874
48875
48875
48876
48877
48877
48878
48879
48880
48880
48881
48882
48882
48883
48884
48884
48885
48886
48887
48887
48888
48889
48889
48890
48891
48891
48892
48893
48894
48894
48895
48896
48896
48897
48898
48898
48899
48900
48901
48901
48902
48903
48903
48904
48905
48905
48906
48907
48908
48908
48909
48910
48910
48911
48912
48912
48913
48914
48915
48915
48916
48917
48917
48918
48919
48919
48920
48921
48922
48922
48923
48924
48924
48925
48926
48926
48927
48928
48929
48929
48930
48931
48931
48932
48933
48933
48934
48935
48936
48936
48937
48938
48938
48939
48940
48940
48941
48942
48943
48943
48944
48945
48945
48946
48947
48947
48948
48949
48950
48950
48951
48952
48952
48953
48954
48954
48955
48956
48957
48957
48958
48959
48959
48960
48961
48961
48962
48963
48964
48964
48965
48966
48966
48967
48968
48968
48969
48970
48971
48971
48972
48973
48973
48974
48975
48975
48976
48977
48978
48978
48979
48980
48980
48981
48982
48982
48983
48984
48985
48985
48986
48987
48987
48988
48989
48989
48990
48991
48992
48992
48993
48994
48994
48995
48996
48996
48997
48998
48999
48999
49000
49001
49001
49002
49003
49003
49004
49005
49006
49006
49007
49008
49008
49009
49010
49010
49011
49012
49013
49013
49014
49015
49015
49016
49017
49017
49018
49019
49020
49020
49021
49022
49022
49023
49024
49024
49025
49026
49027
49027
49028
49029
49029
49030
49031
49031
49032
49033
49034
49034
49035
49036
49036
49037
49038
49038
49039
49040
49041
49041
49042
49043
49043
49044
49045
49045
49046
49047
49048
49048
49049
49050
49050
49051
49052
49052
49053
49054
49055
49055
49056
49057
49057
49058
49059
49059
49060
49061
49062
49062
49063
49064
49064
49065
49066
49066
49067
49068
49069
49069
49070
49071
49071
49072
49073
49073
49074
49075
49076
49076
49077
49078
49078
49079
49080
49080
49081
49082
49083
49083
49084
49085
49085
49086
49087
49087
49088
49089
49090
49090
49091
49092
49092
49093
49094
49094
49095
49096
49097
49097
49098
49099
49099
49100
49101
49101
49102
49103
49104
49104
49105
49106
49106
49107
49108
49108
49109
49110
49111
49111
49112
49113
49113
49114
49115
49115
49116
49117
49118
49118
49119
49120
49120
49121
