47014
47014
47015
47016
47017
47017
47018
47019
47019
47020
47021
47021
47022
47023
47024
47024
47025
47026
47026
47027
47028
47028
47029
47030
47031
47031
47032
47033
47033
47034
47035
47035
47036
47037
47038
47038
47039
47040
47040
47041
47042
47042
47043
47044
47045
47045
47046
47047
47047
47048
47049
47049
47050
47051
47052
47052
47053
47054
47054
47055
47056
47056
47057
47058
47059
47059
47060
47061
47061
47062
47063
47063
47064
47065
47066
47066
47067
47068
47068
47069
47070
47070
47071
47072
47073
47073
47074
47075
47075
47076
47077
47077
47078
47079
47080
47080
47081
47082
47082
47083
47084
47084
47085
47086
47087
47087
47088
47089
47089
47090
47091
47091
47092
47093
47094
47094
47095
47096
47096
47097
47098
47098
47099
47100
47101
47101
47102
47103
47103
47104
47105
47105
47106
47107
47108
47108
47109
47110
47110
47111
47112
47112
47113
47114
47115
47115
47116
47117
47117
47118
47119
47119
47120
47121
47122
47122
47123
47124
47124
47125
47126
47126
47127
47128
47129
47129
47130
47131
47131
47132
47133
47133
47134
47135
47136
47136
47137
47138
47138
47139
47140
47140
47141
47142
47143
47143
47144
47145
47145
47146
47147
47147
47148
47149
47150
47150
47151
47152
47152
47153
47154
47154
47155
47156
47157
47157
47158
47159
47159
47160
47161
47161
47162
47163
47164
47164
47165
47166
47166
47167
47168
47168
47169
47170
47171
47171
47172
47173
47173
47174
47175
47175
47176
47177
47178
47178
47179
47180
47180
47181
47182
47182
47183
47184
47185
47185
47186
47187
47187
47188
47189
47189
47190
47191
47192
47192
47193
47194
47194
47195
47196
47196
47197
47198
47199
47199
47200
47201
47201
47202
47203
47203
47204
47205
47206
47206
47207
47208
47208
47209
47210
47210
47211
47212
47213
47213
47214
47215
47215
47216
47217
47217
47218
47219
47220
47220
47221
47222
47222
47223
47224
47224
47225
47226
47227
47227
47228
47229
47229
47230
47231
47231
47232
47233
47234
47234
47235
47236
47236
47237
47238
47238
47239
47240
47241
47241
47242
47243
47243
47244
47245
47245
47246
47247
47248
47248
47249
47250
47250
47251
47252
