488.14
488.84
489.54
490.24
490.94
491.64
492.34
493.04
493.74
494.44
495.14
495.84
496.54
497.24
497.94
498.64
499.34
500.04
500.74
501.44
502.14
502.84
503.54
504.24
504.94
505.64
506.34
507.04
507.74
508.44
509.14
509.84
510.54
511.24
511.94
512.64
513.34
514.04
514.74
515.44
516.14
516.84
517.54
518.24
518.94
519.64
520.34
521.04
521.74
522.44
523.14
523.84
524.54
525.24
525.94
526.64
527.34
528.04
528.74
529.44
530.14
530.84
531.54
532.24
532.94
533.64
534.34
535.04
535.74
536.44
537.14
537.84
538.54
539.24
539.94
540.64
541.34
542.04
542.74
543.44
544.14
544.84
545.54
546.24
546.94
547.64
548.34
549.04
549.74
550.44
551.14
551.84
552.54
553.24
553.94
554.64
555.34
556.04
556.74
557.44
558.14
558.84
559.54
560.24
560.94
561.64
562.34
563.04
563.74
564.44
565.14
565.84
566.54
567.24
567.94
568.64
569.34
570.04
570.74
571.44
572.14
572.84
573.54
574.24
574.94
575.64
576.34
577.04
577.74
578.44
579.14
579.84
580.54
581.24
581.94
582.64
583.34
584.04
584.74
585.44
586.14
586.84
587.54
588.24
588.94
589.64
590.34
591.04
591.74
592.44
593.14
593.84
594.54
595.24
595.94
596.64
597.34
598.04
598.74
599.44
600.14
600.84
601.54
602.24
602.94
603.64
604.34
605.04
605.74
606.44
607.14
607.84
608.54
609.24
609.94
610.64
611.34
612.04
612.74
613.44
614.14
614.84
615.54
616.24
616.94
617.64
618.34
619.04
619.74
620.44
621.14
621.84
622.54
623.24
623.94
624.64
625.34
626.04
626.74
627.44
628.14
628.84
629.54
630.24
630.94
631.64
632.34
633.04
633.74
634.44
635.14
635.84
636.54
637.24
637.94
638.64
639.34
640.04
640.74
641.44
642.14
642.84
643.54
644.24
644.94
645.64
646.34
647.04
647.74
648.44
649.14
649.84
650.54
651.24
651.94
652.64
653.34
654.04
654.74
655.44
656.14
656.84
657.54
658.24
658.94
659.64
660.34
661.04
661.74
662.44
663.14
663.84
664.54
665.24
665.94
666.64
667.34
668.04
668.74
669.44
670.14
670.84
671.54
672.24
672.94
673.64
674.34
675.04
675.74
676.44
677.14
677.84
678.54
679.24
679.94
680.64
681.34
682.04
682.74
683.44
684.14
684.84
685.54
686.24
686.94
687.64
688.34
689.04
689.74
690.44
691.14
691.84
692.54
693.24
693.94
694.64
695.34
696.04
696.74
697.44
698.14
698.84
699.54
700.24
700.94
701.64
702.34
703.04
703.74
704.44
705.14
705.84
706.54
707.24
707.94
708.64
709.34
710.04
710.74
711.44
712.14
712.84
713.54
714.24
714.94
715.64
716.34
717.04
717.74
718.44
719.14
719.84
720.54
721.24
721.94
722.64
723.34
724.04
724.74
725.44
726.14
726.84
727.54
728.24
728.94
729.64
730.34
731.04
731.74
732.44
733.14
733.84
734.54
735.24
735.94
736.64
737.34
738.04
738.74
739.44
740.14
740.84
741.54
742.24
742.94
743.64
744.34
745.04
745.74
746.44
747.14
747.84
748.54
749.24
749.94
750.64
751.34
752.04
752.74
753.44
754.14
754.84
755.54
756.24
756.94
757.64
758.34
759.04
759.74
760.44
761.14
761.84
762.54
763.24
763.94
764.64
765.34
766.04
766.74
767.44
768.14
768.84
769.54
770.24
770.94
771.64
772.34
773.04
773.74
774.44
775.14
775.84
776.54
777.24
777.94
778.64
779.34
780.04
780.74
781.44
782.14
782.84
783.54
784.24
784.94
785.64
786.34
787.04
787.74
788.44
789.14
789.84
790.54
791.24
791.94
792.64
793.34
794.04
794.74
795.44
796.14
796.84
797.54
798.24
798.94
799.64
800.34
801.04
801.74
802.44
803.14
803.84
804.54
805.24
805.94
806.64
807.34
808.04
