24702
24703
24704
24705
24705
24706
24707
24707
24708
24709
24709
24710
24711
24712
24712
24713
24714
24714
24715
24716
24716
24717
24718
24719
24719
24720
24721
24721
24722
24723
24723
24724
24725
24726
24726
24727
24728
24728
24729
24730
24730
24731
24732
24733
24733
24734
24735
24735
24736
24737
24737
24738
24739
24740
24740
24741
24742
24742
24743
24744
24744
24745
24746
24747
24747
24748
24749
24749
24750
24751
24751
24752
24753
24754
24754
24755
24756
24756
24757
24758
24758
24759
24760
24761
24761
24762
24763
24763
24764
24765
24765
24766
24767
24768
24768
24769
24770
24770
24771
24772
24772
24773
24774
24775
24775
24776
24777
24777
24778
24779
24779
24780
24781
24782
24782
24783
24784
24784
24785
24786
24786
24787
24788
24789
24789
24790
24791
24791
24792
24793
24793
24794
24795
24796
24796
24797
24798
24798
24799
24800
24800
24801
24802
24803
24803
24804
24805
24805
24806
24807
24807
24808
24809
24810
24810
24811
24812
24812
24813
24814
24814
24815
24816
24817
24817
24818
24819
24819
24820
24821
24821
24822
24823
24824
24824
24825
24826
24826
24827
24828
24828
24829
24830
24831
24831
24832
24833
24833
24834
24835
24835
24836
24837
24838
24838
24839
24840
24840
24841
24842
24842
24843
24844
24845
24845
24846
24847
24847
24848
24849
24849
24850
24851
24852
24852
24853
24854
24854
24855
24856
24856
24857
24858
24859
24859
24860
24861
24861
24862
24863
24863
24864
24865
24866
24866
24867
24868
24868
24869
24870
24870
