636.33
637.03
637.73
638.43
639.13
639.83
640.53
641.23
641.93
642.63
643.33
644.03
644.73
645.43
646.13
646.83
647.53
648.23
648.93
649.63
650.33
651.03
651.73
652.43
653.13
653.83
654.53
655.23
655.93
656.63
657.33
658.03
658.73
659.43
660.13
660.83
661.53
662.23
662.93
663.63
664.33
665.03
665.73
666.43
667.13
667.83
668.53
669.23
669.93
670.63
671.33
672.03
672.73
673.43
674.13
674.83
675.53
676.23
676.93
677.63
678.33
679.03
679.73
680.43
681.13
681.83
682.53
683.23
683.93
684.63
685.33
686.03
686.73
687.43
688.13
688.83
689.53
690.23
690.93
691.63
692.33
693.03
693.73
694.43
695.13
695.83
696.53
697.23
697.93
698.63
699.33
700.03
700.73
701.43
702.13
702.83
703.53
704.23
704.93
705.63
706.33
707.03
707.73
708.43
709.13
709.83
710.53
711.23
711.93
712.63
713.33
714.03
714.73
715.43
716.13
716.83
717.53
718.23
718.93
719.63
720.33
721.03
721.73
722.43
723.13
723.83
724.53
725.23
725.93
726.63
727.33
728.03
728.73
729.43
730.13
730.83
731.53
732.23
732.93
733.63
734.33
735.03
735.73
736.43
737.13
737.83
738.53
739.23
739.93
740.63
741.33
742.03
742.73
743.43
744.13
744.83
745.53
746.23
746.93
747.63
748.33
749.03
749.73
750.43
751.13
751.83
752.53
753.23
753.93
754.63
755.33
756.03
756.73
757.43
758.13
758.83
759.53
760.23
760.93
761.63
762.33
763.03
763.73
764.43
765.13
765.83
766.53
767.23
767.93
768.63
769.33
770.03
770.73
771.43
772.13
772.83
773.53
774.23
774.93
775.63
776.33
777.03
777.73
778.43
779.13
779.83
780.53
781.23
781.93
782.63
783.33
784.03
784.73
785.43
786.13
786.83
787.53
788.23
788.93
789.63
790.33
