518.35
519.05
519.75
520.45
521.15
521.85
522.55
523.25
523.95
524.65
525.35
526.05
526.75
527.45
528.15
528.85
529.55
530.25
530.95
531.65
532.35
533.05
533.75
534.45
535.15
535.85
536.55
537.25
537.95
538.65
539.35
540.05
540.75
541.45
542.15
542.85
543.55
544.25
544.95
545.65
546.35
547.05
547.75
548.45
549.15
549.85
550.55
551.25
551.95
552.65
553.35
554.05
554.75
555.45
556.15
556.85
557.55
558.25
558.95
559.65
560.35
561.05
561.75
562.45
563.15
563.85
564.55
565.25
565.95
566.65
567.35
568.05
568.75
569.45
570.15
570.85
571.55
572.25
572.95
573.65
574.35
575.05
575.75
576.45
577.15
577.85
578.55
579.25
579.95
580.65
581.35
582.05
582.75
583.45
584.15
584.85
585.55
586.25
586.95
587.65
588.35
589.05
589.75
590.45
591.15
591.85
592.55
593.25
593.95
594.65
595.35
596.05
596.75
597.45
598.15
598.85
599.55
600.25
600.95
601.65
602.35
603.05
603.75
604.45
605.15
605.85
606.55
607.25
607.95
608.65
609.35
610.05
610.75
611.45
612.15
612.85
613.55
614.25
614.95
615.65
616.35
617.05
617.75
618.45
619.15
619.85
620.55
621.25
621.95
622.65
623.35
624.05
624.75
625.45
626.15
626.85
627.55
628.25
628.95
629.65
630.35
631.05
631.75
632.45
633.15
633.85
634.55
635.25
635.95
636.65
637.35
638.05
638.75
639.45
640.15
640.85
641.55
642.25
642.95
643.65
644.35
645.05
645.75
646.45
647.15
647.85
648.55
649.25
649.95
650.65
651.35
652.05
652.75
653.45
654.15
654.85
655.55
656.25
656.95
657.65
658.35
659.05
659.75
660.45
661.15
661.85
662.55
663.25
663.95
664.65
665.35
666.05
666.75
667.45
668.15
668.85
669.55
670.25
670.95
671.65
672.35
673.05
673.75
674.45
675.15
675.85
676.55
677.25
677.95
678.65
679.35
680.05
680.75
681.45
682.15
682.85
683.55
684.25
684.95
685.65
686.35
687.05
687.75
688.45
689.15
689.85
690.55
691.25
691.95
692.65
693.35
694.05
694.75
695.45
696.15
696.85
697.55
698.25
698.95
699.65
700.35
701.05
701.75
702.45
703.15
703.85
704.55
705.25
705.95
706.65
707.35
708.05
708.75
709.45
710.15
710.85
711.55
712.25
712.95
713.65
714.35
715.05
715.75
716.45
717.15
717.85
718.55
719.25
719.95
720.65
721.35
722.05
722.75
723.45
724.15
724.85
725.55
726.25
726.95
727.65
728.35
729.05
729.75
730.45
731.15
731.85
732.55
733.25
733.95
734.65
735.35
736.05
736.75
737.45
738.15
738.85
739.55
740.25
740.95
741.65
742.35
743.05
743.75
744.45
745.15
745.85
746.55
747.25
747.95
748.65
749.35
750.05
750.75
751.45
752.15
752.85
753.55
754.25
754.95
755.65
756.35
757.05
757.75
758.45
759.15
759.85
760.55
761.25
761.95
762.65
763.35
764.05
764.75
765.45
766.15
766.85
767.55
768.25
768.95
769.65
770.35
771.05
771.75
772.45
773.15
773.85
774.55
775.25
775.95
776.65
777.35
778.05
778.75
779.45
780.15
780.85
781.55
782.25
782.95
783.65
784.35
785.05
785.75
786.45
787.15
787.85
788.55
789.25
789.95
790.65
791.35
792.05
792.75
793.45
794.15
794.85
795.55
796.25
796.95
797.65
798.35
799.05
799.75
