67211
67211
67212
67213
67214
67214
67215
67216
67216
67217
67218
67218
67219
67220
67221
67221
67222
67223
67223
67224
67225
67225
67226
67227
67228
67228
67229
67230
67230
67231
67232
67232
67233
67234
67235
67235
67236
67237
67237
67238
67239
67239
67240
67241
67242
67242
67243
67244
67244
67245
67246
67246
67247
67248
67249
67249
67250
67251
67251
67252
67253
67253
67254
67255
67256
67256
67257
67258
67258
67259
67260
67260
67261
67262
67263
67263
67264
67265
67265
67266
67267
67267
67268
67269
67270
67270
67271
67272
67272
67273
67274
67274
67275
67276
67277
67277
67278
67279
67279
67280
67281
67281
67282
67283
67284
67284
67285
67286
67286
67287
67288
67288
67289
67290
67291
67291
67292
67293
67293
67294
67295
67295
67296
67297
67298
67298
67299
67300
67300
67301
67302
67302
67303
67304
67305
67305
67306
67307
67307
67308
67309
67309
67310
67311
67312
67312
67313
67314
67314
67315
67316
67316
67317
67318
67319
67319
67320
67321
67321
67322
67323
67323
67324
67325
67326
67326
67327
67328
67328
67329
67330
67330
67331
67332
67333
67333
67334
67335
67335
67336
67337
67337
67338
67339
67340
67340
67341
67342
67342
67343
67344
67344
67345
67346
67347
67347
67348
67349
67349
67350
67351
67351
67352
67353
67354
67354
67355
67356
67356
67357
67358
67358
67359
67360
67361
67361
67362
67363
67363
67364
67365
67365
67366
67367
67368
67368
67369
67370
67370
67371
67372
67372
67373
67374
67375
67375
67376
67377
67377
67378
67379
67379
67380
67381
67382
67382
67383
67384
67384
67385
67386
67386
67387
67388
67389
67389
67390
67391
67391
67392
67393
67393
67394
67395
67396
67396
67397
67398
67398
67399
67400
67400
67401
67402
67403
67403
67404
67405
67405
67406
67407
67407
67408
67409
67410
67410
67411
67412
67412
67413
67414
67414
67415
67416
67417
67417
67418
67419
67419
67420
67421
67421
67422
67423
67424
67424
67425
67426
67426
67427
67428
67428
67429
67430
67431
67431
67432
67433
67433
67434
67435
67435
67436
67437
67438
67438
67439
67440
67440
67441
67442
67442
67443
67444
67445
67445
67446
67447
67447
67448
67449
67449
67450
67451
67452
67452
67453
67454
67454
67455
67456
67456
67457
67458
67459
67459
67460
67461
67461
67462
67463
67463
67464
67465
67466
67466
67467
67468
67468
67469
67470
67470
67471
67472
67473
67473
67474
67475
67475
67476
67477
67477
67478
67479
67480
67480
67481
67482
67482
67483
67484
67484
67485
67486
67487
67487
67488
67489
67489
67490
67491
67491
67492
67493
67494
67494
