85793
85794
85794
85795
85796
85796
85797
85798
85799
85799
85800
85801
85801
85802
85803
85803
85804
85805
85806
85806
85807
85808
85808
85809
85810
85810
85811
85812
85813
85813
85814
85815
85815
85816
85817
85817
85818
85819
85820
85820
85821
85822
85822
85823
85824
85824
85825
85826
85827
85827
85828
85829
85829
85830
85831
85831
85832
85833
85834
85834
85835
85836
85836
85837
85838
85838
85839
85840
85841
85841
85842
85843
85843
85844
85845
85845
85846
85847
85848
85848
85849
85850
85850
85851
85852
85852
85853
85854
85855
85855
85856
85857
85857
85858
85859
85859
85860
85861
85862
85862
85863
85864
85864
85865
85866
85866
85867
85868
85869
85869
85870
85871
85871
85872
85873
85873
85874
85875
85876
85876
85877
85878
85878
85879
85880
85880
85881
85882
85883
85883
85884
85885
85885
85886
85887
85887
85888
85889
85890
85890
85891
85892
85892
85893
85894
85894
85895
85896
85897
85897
85898
85899
85899
85900
85901
85901
85902
85903
85904
85904
85905
85906
85906
85907
85908
85908
85909
85910
85911
85911
85912
85913
85913
85914
85915
85915
85916
85917
85918
85918
85919
85920
85920
85921
85922
85922
85923
85924
85925
85925
85926
85927
85927
85928
85929
85929
85930
85931
85932
85932
85933
85934
85934
85935
85936
85936
85937
85938
85939
85939
85940
85941
85941
85942
85943
85943
85944
85945
85946
85946
85947
85948
85948
85949
85950
85950
85951
85952
85953
85953
85954
85955
85955
85956
85957
85957
85958
85959
85960
85960
85961
85962
85962
85963
85964
85964
85965
85966
85967
85967
85968
85969
85969
85970
85971
85971
85972
85973
85974
85974
85975
85976
85976
85977
85978
85978
85979
85980
85981
85981
85982
85983
85983
85984
85985
85985
85986
85987
85988
85988
85989
85990
85990
85991
85992
85992
85993
85994
85995
85995
85996
85997
85997
85998
85999
85999
86000
86001
86002
86002
86003
86004
86004
86005
86006
86006
86007
86008
86009
86009
86010
86011
86011
86012
86013
86013
86014
86015
86016
86016
86017
86018
86018
86019
86020
86020
86021
86022
86023
86023
86024
86025
86025
86026
86027
86027
86028
86029
86030
86030
86031
86032
86032
86033
86034
86034
86035
86036
86037
86037
86038
86039
86039
86040
86041
86041
86042
86043
86044
86044
86045
86046
86046
86047
86048
86048
86049
86050
86051
86051
86052
86053
86053
86054
86055
86055
86056
86057
86058
86058
86059
86060
86060
86061
86062
86062
86063
86064
86065
86065
86066
86067
86067
86068
86069
86069
86070
86071
86072
86072
86073
86074
86074
86075
86076
86076
86077
86078
86079
86079
86080
86081
86081
86082
86083
86083
86084
86085
86086
86086
86087
86088
86088
86089
86090
