54195
54196
54196
54197
54198
54198
54199
54200
54200
54201
54202
54203
54203
54204
54205
54205
54206
54207
54207
54208
54209
54210
54210
54211
54212
54212
54213
54214
54214
54215
54216
54217
54217
54218
54219
54219
54220
54221
54221
54222
54223
54224
54224
54225
54226
54226
54227
54228
54228
54229
54230
54231
54231
54232
54233
54233
54234
54235
54235
54236
54237
54238
54238
54239
54240
54240
54241
54242
54242
54243
54244
54245
54245
54246
54247
54247
54248
54249
54249
54250
54251
54252
54252
54253
54254
54254
54255
54256
54256
54257
54258
54259
54259
54260
54261
54261
54262
54263
54263
54264
54265
54266
54266
54267
54268
54268
54269
54270
54270
54271
54272
54273
54273
54274
54275
54275
54276
54277
54277
54278
54279
54280
54280
54281
54282
54282
54283
54284
54284
54285
54286
54287
54287
54288
54289
54289
54290
54291
54291
54292
54293
54294
54294
54295
54296
54296
54297
54298
54298
54299
54300
54301
54301
54302
54303
54303
54304
54305
54305
54306
54307
54308
54308
54309
54310
54310
54311
54312
54312
54313
54314
54315
54315
54316
54317
54317
54318
54319
54319
54320
54321
54322
54322
54323
54324
54324
54325
54326
54326
54327
54328
54329
54329
54330
54331
54331
54332
54333
54333
54334
54335
54336
54336
54337
54338
54338
54339
54340
54340
54341
54342
54343
54343
54344
54345
54345
54346
54347
54347
54348
54349
54350
54350
54351
54352
54352
54353
54354
54354
54355
54356
54357
54357
54358
54359
54359
54360
54361
54361
54362
54363
54364
54364
54365
54366
54366
54367
54368
54368
54369
54370
54371
54371
54372
54373
54373
54374
54375
54375
54376
54377
54378
54378
54379
54380
54380
54381
54382
54382
54383
54384
54385
54385
54386
54387
54387
54388
54389
54389
54390
54391
54392
54392
54393
54394
54394
54395
54396
54396
54397
54398
54399
54399
54400
54401
54401
54402
54403
54403
54404
54405
54406
54406
54407
54408
54408
54409
54410
54410
54411
54412
54413
54413
54414
54415
54415
54416
54417
54417
54418
54419
54420
54420
54421
54422
54422
54423
54424
54424
54425
54426
54427
54427
54428
54429
54429
54430
54431
54431
54432
54433
54434
54434
54435
54436
54436
54437
54438
54438
54439
54440
54441
54441
54442
54443
54443
54444
54445
54445
54446
54447
54448
54448
54449
54450
54450
54451
54452
54452
54453
54454
54455
54455
54456
54457
54457
54458
54459
54459
54460
54461
54462
54462
54463
54464
54464
54465
54466
54466
54467
54468
54469
54469
54470
54471
54471
54472
54473
54473
54474
54475
54476
54476
54477
54478
54478
54479
54480
54480
54481
54482
54483
54483
54484
54485
54485
54486
54487
54487
54488
54489
54490
54490
54491
54492
54492
54493
54494
54494
54495
54496
