4.584577e+01   1.320337e+02   1.817139e+01   -7.931965e+00   0.000000e+00   8.137919e+04   
4.580901e+01   1.320685e+02   1.817119e+01   -7.586992e+00   0.000000e+00   8.137989e+04   
4.577219e+01   1.321034e+02   1.817111e+01   -6.879026e+00   0.000000e+00   8.138059e+04   
4.573538e+01   1.321382e+02   1.817129e+01   -7.214984e+00   0.000000e+00   8.138129e+04   
4.569853e+01   1.321730e+02   1.817094e+01   -7.932990e+00   0.000000e+00   8.138199e+04   
4.566164e+01   1.322077e+02   1.817114e+01   -6.892463e+00   0.000000e+00   8.138269e+04   
4.562474e+01   1.322425e+02   1.817123e+01   -7.216572e+00   0.000000e+00   8.138339e+04   
4.558781e+01   1.322771e+02   1.817088e+01   -6.526489e+00   0.000000e+00   8.138409e+04   
4.555089e+01   1.323117e+02   1.817115e+01   -6.867063e+00   0.000000e+00   8.138479e+04   
4.551399e+01   1.323462e+02   1.817101e+01   -7.214101e+00   0.000000e+00   8.138549e+04   
4.547706e+01   1.323807e+02   1.817097e+01   -7.227975e+00   0.000000e+00   8.138619e+04   
4.544016e+01   1.324152e+02   1.817118e+01   -7.581167e+00   0.000000e+00   8.138689e+04   
4.540325e+01   1.324495e+02   1.817092e+01   -8.245509e+00   0.000000e+00   8.138759e+04   
4.536631e+01   1.324838e+02   1.817092e+01   -3.096634e+00   0.000000e+00   8.138829e+04   
4.532940e+01   1.325181e+02   1.817115e+01   -1.725260e+00   0.000000e+00   8.138899e+04   
4.529243e+01   1.325523e+02   1.817088e+01   -3.110781e+00   0.000000e+00   8.138969e+04   
4.525543e+01   1.325865e+02   1.817091e+01   -2.759687e+00   0.000000e+00   8.139039e+04   
4.521846e+01   1.326206e+02   1.817086e+01   -3.106199e+00   0.000000e+00   8.139109e+04   
4.518143e+01   1.326547e+02   1.817068e+01   -3.450371e+00   0.000000e+00   8.139179e+04   
4.514440e+01   1.326888e+02   1.817079e+01   -2.756643e+00   0.000000e+00   8.139249e+04   
4.510736e+01   1.327228e+02   1.817060e+01   -3.424621e+00   0.000000e+00   8.139319e+04   
4.507028e+01   1.327568e+02   1.817057e+01   -2.404890e+00   0.000000e+00   8.139389e+04   
4.503323e+01   1.327907e+02   1.817061e+01   -1.728772e+00   0.000000e+00   8.139459e+04   
4.499616e+01   1.328245e+02   1.817055e+01   -3.081917e+00   0.000000e+00   8.139529e+04   
4.495906e+01   1.328584e+02   1.817062e+01   -3.108331e+00   0.000000e+00   8.139599e+04   
4.492200e+01   1.328921e+02   1.817054e+01   -5.422125e+00   0.000000e+00   8.139669e+04   
4.488489e+01   1.329258e+02   1.817052e+01   -4.059453e+00   0.000000e+00   8.139739e+04   
4.484777e+01   1.329595e+02   1.817054e+01   -5.447671e+00   0.000000e+00   8.139809e+04   
4.481068e+01   1.329931e+02   1.817044e+01   -5.788224e+00   0.000000e+00   8.139879e+04   
4.477353e+01   1.330267e+02   1.817044e+01   -6.138739e+00   0.000000e+00   8.139949e+04   
4.473640e+01   1.330602e+02   1.817054e+01   -5.448610e+00   0.000000e+00   8.140019e+04   
4.469925e+01   1.330937e+02   1.817040e+01   -5.788981e+00   0.000000e+00   8.140089e+04   
4.466206e+01   1.331272e+02   1.817054e+01   -5.091475e+00   0.000000e+00   8.140159e+04   
4.462487e+01   1.331606e+02   1.817027e+01   -5.804531e+00   0.000000e+00   8.140229e+04   
4.458765e+01   1.331940e+02   1.817035e+01   -5.837368e+00   0.000000e+00   8.140299e+04   
4.455041e+01   1.332273e+02   1.817050e+01   -5.497083e+00   0.000000e+00   8.140369e+04   
4.451316e+01   1.332606e+02   1.817013e+01   -3.740690e+00   0.000000e+00   8.140439e+04   
4.447588e+01   1.332939e+02   1.817023e+01   -4.472823e+00   0.000000e+00   8.140509e+04   
4.443863e+01   1.333270e+02   1.817026e+01   -5.105751e+00   0.000000e+00   8.140579e+04   
4.440137e+01   1.333601e+02   1.816987e+01   -4.079454e+00   0.000000e+00   8.140649e+04   
4.436412e+01   1.333932e+02   1.817015e+01   -5.097620e+00   0.000000e+00   8.140719e+04   
4.432688e+01   1.334262e+02   1.816987e+01   -5.459670e+00   0.000000e+00   8.140789e+04   
4.428962e+01   1.334592e+02   1.816968e+01   -4.429410e+00   0.000000e+00   8.140859e+04   
4.425235e+01   1.334921e+02   1.817006e+01   -5.111058e+00   0.000000e+00   8.140929e+04   
4.421507e+01   1.335250e+02   1.816984e+01   -4.115861e+00   0.000000e+00   8.140999e+04   
4.417773e+01   1.335579e+02   1.816979e+01   -4.418837e+00   0.000000e+00   8.141069e+04   
4.414042e+01   1.335907e+02   1.817008e+01   -3.743725e+00   0.000000e+00   8.141139e+04   
4.410307e+01   1.336234e+02   1.816959e+01   -4.770751e+00   0.000000e+00   8.141209e+04   
4.406570e+01   1.336562e+02   1.816989e+01   -4.770142e+00   0.000000e+00   8.141279e+04   
4.402834e+01   1.336889e+02   1.816983e+01   -4.431485e+00   0.000000e+00   8.141349e+04   
4.577811e+01   1.320115e+02   1.741393e+01   -7.671355e+00   0.000000e+00   8.137989e+04   
4.574131e+01   1.320464e+02   1.741385e+01   -6.959047e+00   0.000000e+00   8.138059e+04   
4.570451e+01   1.320813e+02   1.741405e+01   -6.286060e+00   0.000000e+00   8.138129e+04   
4.566768e+01   1.321160e+02   1.741369e+01   -7.671177e+00   0.000000e+00   8.138199e+04   
4.563081e+01   1.321508e+02   1.741389e+01   -7.657640e+00   0.000000e+00   8.138269e+04   
4.559393e+01   1.321856e+02   1.741399e+01   -6.627233e+00   0.000000e+00   8.138339e+04   
4.555702e+01   1.322202e+02   1.741363e+01   -6.964068e+00   0.000000e+00   8.138409e+04   
4.552012e+01   1.322549e+02   1.741390e+01   -6.642891e+00   0.000000e+00   8.138479e+04   
4.548324e+01   1.322894e+02   1.741376e+01   -7.656468e+00   0.000000e+00   8.138549e+04   
4.544633e+01   1.323239e+02   1.741373e+01   -6.628181e+00   0.000000e+00   8.138619e+04   
4.540944e+01   1.323584e+02   1.741394e+01   -4.581010e+00   0.000000e+00   8.138689e+04   
4.537255e+01   1.323927e+02   1.741368e+01   -2.493035e+00   0.000000e+00   8.138759e+04   
4.533564e+01   1.324270e+02   1.741368e+01   -3.184680e+00   0.000000e+00   8.138829e+04   
4.529873e+01   1.324613e+02   1.741390e+01   -3.871636e+00   0.000000e+00   8.138899e+04   
4.526178e+01   1.324955e+02   1.741365e+01   -2.845343e+00   0.000000e+00   8.138969e+04   
4.522481e+01   1.325298e+02   1.741368e+01   -2.151716e+00   0.000000e+00   8.139039e+04   
4.518785e+01   1.325639e+02   1.741362e+01   -2.492052e+00   0.000000e+00   8.139109e+04   
4.515084e+01   1.325980e+02   1.741347e+01   -1.128209e+00   0.000000e+00   8.139179e+04   
4.511383e+01   1.326321e+02   1.741356e+01   -1.478497e+00   0.000000e+00   8.139249e+04   
4.507681e+01   1.326661e+02   1.741336e+01   -2.152682e+00   0.000000e+00   8.139319e+04   
4.503975e+01   1.327001e+02   1.741334e+01   -1.802792e+00   0.000000e+00   8.139389e+04   
4.500271e+01   1.327341e+02   1.741338e+01   -1.113024e+00   0.000000e+00   8.139459e+04   
4.496566e+01   1.327679e+02   1.741331e+01   -1.480852e+00   0.000000e+00   8.139529e+04   
4.492859e+01   1.328018e+02   1.741341e+01   -3.537830e+00   0.000000e+00   8.139599e+04   
4.489154e+01   1.328356e+02   1.741330e+01   -4.951196e+00   0.000000e+00   8.139669e+04   
4.485445e+01   1.328693e+02   1.741331e+01   -4.959093e+00   0.000000e+00   8.139739e+04   
4.481735e+01   1.329030e+02   1.741332e+01   -5.982234e+00   0.000000e+00   8.139809e+04   
4.478027e+01   1.329366e+02   1.741322e+01   -5.993868e+00   0.000000e+00   8.139879e+04   
4.474314e+01   1.329702e+02   1.741323e+01   -5.646819e+00   0.000000e+00   8.139949e+04   
4.470603e+01   1.330038e+02   1.741332e+01   -4.620198e+00   0.000000e+00   8.140019e+04   
4.466890e+01   1.330373e+02   1.741318e+01   -4.258976e+00   0.000000e+00   8.140089e+04   
4.463172e+01   1.330708e+02   1.741334e+01   -5.623657e+00   0.000000e+00   8.140159e+04   
4.459455e+01   1.331042e+02   1.741304e+01   -5.622759e+00   0.000000e+00   8.140229e+04   
4.455735e+01   1.331376e+02   1.741312e+01   -5.964426e+00   0.000000e+00   8.140299e+04   
4.452013e+01   1.331710e+02   1.741329e+01   -5.624464e+00   0.000000e+00   8.140369e+04   
4.448289e+01   1.332043e+02   1.741291e+01   -4.969500e+00   0.000000e+00   8.140439e+04   
4.444564e+01   1.332376e+02   1.741302e+01   -1.868777e+00   0.000000e+00   8.140509e+04   
4.440841e+01   1.332708e+02   1.741306e+01   -3.951033e+00   0.000000e+00   8.140579e+04   
4.437117e+01   1.333039e+02   1.741265e+01   -4.245122e+00   0.000000e+00   8.140649e+04   
4.433393e+01   1.333370e+02   1.741295e+01   -3.551558e+00   0.000000e+00   8.140719e+04   
4.429671e+01   1.333700e+02   1.741267e+01   -5.646399e+00   0.000000e+00   8.140789e+04   
4.425946e+01   1.334030e+02   1.741247e+01   -5.284109e+00   0.000000e+00   8.140859e+04   
4.422220e+01   1.334359e+02   1.741285e+01   -5.284414e+00   0.000000e+00   8.140929e+04   
4.418494e+01   1.334688e+02   1.741264e+01   -4.254232e+00   0.000000e+00   8.140999e+04   
4.414762e+01   1.335017e+02   1.741259e+01   -4.961226e+00   0.000000e+00   8.141069e+04   
4.411034e+01   1.335346e+02   1.741286e+01   -2.874283e+00   0.000000e+00   8.141139e+04   
4.407300e+01   1.335673e+02   1.741240e+01   -5.286741e+00   0.000000e+00   8.141209e+04   
4.403564e+01   1.336001e+02   1.741269e+01   -4.973069e+00   0.000000e+00   8.141279e+04   
4.567368e+01   1.320244e+02   1.665187e+01   -6.630086e+00   0.000000e+00   8.138129e+04   
4.563686e+01   1.320592e+02   1.665151e+01   -7.307216e+00   0.000000e+00   8.138199e+04   
4.560001e+01   1.320940e+02   1.665171e+01   -6.614192e+00   0.000000e+00   8.138269e+04   
4.556316e+01   1.321288e+02   1.665180e+01   -6.627464e+00   0.000000e+00   8.138339e+04   
4.552627e+01   1.321634e+02   1.665144e+01   -6.265264e+00   0.000000e+00   8.138409e+04   
4.548938e+01   1.321981e+02   1.665172e+01   -5.925145e+00   0.000000e+00   8.138479e+04   
4.545252e+01   1.322327e+02   1.665157e+01   -5.235141e+00   0.000000e+00   8.138549e+04   
4.541563e+01   1.322672e+02   1.665156e+01   -6.639835e+00   0.000000e+00   8.138619e+04   
4.537876e+01   1.323016e+02   1.665176e+01   -6.262092e+00   0.000000e+00   8.138689e+04   
4.534189e+01   1.323360e+02   1.665150e+01   -2.147141e+00   0.000000e+00   8.138759e+04   
4.530499e+01   1.323704e+02   1.665151e+01   -2.147313e+00   0.000000e+00   8.138829e+04   
4.526810e+01   1.324047e+02   1.665171e+01   -2.825237e+00   0.000000e+00   8.138899e+04   
4.523117e+01   1.324389e+02   1.665149e+01   -2.485375e+00   0.000000e+00   8.138969e+04   
4.519421e+01   1.324732e+02   1.665152e+01   -1.142921e+00   0.000000e+00   8.139039e+04   
4.515728e+01   1.325073e+02   1.665144e+01   -4.154946e-01   0.000000e+00   8.139109e+04   
4.512028e+01   1.325415e+02   1.665131e+01   2.653353e-01   0.000000e+00   8.139179e+04   
4.508329e+01   1.325756e+02   1.665139e+01   -1.102611e+00   0.000000e+00   8.139249e+04   
4.504629e+01   1.326096e+02   1.665118e+01   -4.090304e-01   0.000000e+00   8.139319e+04   
4.500925e+01   1.326436e+02   1.665118e+01   -9.674981e-02   0.000000e+00   8.139389e+04   
4.497223e+01   1.326776e+02   1.665120e+01   -4.345769e-01   0.000000e+00   8.139459e+04   
4.493520e+01   1.327115e+02   1.665113e+01   -7.849205e-01   0.000000e+00   8.139529e+04   
4.489814e+01   1.327453e+02   1.665126e+01   -5.256420e+00   0.000000e+00   8.139599e+04   
4.486111e+01   1.327791e+02   1.665113e+01   -5.992289e+00   0.000000e+00   8.139669e+04   
4.482404e+01   1.328129e+02   1.665115e+01   -4.309150e+00   0.000000e+00   8.139739e+04   
4.478696e+01   1.328466e+02   1.665117e+01   -5.992818e+00   0.000000e+00   8.139809e+04   
4.474989e+01   1.328802e+02   1.665105e+01   -6.030432e+00   0.000000e+00   8.139879e+04   
4.471279e+01   1.329139e+02   1.665107e+01   -5.993218e+00   0.000000e+00   8.139949e+04   
4.467569e+01   1.329474e+02   1.665116e+01   -6.030951e+00   0.000000e+00   8.140019e+04   
4.463857e+01   1.329810e+02   1.665101e+01   -5.340770e+00   0.000000e+00   8.140089e+04   
4.460142e+01   1.330145e+02   1.665120e+01   -5.341186e+00   0.000000e+00   8.140159e+04   
4.456427e+01   1.330479e+02   1.665088e+01   -6.035880e+00   0.000000e+00   8.140229e+04   
4.452708e+01   1.330813e+02   1.665095e+01   -5.669547e+00   0.000000e+00   8.140299e+04   
4.448988e+01   1.331147e+02   1.665114e+01   -4.655624e+00   0.000000e+00   8.140369e+04   
4.445266e+01   1.331480e+02   1.665075e+01   -4.657246e+00   0.000000e+00   8.140439e+04   
4.441543e+01   1.331813e+02   1.665086e+01   -2.579425e+00   0.000000e+00   8.140509e+04   
4.437822e+01   1.332146e+02   1.665092e+01   -2.579660e+00   0.000000e+00   8.140579e+04   
4.434100e+01   1.332477e+02   1.665050e+01   -2.920197e+00   0.000000e+00   8.140649e+04   
4.430377e+01   1.332808e+02   1.665081e+01   -3.950671e+00   0.000000e+00   8.140719e+04   
4.426657e+01   1.333138e+02   1.665052e+01   -4.313588e+00   0.000000e+00   8.140789e+04   
4.422934e+01   1.333468e+02   1.665032e+01   -4.986790e+00   0.000000e+00   8.140859e+04   
4.419210e+01   1.333798e+02   1.665070e+01   -4.317956e+00   0.000000e+00   8.140929e+04   
4.415485e+01   1.334128e+02   1.665049e+01   -4.997447e+00   0.000000e+00   8.140999e+04   
4.411755e+01   1.334457e+02   1.665045e+01   -3.964849e+00   0.000000e+00   8.141069e+04   
4.408028e+01   1.334785e+02   1.665072e+01   -4.315213e+00   0.000000e+00   8.141139e+04   
4.404296e+01   1.335113e+02   1.665026e+01   -4.316970e+00   0.000000e+00   8.141209e+04   
4.400562e+01   1.335441e+02   1.665054e+01   -5.007381e+00   0.000000e+00   8.141279e+04   
4.560645e+01   1.320031e+02   1.589398e+01   -6.495360e+00   0.000000e+00   8.138199e+04   
4.556961e+01   1.320380e+02   1.589418e+01   -6.141441e+00   0.000000e+00   8.138269e+04   
4.553278e+01   1.320728e+02   1.589427e+01   -5.791558e+00   0.000000e+00   8.138339e+04   
4.549591e+01   1.321074e+02   1.589391e+01   -5.789616e+00   0.000000e+00   8.138409e+04   
4.545905e+01   1.321421e+02   1.589419e+01   -7.170550e+00   0.000000e+00   8.138479e+04   
4.542221e+01   1.321767e+02   1.589404e+01   -6.478997e+00   0.000000e+00   8.138549e+04   
4.538533e+01   1.322112e+02   1.589403e+01   -6.480680e+00   0.000000e+00   8.138619e+04   
4.534848e+01   1.322457e+02   1.589423e+01   -5.790267e+00   0.000000e+00   8.138689e+04   
4.531163e+01   1.322801e+02   1.589397e+01   -1.658301e+00   0.000000e+00   8.138759e+04   
4.527475e+01   1.323145e+02   1.589398e+01   -3.038864e+00   0.000000e+00   8.138829e+04   
4.523788e+01   1.323488e+02   1.589418e+01   -2.008742e+00   0.000000e+00   8.138899e+04   
4.520096e+01   1.323831e+02   1.589397e+01   -6.287980e-01   0.000000e+00   8.138969e+04   
4.516402e+01   1.324173e+02   1.589400e+01   4.048604e-01   0.000000e+00   8.139039e+04   
4.512710e+01   1.324515e+02   1.589391e+01   6.082734e-02   0.000000e+00   8.139109e+04   
4.509013e+01   1.324857e+02   1.589380e+01   -6.257659e-01   0.000000e+00   8.139179e+04   
4.505315e+01   1.325198e+02   1.589387e+01   -2.872422e-01   0.000000e+00   8.139249e+04   
4.501617e+01   1.325538e+02   1.589366e+01   -2.899788e-01   0.000000e+00   8.139319e+04   
4.497915e+01   1.325879e+02   1.589366e+01   -2.877868e-01   0.000000e+00   8.139389e+04   
4.494215e+01   1.326218e+02   1.589367e+01   -2.880202e-01   0.000000e+00   8.139459e+04   
4.490514e+01   1.326558e+02   1.589361e+01   7.566798e-01   0.000000e+00   8.139529e+04   
4.486810e+01   1.326897e+02   1.589376e+01   -3.037921e+00   0.000000e+00   8.139599e+04   
4.483108e+01   1.327234e+02   1.589361e+01   -5.113825e+00   0.000000e+00   8.139669e+04   
4.479403e+01   1.327572e+02   1.589365e+01   -5.783379e+00   0.000000e+00   8.139739e+04   
4.475696e+01   1.327910e+02   1.589366e+01   -6.477757e+00   0.000000e+00   8.139809e+04   
4.471992e+01   1.328246e+02   1.589355e+01   -6.137791e+00   0.000000e+00   8.139879e+04   
4.468283e+01   1.328583e+02   1.589357e+01   -4.739897e+00   0.000000e+00   8.139949e+04   
4.464575e+01   1.328919e+02   1.589365e+01   -6.482368e+00   0.000000e+00   8.140019e+04   
4.460865e+01   1.329254e+02   1.589350e+01   -6.166314e+00   0.000000e+00   8.140089e+04   
4.457151e+01   1.329590e+02   1.589371e+01   -5.108375e+00   0.000000e+00   8.140159e+04   
4.453437e+01   1.329924e+02   1.589337e+01   -5.785229e+00   0.000000e+00   8.140229e+04   
4.449721e+01   1.330258e+02   1.589344e+01   -3.732232e+00   0.000000e+00   8.140299e+04   
4.446003e+01   1.330593e+02   1.589365e+01   -5.815962e+00   0.000000e+00   8.140369e+04   
4.442283e+01   1.330926e+02   1.589325e+01   -3.394128e+00   0.000000e+00   8.140439e+04   
4.438561e+01   1.331259e+02   1.589336e+01   -4.110783e+00   0.000000e+00   8.140509e+04   
4.434842e+01   1.331591e+02   1.589342e+01   -3.741295e+00   0.000000e+00   8.140579e+04   
4.431121e+01   1.331923e+02   1.589300e+01   -2.349934e+00   0.000000e+00   8.140649e+04   
4.427401e+01   1.332254e+02   1.589332e+01   -4.070635e+00   0.000000e+00   8.140719e+04   
4.423682e+01   1.332585e+02   1.589303e+01   -4.071066e+00   0.000000e+00   8.140789e+04   
4.419960e+01   1.332915e+02   1.589283e+01   -4.754048e+00   0.000000e+00   8.140859e+04   
4.416238e+01   1.333245e+02   1.589321e+01   -4.421596e+00   0.000000e+00   8.140929e+04   
4.412515e+01   1.333574e+02   1.589300e+01   -5.136003e+00   0.000000e+00   8.140999e+04   
4.408787e+01   1.333904e+02   1.589297e+01   -4.109605e+00   0.000000e+00   8.141069e+04   
4.405061e+01   1.334233e+02   1.589322e+01   -5.150116e+00   0.000000e+00   8.141139e+04   
4.401331e+01   1.334561e+02   1.589279e+01   -4.433938e+00   0.000000e+00   8.141209e+04   
4.550269e+01   1.320173e+02   1.513869e+01   -6.178115e+00   0.000000e+00   8.138339e+04   
4.546584e+01   1.320520e+02   1.513833e+01   -7.547575e+00   0.000000e+00   8.138409e+04   
4.542899e+01   1.320867e+02   1.513861e+01   -5.145470e+00   0.000000e+00   8.138479e+04   
4.539217e+01   1.321213e+02   1.513846e+01   -5.150604e+00   0.000000e+00   8.138549e+04   
4.535532e+01   1.321558e+02   1.513847e+01   -5.838805e+00   0.000000e+00   8.138619e+04   
4.531848e+01   1.321903e+02   1.513866e+01   -2.397712e+00   0.000000e+00   8.138689e+04   
4.528164e+01   1.322247e+02   1.513840e+01   -1.696480e+00   0.000000e+00   8.138759e+04   
4.524478e+01   1.322591e+02   1.513841e+01   -3.077127e+00   0.000000e+00   8.138829e+04   
4.520792e+01   1.322935e+02   1.513860e+01   -6.818740e-01   0.000000e+00   8.138899e+04   
4.517103e+01   1.323278e+02   1.513842e+01   7.017388e-01   0.000000e+00   8.138969e+04   
4.513411e+01   1.323620e+02   1.513845e+01   1.045356e+00   0.000000e+00   8.139039e+04   
4.509720e+01   1.323962e+02   1.513833e+01   2.421391e+00   0.000000e+00   8.139109e+04   
4.506025e+01   1.324304e+02   1.513826e+01   2.084662e+00   0.000000e+00   8.139179e+04   
4.502329e+01   1.324646e+02   1.513831e+01   1.734427e+00   0.000000e+00   8.139249e+04   
4.498632e+01   1.324986e+02   1.513809e+01   1.396487e-02   0.000000e+00   8.139319e+04   
4.494932e+01   1.325327e+02   1.513810e+01   7.038411e-01   0.000000e+00   8.139389e+04   
4.491234e+01   1.325667e+02   1.513811e+01   3.672939e-01   0.000000e+00   8.139459e+04   
4.487535e+01   1.326006e+02   1.513804e+01   7.056809e-01   0.000000e+00   8.139529e+04   
4.483833e+01   1.326345e+02   1.513823e+01   6.993016e-01   0.000000e+00   8.139599e+04   
4.480133e+01   1.326683e+02   1.513805e+01   -3.467962e+00   0.000000e+00   8.139669e+04   
4.476429e+01   1.327021e+02   1.513810e+01   -3.131945e+00   0.000000e+00   8.139739e+04   
4.472725e+01   1.327359e+02   1.513812e+01   -4.498850e+00   0.000000e+00   8.139809e+04   
4.469022e+01   1.327696e+02   1.513800e+01   -5.193162e+00   0.000000e+00   8.139879e+04   
4.465314e+01   1.328032e+02   1.513803e+01   -5.883772e+00   0.000000e+00   8.139949e+04   
4.461609e+01   1.328369e+02   1.513810e+01   -3.817011e+00   0.000000e+00   8.140019e+04   
4.457899e+01   1.328704e+02   1.513795e+01   -5.888001e+00   0.000000e+00   8.140089e+04   
4.454188e+01   1.329040e+02   1.513818e+01   -5.544439e+00   0.000000e+00   8.140159e+04   
4.450476e+01   1.329374e+02   1.513782e+01   -5.194668e+00   0.000000e+00   8.140229e+04   
4.446761e+01   1.329709e+02   1.513789e+01   -5.877542e+00   0.000000e+00   8.140299e+04   
4.443045e+01   1.330043e+02   1.513811e+01   -4.896351e+00   0.000000e+00   8.140369e+04   
4.439327e+01   1.330377e+02   1.513770e+01   -3.190209e+00   0.000000e+00   8.140439e+04   
4.435607e+01   1.330710e+02   1.513782e+01   -3.176582e+00   0.000000e+00   8.140509e+04   
4.431890e+01   1.331042e+02   1.513789e+01   -4.169587e+00   0.000000e+00   8.140579e+04   
4.428171e+01   1.331374e+02   1.513746e+01   -2.785841e+00   0.000000e+00   8.140649e+04   
4.424452e+01   1.331706e+02   1.513779e+01   -3.136152e+00   0.000000e+00   8.140719e+04   
4.420735e+01   1.332036e+02   1.513750e+01   -2.786355e+00   0.000000e+00   8.140789e+04   
4.417015e+01   1.332367e+02   1.513729e+01   -3.136831e+00   0.000000e+00   8.140859e+04   
4.413294e+01   1.332697e+02   1.513768e+01   -3.477340e+00   0.000000e+00   8.140929e+04   
4.409573e+01   1.333027e+02   1.513747e+01   -4.172693e+00   0.000000e+00   8.140999e+04   
4.405846e+01   1.333356e+02   1.513744e+01   -5.548546e+00   0.000000e+00   8.141069e+04   
4.402122e+01   1.333685e+02   1.513768e+01   -5.586407e+00   0.000000e+00   8.141139e+04   
4.539920e+01   1.320318e+02   1.438498e+01   -7.057801e+00   0.000000e+00   8.138479e+04   
4.536240e+01   1.320664e+02   1.438482e+01   -7.072815e+00   0.000000e+00   8.138549e+04   
4.532557e+01   1.321010e+02   1.438484e+01   -5.676283e+00   0.000000e+00   8.138619e+04   
4.528875e+01   1.321355e+02   1.438502e+01   -8.551797e-01   0.000000e+00   8.138689e+04   
4.525193e+01   1.321699e+02   1.438477e+01   -1.195534e+00   0.000000e+00   8.138759e+04   
4.521508e+01   1.322043e+02   1.438478e+01   -1.218498e+00   0.000000e+00   8.138829e+04   
4.517824e+01   1.322387e+02   1.438496e+01   1.523995e+00   0.000000e+00   8.138899e+04   
4.514137e+01   1.322730e+02   1.438480e+01   1.557547e+00   0.000000e+00   8.138969e+04   
4.510446e+01   1.323073e+02   1.438483e+01   1.557314e+00   0.000000e+00   8.139039e+04   
4.506757e+01   1.323415e+02   1.438470e+01   1.557062e+00   0.000000e+00   8.139109e+04   
4.503063e+01   1.323757e+02   1.438464e+01   2.586912e+00   0.000000e+00   8.139179e+04   
4.499370e+01   1.324099e+02   1.438468e+01   1.872865e+00   0.000000e+00   8.139249e+04   
4.495675e+01   1.324440e+02   1.438446e+01   1.906368e+00   0.000000e+00   8.139319e+04   
4.491976e+01   1.324780e+02   1.438448e+01   1.182254e+00   0.000000e+00   8.139389e+04   
4.488280e+01   1.325120e+02   1.438448e+01   4.933615e-01   0.000000e+00   8.139459e+04   
4.484582e+01   1.325460e+02   1.438441e+01   1.592649e-01   0.000000e+00   8.139529e+04   
4.480882e+01   1.325799e+02   1.438462e+01   4.915103e-01   0.000000e+00   8.139599e+04   
4.477184e+01   1.326137e+02   1.438442e+01   1.141160e+00   0.000000e+00   8.139669e+04   
4.473482e+01   1.326476e+02   1.438449e+01   1.046230e-01   0.000000e+00   8.139739e+04   
4.469779e+01   1.326813e+02   1.438451e+01   -2.646251e+00   0.000000e+00   8.139809e+04   
4.466078e+01   1.327150e+02   1.438438e+01   -5.063487e+00   0.000000e+00   8.139879e+04   
4.462373e+01   1.327487e+02   1.438442e+01   -5.397651e+00   0.000000e+00   8.139949e+04   
4.458669e+01   1.327823e+02   1.438449e+01   -4.015942e+00   0.000000e+00   8.140019e+04   
4.454961e+01   1.328159e+02   1.438433e+01   -5.445844e+00   0.000000e+00   8.140089e+04   
4.451251e+01   1.328495e+02   1.438459e+01   -6.432541e+00   0.000000e+00   8.140159e+04   
4.447541e+01   1.328830e+02   1.438420e+01   -6.092896e+00   0.000000e+00   8.140229e+04   
4.443828e+01   1.329165e+02   1.438427e+01   -5.402713e+00   0.000000e+00   8.140299e+04   
4.440114e+01   1.329499e+02   1.438451e+01   -3.703739e+00   0.000000e+00   8.140369e+04   
4.436398e+01   1.329833e+02   1.438410e+01   -2.681519e+00   0.000000e+00   8.140439e+04   
4.432679e+01   1.330166e+02   1.438422e+01   -4.066947e+00   0.000000e+00   8.140509e+04   
4.428965e+01   1.330499e+02   1.438430e+01   -2.696911e+00   0.000000e+00   8.140579e+04   
4.425247e+01   1.330831e+02   1.438385e+01   -4.017961e+00   0.000000e+00   8.140649e+04   
4.421530e+01   1.331163e+02   1.438420e+01   -3.034076e+00   0.000000e+00   8.140719e+04   
4.417814e+01   1.331493e+02   1.438390e+01   -3.034505e+00   0.000000e+00   8.140789e+04   
4.414095e+01   1.331824e+02   1.438369e+01   -4.021226e+00   0.000000e+00   8.140859e+04   
4.410376e+01   1.332155e+02   1.438408e+01   -3.681327e+00   0.000000e+00   8.140929e+04   
4.406657e+01   1.332484e+02   1.438387e+01   -4.369468e+00   0.000000e+00   8.140999e+04   
4.402932e+01   1.332814e+02   1.438385e+01   -5.431379e+00   0.000000e+00   8.141069e+04   
4.533268e+01   1.320116e+02   1.362777e+01   -6.002957e+00   0.000000e+00   8.138549e+04   
4.529586e+01   1.320462e+02   1.362779e+01   -4.254799e+00   0.000000e+00   8.138619e+04   
4.525907e+01   1.320808e+02   1.362797e+01   -1.504352e+00   0.000000e+00   8.138689e+04   
4.522226e+01   1.321152e+02   1.362773e+01   2.155331e-01   0.000000e+00   8.138759e+04   
4.518543e+01   1.321496e+02   1.362774e+01   2.625502e+00   0.000000e+00   8.138829e+04   
4.514861e+01   1.321840e+02   1.362791e+01   1.917697e+00   0.000000e+00   8.138899e+04   
4.511175e+01   1.322184e+02   1.362776e+01   3.297481e+00   0.000000e+00   8.138969e+04   
4.507486e+01   1.322527e+02   1.362780e+01   2.253423e+00   0.000000e+00   8.139039e+04   
4.503799e+01   1.322869e+02   1.362765e+01   4.330857e+00   0.000000e+00   8.139109e+04   
4.500107e+01   1.323211e+02   1.362762e+01   2.274314e+00   0.000000e+00   8.139179e+04   
4.496415e+01   1.323553e+02   1.362765e+01   2.610307e+00   0.000000e+00   8.139249e+04   
4.492722e+01   1.323894e+02   1.362743e+01   2.255894e+00   0.000000e+00   8.139319e+04   
4.489025e+01   1.324235e+02   1.362745e+01   2.613311e+00   0.000000e+00   8.139389e+04   
4.485331e+01   1.324575e+02   1.362743e+01   1.915406e+00   0.000000e+00   8.139459e+04   
4.481635e+01   1.324915e+02   1.362737e+01   1.578936e+00   0.000000e+00   8.139529e+04   
4.477937e+01   1.325254e+02   1.362761e+01   5.349097e-01   0.000000e+00   8.139599e+04   
4.474240e+01   1.325593e+02   1.362738e+01   8.707438e-01   0.000000e+00   8.139669e+04   
4.470540e+01   1.325931e+02   1.362747e+01   1.980852e-01   0.000000e+00   8.139739e+04   
4.466839e+01   1.326269e+02   1.362748e+01   -2.552599e+00   0.000000e+00   8.139809e+04   
4.463139e+01   1.326606e+02   1.362735e+01   -4.963451e+00   0.000000e+00   8.139879e+04   
4.459436e+01   1.326943e+02   1.362740e+01   -7.361066e+00   0.000000e+00   8.139949e+04   
4.455733e+01   1.327280e+02   1.362746e+01   -6.684595e+00   0.000000e+00   8.140019e+04   
4.452028e+01   1.327616e+02   1.362731e+01   -2.889887e+00   0.000000e+00   8.140089e+04   
4.448320e+01   1.327952e+02   1.362758e+01   -7.040628e+00   0.000000e+00   8.140159e+04   
4.444611e+01   1.328286e+02   1.362718e+01   -7.729963e+00   0.000000e+00   8.140229e+04   
4.440900e+01   1.328622e+02   1.362724e+01   -6.343601e+00   0.000000e+00   8.140299e+04   
4.437188e+01   1.328956e+02   1.362750e+01   -5.651993e+00   0.000000e+00   8.140369e+04   
4.433473e+01   1.329290e+02   1.362707e+01   -3.935729e+00   0.000000e+00   8.140439e+04   
4.429757e+01   1.329624e+02   1.362720e+01   -4.626061e+00   0.000000e+00   8.140509e+04   
4.426044e+01   1.329956e+02   1.362728e+01   -2.553460e+00   0.000000e+00   8.140579e+04   
4.422327e+01   1.330288e+02   1.362684e+01   -2.904044e+00   0.000000e+00   8.140649e+04   
4.418612e+01   1.330621e+02   1.362719e+01   -2.554154e+00   0.000000e+00   8.140719e+04   
4.414898e+01   1.330952e+02   1.362689e+01   -4.627414e+00   0.000000e+00   8.140789e+04   
4.411181e+01   1.331282e+02   1.362667e+01   -3.244973e+00   0.000000e+00   8.140859e+04   
4.407464e+01   1.331613e+02   1.362706e+01   -4.277804e+00   0.000000e+00   8.140929e+04   
4.403746e+01   1.331943e+02   1.362686e+01   -4.291849e+00   0.000000e+00   8.140999e+04   
4.400023e+01   1.332273e+02   1.362684e+01   -5.668098e+00   0.000000e+00   8.141069e+04   
4.522949e+01   1.320262e+02   1.286908e+01   -8.536008e-01   0.000000e+00   8.138689e+04   
4.519270e+01   1.320607e+02   1.286885e+01   -1.699823e-01   0.000000e+00   8.138759e+04   
4.515588e+01   1.320952e+02   1.286887e+01   1.209901e+00   0.000000e+00   8.138829e+04   
4.511908e+01   1.321295e+02   1.286902e+01   8.659059e-01   0.000000e+00   8.138899e+04   
4.508224e+01   1.321639e+02   1.286889e+01   1.895714e+00   0.000000e+00   8.138969e+04   
4.504537e+01   1.321982e+02   1.286894e+01   1.897511e+00   0.000000e+00   8.139039e+04   
4.500851e+01   1.322325e+02   1.286877e+01   3.624938e+00   0.000000e+00   8.139109e+04   
4.497161e+01   1.322667e+02   1.286876e+01   3.968527e+00   0.000000e+00   8.139179e+04   
4.493471e+01   1.323009e+02   1.286878e+01   3.964499e+00   0.000000e+00   8.139249e+04   
4.489780e+01   1.323350e+02   1.286856e+01   3.274166e+00   0.000000e+00   8.139319e+04   
4.486085e+01   1.323691e+02   1.286859e+01   3.273955e+00   0.000000e+00   8.139389e+04   
4.482393e+01   1.324032e+02   1.286856e+01   2.586051e+00   0.000000e+00   8.139459e+04   
4.478698e+01   1.324372e+02   1.286850e+01   2.933440e+00   0.000000e+00   8.139529e+04   
4.475002e+01   1.324711e+02   1.286876e+01   1.216982e+00   0.000000e+00   8.139599e+04   
4.471307e+01   1.325050e+02   1.286851e+01   1.952876e+00   0.000000e+00   8.139669e+04   
4.467608e+01   1.325389e+02   1.286861e+01   9.226008e-01   0.000000e+00   8.139739e+04   
4.463909e+01   1.325727e+02   1.286863e+01   -2.514222e+00   0.000000e+00   8.139809e+04   
4.460211e+01   1.326064e+02   1.286849e+01   -3.922541e+00   0.000000e+00   8.139879e+04   
4.456509e+01   1.326401e+02   1.286856e+01   -5.639696e+00   0.000000e+00   8.139949e+04   
4.452808e+01   1.326738e+02   1.286860e+01   -5.616044e+00   0.000000e+00   8.140019e+04   
4.449104e+01   1.327074e+02   1.286845e+01   -6.330396e+00   0.000000e+00   8.140089e+04   
4.445398e+01   1.327410e+02   1.286873e+01   -6.322122e+00   0.000000e+00   8.140159e+04   
4.441692e+01   1.327745e+02   1.286833e+01   -3.537837e+00   0.000000e+00   8.140229e+04   
4.437982e+01   1.328080e+02   1.286837e+01   -4.244332e+00   0.000000e+00   8.140299e+04   
4.434272e+01   1.328415e+02   1.286865e+01   -4.942370e+00   0.000000e+00   8.140369e+04   
4.430559e+01   1.328749e+02   1.286822e+01   -4.256495e+00   0.000000e+00   8.140439e+04   
4.426844e+01   1.329083e+02   1.286835e+01   -3.215041e+00   0.000000e+00   8.140509e+04   
4.423133e+01   1.329416e+02   1.286843e+01   -3.231559e+00   0.000000e+00   8.140579e+04   
4.419419e+01   1.329748e+02   1.286799e+01   -4.229873e+00   0.000000e+00   8.140649e+04   
4.415705e+01   1.330081e+02   1.286834e+01   -4.566564e+00   0.000000e+00   8.140719e+04   
4.411993e+01   1.330412e+02   1.286805e+01   -4.243105e+00   0.000000e+00   8.140789e+04   
4.408277e+01   1.330743e+02   1.286784e+01   -3.220797e+00   0.000000e+00   8.140859e+04   
4.404562e+01   1.331074e+02   1.286822e+01   -4.567525e+00   0.000000e+00   8.140929e+04   
4.400845e+01   1.331404e+02   1.286802e+01   -3.561338e+00   0.000000e+00   8.140999e+04   
4.516327e+01   1.320065e+02   1.210920e+01   -2.982569e-02   0.000000e+00   8.138759e+04   
4.512647e+01   1.320409e+02   1.210922e+01   -7.100990e-01   0.000000e+00   8.138829e+04   
4.508968e+01   1.320754e+02   1.210935e+01   3.760046e+00   0.000000e+00   8.138899e+04   
4.505286e+01   1.321097e+02   1.210924e+01   4.449790e+00   0.000000e+00   8.138969e+04   
4.501601e+01   1.321441e+02   1.210930e+01   5.139616e+00   0.000000e+00   8.139039e+04   
4.497917e+01   1.321783e+02   1.210911e+01   4.793123e+00   0.000000e+00   8.139109e+04   
4.494228e+01   1.322126e+02   1.210913e+01   4.789079e+00   0.000000e+00   8.139179e+04   
4.490540e+01   1.322468e+02   1.210913e+01   3.745000e+00   0.000000e+00   8.139249e+04   
4.486851e+01   1.322809e+02   1.210892e+01   4.448510e+00   0.000000e+00   8.139319e+04   
4.483158e+01   1.323151e+02   1.210895e+01   4.448288e+00   0.000000e+00   8.139389e+04   
4.479467e+01   1.323491e+02   1.210890e+01   3.068004e+00   0.000000e+00   8.139459e+04   
4.475774e+01   1.323831e+02   1.210885e+01   3.753700e+00   0.000000e+00   8.139529e+04   
4.472080e+01   1.324171e+02   1.210912e+01   2.381136e+00   0.000000e+00   8.139599e+04   
4.468387e+01   1.324510e+02   1.210886e+01   2.706974e+00   0.000000e+00   8.139669e+04   
4.464690e+01   1.324849e+02   1.210897e+01   2.020579e+00   0.000000e+00   8.139739e+04   
4.460993e+01   1.325187e+02   1.210899e+01   -1.441365e+00   0.000000e+00   8.139809e+04   
4.457296e+01   1.325524e+02   1.210885e+01   -2.128012e+00   0.000000e+00   8.139879e+04   
4.453596e+01   1.325862e+02   1.210893e+01   -4.198574e+00   0.000000e+00   8.139949e+04   
4.449897e+01   1.326199e+02   1.210896e+01   -5.905620e+00   0.000000e+00   8.140019e+04   
4.446194e+01   1.326535e+02   1.210881e+01   -4.865573e+00   0.000000e+00   8.140089e+04   
4.442490e+01   1.326871e+02   1.210911e+01   -5.919821e+00   0.000000e+00   8.140159e+04   
4.438785e+01   1.327207e+02   1.210869e+01   -5.906378e+00   0.000000e+00   8.140229e+04   
4.435077e+01   1.327542e+02   1.210872e+01   -5.556590e+00   0.000000e+00   8.140299e+04   
4.431369e+01   1.327877e+02   1.210902e+01   -5.216546e+00   0.000000e+00   8.140369e+04   
4.427658e+01   1.328211e+02   1.210858e+01   -6.611678e+00   0.000000e+00   8.140439e+04   
4.423945e+01   1.328545e+02   1.210872e+01   -4.541158e+00   0.000000e+00   8.140509e+04   
4.420236e+01   1.328878e+02   1.210880e+01   -3.143617e+00   0.000000e+00   8.140579e+04   
4.416523e+01   1.329211e+02   1.210837e+01   -3.851828e+00   0.000000e+00   8.140649e+04   
4.412811e+01   1.329543e+02   1.210871e+01   -4.542151e+00   0.000000e+00   8.140719e+04   
4.409100e+01   1.329875e+02   1.210843e+01   -4.880304e+00   0.000000e+00   8.140789e+04   
4.405386e+01   1.330206e+02   1.210821e+01   -5.573152e+00   0.000000e+00   8.140859e+04   
4.401672e+01   1.330537e+02   1.210859e+01   -5.919523e+00   0.000000e+00   8.140929e+04   
4.506069e+01   1.320219e+02   1.135633e+01   5.152164e+00   0.000000e+00   8.138899e+04   
4.502388e+01   1.320563e+02   1.135625e+01   1.699398e+00   0.000000e+00   8.138969e+04   
4.498705e+01   1.320907e+02   1.135631e+01   6.767460e-01   0.000000e+00   8.139039e+04   
4.495023e+01   1.321250e+02   1.135610e+01   2.741298e+00   0.000000e+00   8.139109e+04   
4.491336e+01   1.321593e+02   1.135615e+01   4.804969e+00   0.000000e+00   8.139179e+04   
4.487650e+01   1.321935e+02   1.135614e+01   4.460898e+00   0.000000e+00   8.139249e+04   
4.483962e+01   1.322276e+02   1.135593e+01   4.117886e+00   0.000000e+00   8.139319e+04   
4.480271e+01   1.322618e+02   1.135597e+01   5.493899e+00   0.000000e+00   8.139389e+04   
4.476582e+01   1.322958e+02   1.135590e+01   4.123613e+00   0.000000e+00   8.139459e+04   
4.472890e+01   1.323299e+02   1.135585e+01   2.729494e+00   0.000000e+00   8.139529e+04   
4.469198e+01   1.323639e+02   1.135615e+01   4.123255e+00   0.000000e+00   8.139599e+04   
4.465507e+01   1.323978e+02   1.135586e+01   4.082878e+00   0.000000e+00   8.139669e+04   
4.461811e+01   1.324317e+02   1.135599e+01   2.728835e+00   0.000000e+00   8.139739e+04   
4.458116e+01   1.324655e+02   1.135602e+01   1.348551e+00   0.000000e+00   8.139809e+04   
4.454421e+01   1.324993e+02   1.135586e+01   1.008269e+00   0.000000e+00   8.139879e+04   
4.450722e+01   1.325331e+02   1.135596e+01   -2.118408e+00   0.000000e+00   8.139949e+04   
4.447025e+01   1.325667e+02   1.135597e+01   -5.200854e+00   0.000000e+00   8.140019e+04   
4.443324e+01   1.326004e+02   1.135582e+01   -5.899930e+00   0.000000e+00   8.140089e+04   
4.439622e+01   1.326340e+02   1.135614e+01   -5.546125e+00   0.000000e+00   8.140159e+04   
4.435919e+01   1.326676e+02   1.135572e+01   -6.934775e+00   0.000000e+00   8.140229e+04   
4.432212e+01   1.327011e+02   1.135573e+01   -5.530747e+00   0.000000e+00   8.140299e+04   
4.428506e+01   1.327347e+02   1.135604e+01   -2.441787e+00   0.000000e+00   8.140369e+04   
4.424797e+01   1.327681e+02   1.135560e+01   -2.459929e+00   0.000000e+00   8.140439e+04   
4.421086e+01   1.328015e+02   1.135575e+01   -3.828896e+00   0.000000e+00   8.140509e+04   
4.417379e+01   1.328348e+02   1.135582e+01   -2.805191e+00   0.000000e+00   8.140579e+04   
4.413667e+01   1.328681e+02   1.135540e+01   -4.502262e+00   0.000000e+00   8.140649e+04   
4.409957e+01   1.329014e+02   1.135573e+01   -5.200097e+00   0.000000e+00   8.140719e+04   
4.406248e+01   1.329345e+02   1.135547e+01   -4.170358e+00   0.000000e+00   8.140789e+04   
4.402534e+01   1.329677e+02   1.135525e+01   -4.164466e+00   0.000000e+00   8.140859e+04   
4.499477e+01   1.320027e+02   1.059604e+01   -6.895702e+00   0.000000e+00   8.138969e+04   
4.495796e+01   1.320371e+02   1.059612e+01   -6.895990e+00   0.000000e+00   8.139039e+04   
4.492115e+01   1.320714e+02   1.059589e+01   -5.866276e+00   0.000000e+00   8.139109e+04   
4.488431e+01   1.321057e+02   1.059596e+01   1.708335e+00   0.000000e+00   8.139179e+04   
4.484746e+01   1.321399e+02   1.059593e+01   4.464394e+00   0.000000e+00   8.139249e+04   
4.481060e+01   1.321741e+02   1.059573e+01   5.494107e+00   0.000000e+00   8.139319e+04   
4.477371e+01   1.322083e+02   1.059578e+01   5.143897e+00   0.000000e+00   8.139389e+04   
4.473684e+01   1.322423e+02   1.059570e+01   4.799807e+00   0.000000e+00   8.139459e+04   
4.469994e+01   1.322764e+02   1.059565e+01   4.463359e+00   0.000000e+00   8.139529e+04   
4.466304e+01   1.323104e+02   1.059596e+01   4.113257e+00   0.000000e+00   8.139599e+04   
4.462614e+01   1.323443e+02   1.059566e+01   3.415221e+00   0.000000e+00   8.139669e+04   
4.458920e+01   1.323782e+02   1.059581e+01   3.748889e+00   0.000000e+00   8.139739e+04   
4.455227e+01   1.324121e+02   1.059583e+01   3.748678e+00   0.000000e+00   8.139809e+04   
4.451533e+01   1.324459e+02   1.059566e+01   -3.417969e-02   0.000000e+00   8.139879e+04   
4.447836e+01   1.324797e+02   1.059578e+01   -1.412110e+00   0.000000e+00   8.139949e+04   
4.444141e+01   1.325134e+02   1.059578e+01   -4.165382e+00   0.000000e+00   8.140019e+04   
4.440441e+01   1.325470e+02   1.059563e+01   -5.539876e+00   0.000000e+00   8.140089e+04   
4.436740e+01   1.325807e+02   1.059596e+01   -5.199982e+00   0.000000e+00   8.140159e+04   
4.433039e+01   1.326143e+02   1.059554e+01   -4.860256e+00   0.000000e+00   8.140229e+04   
4.429334e+01   1.326478e+02   1.059553e+01   -3.816517e+00   0.000000e+00   8.140299e+04   
4.425630e+01   1.326814e+02   1.059586e+01   -2.100193e+00   0.000000e+00   8.140369e+04   
4.421923e+01   1.327148e+02   1.059541e+01   -5.206640e+00   0.000000e+00   8.140439e+04   
4.418214e+01   1.327482e+02   1.059557e+01   -1.744687e+00   0.000000e+00   8.140509e+04   
4.414508e+01   1.327816e+02   1.059564e+01   -2.788918e+00   0.000000e+00   8.140579e+04   
4.410798e+01   1.328149e+02   1.059523e+01   -4.495844e+00   0.000000e+00   8.140649e+04   
4.407090e+01   1.328482e+02   1.059555e+01   -4.155985e+00   0.000000e+00   8.140719e+04   
4.403382e+01   1.328813e+02   1.059530e+01   -5.536878e+00   0.000000e+00   8.140789e+04   
4.489238e+01   1.320184e+02   9.840170e+00   -5.118895e+00   0.000000e+00   8.139109e+04   
4.485555e+01   1.320527e+02   9.840261e+00   -2.704855e+00   0.000000e+00   8.139179e+04   
4.481873e+01   1.320869e+02   9.840226e+00   4.527774e+00   0.000000e+00   8.139249e+04   
4.478188e+01   1.321211e+02   9.840027e+00   5.211283e+00   0.000000e+00   8.139319e+04   
4.474501e+01   1.321553e+02   9.840084e+00   5.211082e+00   0.000000e+00   8.139389e+04   
4.470815e+01   1.321894e+02   9.839980e+00   4.860803e+00   0.000000e+00   8.139459e+04   
4.467128e+01   1.322235e+02   9.839938e+00   4.180539e+00   0.000000e+00   8.139529e+04   
4.463439e+01   1.322575e+02   9.840270e+00   4.526640e+00   0.000000e+00   8.139599e+04   
4.459751e+01   1.322914e+02   9.839946e+00   3.772443e+00   0.000000e+00   8.139669e+04   
4.456059e+01   1.323254e+02   9.840111e+00   4.146095e+00   0.000000e+00   8.139739e+04   
4.452367e+01   1.323593e+02   9.840138e+00   3.459402e+00   0.000000e+00   8.139809e+04   
4.448675e+01   1.323931e+02   9.839962e+00   -4.461666e+00   0.000000e+00   8.139879e+04   
4.444980e+01   1.324269e+02   9.840097e+00   -2.741479e+00   0.000000e+00   8.139949e+04   
4.441286e+01   1.324606e+02   9.840078e+00   -3.789565e+00   0.000000e+00   8.140019e+04   
4.437588e+01   1.324943e+02   9.839932e+00   -4.802388e+00   0.000000e+00   8.140089e+04   
4.433889e+01   1.325280e+02   9.840269e+00   -4.112422e+00   0.000000e+00   8.140159e+04   
4.430190e+01   1.325615e+02   9.839849e+00   -5.510787e+00   0.000000e+00   8.140229e+04   
4.426487e+01   1.325951e+02   9.839827e+00   -3.778347e+00   0.000000e+00   8.140299e+04   
4.422784e+01   1.326287e+02   9.840173e+00   -4.130811e+00   0.000000e+00   8.140369e+04   
4.419079e+01   1.326621e+02   9.839710e+00   -3.791311e+00   0.000000e+00   8.140439e+04   
4.415372e+01   1.326956e+02   9.839880e+00   -2.417508e+00   0.000000e+00   8.140509e+04   
4.411668e+01   1.327289e+02   9.839947e+00   -2.417804e+00   0.000000e+00   8.140579e+04   
4.407959e+01   1.327622e+02   9.839541e+00   -3.448726e+00   0.000000e+00   8.140649e+04   
4.404253e+01   1.327955e+02   9.839862e+00   -5.509246e+00   0.000000e+00   8.140719e+04   
4.400547e+01   1.328287e+02   9.839626e+00   -5.164866e+00   0.000000e+00   8.140789e+04   
4.482699e+01   1.320001e+02   9.086373e+00   -4.197699e+00   0.000000e+00   8.139179e+04   
4.479018e+01   1.320343e+02   9.086328e+00   3.026487e+00   0.000000e+00   8.139249e+04   
4.475335e+01   1.320685e+02   9.086132e+00   3.722391e+00   0.000000e+00   8.139319e+04   
4.471650e+01   1.321028e+02   9.086195e+00   4.058403e+00   0.000000e+00   8.139389e+04   
4.467966e+01   1.321369e+02   9.086075e+00   9.617897e-01   0.000000e+00   8.139459e+04   
4.464280e+01   1.321709e+02   9.086036e+00   -2.818736e+00   0.000000e+00   8.139529e+04   
4.460593e+01   1.322050e+02   9.086387e+00   -2.129034e+00   0.000000e+00   8.139599e+04   
4.456907e+01   1.322389e+02   9.086043e+00   9.745852e-01   0.000000e+00   8.139669e+04   
4.453216e+01   1.322729e+02   9.086224e+00   -1.439517e+00   0.000000e+00   8.139739e+04   
4.449526e+01   1.323068e+02   9.086254e+00   -2.809906e+00   0.000000e+00   8.139809e+04   
4.445836e+01   1.323406e+02   9.086068e+00   -4.190492e+00   0.000000e+00   8.139879e+04   
4.442142e+01   1.323744e+02   9.086221e+00   -4.514393e+00   0.000000e+00   8.139949e+04   
4.438450e+01   1.324082e+02   9.086187e+00   -3.850771e+00   0.000000e+00   8.140019e+04   
4.434754e+01   1.324419e+02   9.086042e+00   -3.851089e+00   0.000000e+00   8.140089e+04   
4.431057e+01   1.324756e+02   9.086390e+00   -4.174941e+00   0.000000e+00   8.140159e+04   
4.427359e+01   1.325092e+02   9.085968e+00   -4.519341e+00   0.000000e+00   8.140229e+04   
4.423657e+01   1.325428e+02   9.085929e+00   -1.765398e+00   0.000000e+00   8.140299e+04   
4.419957e+01   1.325763e+02   9.086292e+00   -2.813222e+00   0.000000e+00   8.140369e+04   
4.416253e+01   1.326098e+02   9.085821e+00   -1.443593e+00   0.000000e+00   8.140439e+04   
4.412548e+01   1.326433e+02   9.085999e+00   -1.766507e+00   0.000000e+00   8.140509e+04   
4.408846e+01   1.326767e+02   9.086063e+00   -2.796853e+00   0.000000e+00   8.140579e+04   
4.405139e+01   1.327100e+02   9.085667e+00   -3.143568e+00   0.000000e+00   8.140649e+04   
4.401434e+01   1.327433e+02   9.085980e+00   -4.881730e+00   0.000000e+00   8.140719e+04   
4.472486e+01   1.320161e+02   8.330310e+00   -3.817415e+00   0.000000e+00   8.139319e+04   
4.468803e+01   1.320503e+02   8.330379e+00   -3.806178e+00   0.000000e+00   8.139389e+04   
4.465121e+01   1.320844e+02   8.330242e+00   -4.507981e+00   0.000000e+00   8.139459e+04   
4.461436e+01   1.321185e+02   8.330207e+00   -5.198668e+00   0.000000e+00   8.139529e+04   
4.457751e+01   1.321526e+02   8.330577e+00   -5.194902e+00   0.000000e+00   8.139599e+04   
4.454066e+01   1.321865e+02   8.330215e+00   -5.569281e+00   0.000000e+00   8.139669e+04   
4.450378e+01   1.322205e+02   8.330409e+00   -5.229305e+00   0.000000e+00   8.139739e+04   
4.446690e+01   1.322544e+02   8.330442e+00   -4.539434e+00   0.000000e+00   8.139809e+04   
4.443001e+01   1.322882e+02   8.330248e+00   -4.213435e+00   0.000000e+00   8.139879e+04   
4.439309e+01   1.323221e+02   8.330417e+00   -3.173396e+00   0.000000e+00   8.139949e+04   
4.435618e+01   1.323558e+02   8.330368e+00   -4.893958e+00   0.000000e+00   8.140019e+04   
4.431924e+01   1.323896e+02   8.330226e+00   -3.850247e+00   0.000000e+00   8.140089e+04   
4.428228e+01   1.324233e+02   8.330585e+00   -3.160230e+00   0.000000e+00   8.140159e+04   
4.424532e+01   1.324569e+02   8.330159e+00   -2.834432e+00   0.000000e+00   8.140229e+04   
4.420832e+01   1.324905e+02   8.330104e+00   -2.834661e+00   0.000000e+00   8.140299e+04   
4.417134e+01   1.325241e+02   8.330484e+00   -2.141124e+00   0.000000e+00   8.140369e+04   
4.413432e+01   1.325576e+02   8.330007e+00   -3.519403e+00   0.000000e+00   8.140439e+04   
4.409728e+01   1.325910e+02   8.330193e+00   -1.465600e+00   0.000000e+00   8.140509e+04   
4.406028e+01   1.326245e+02   8.330254e+00   -2.495973e+00   0.000000e+00   8.140579e+04   
4.402323e+01   1.326578e+02   8.329865e+00   -3.536597e+00   0.000000e+00   8.140649e+04   
4.462284e+01   1.320321e+02   7.574067e+00   -4.883900e+00   0.000000e+00   8.139459e+04   
4.458602e+01   1.320662e+02   7.574035e+00   -2.810141e+00   0.000000e+00   8.139529e+04   
4.454919e+01   1.321003e+02   7.574409e+00   -4.540418e+00   0.000000e+00   8.139599e+04   
4.451235e+01   1.321343e+02   7.574049e+00   -5.224754e+00   0.000000e+00   8.139669e+04   
4.447548e+01   1.321683e+02   7.574241e+00   -4.194650e+00   0.000000e+00   8.139739e+04   
4.443862e+01   1.322022e+02   7.574280e+00   -3.858629e+00   0.000000e+00   8.139809e+04   
4.440175e+01   1.322361e+02   7.574080e+00   -4.171465e+00   0.000000e+00   8.139879e+04   
4.436485e+01   1.322699e+02   7.574266e+00   -4.521651e+00   0.000000e+00   8.139949e+04   
4.432796e+01   1.323037e+02   7.574203e+00   -3.831739e+00   0.000000e+00   8.140019e+04   
4.429102e+01   1.323374e+02   7.574065e+00   -3.832126e+00   0.000000e+00   8.140089e+04   
4.425409e+01   1.323712e+02   7.574425e+00   -3.142066e+00   0.000000e+00   8.140159e+04   
4.421715e+01   1.324048e+02   7.574011e+00   -2.792440e+00   0.000000e+00   8.140229e+04   
4.418016e+01   1.324384e+02   7.573940e+00   -3.503029e+00   0.000000e+00   8.140299e+04   
4.414320e+01   1.324720e+02   7.574324e+00   -6.611210e+00   0.000000e+00   8.140369e+04   
4.410620e+01   1.325055e+02   7.573852e+00   -3.167361e+00   0.000000e+00   8.140439e+04   
4.406918e+01   1.325390e+02   7.574036e+00   -3.830074e+00   0.000000e+00   8.140509e+04   
4.403220e+01   1.325724e+02   7.574093e+00   -4.884314e+00   0.000000e+00   8.140579e+04   
4.455785e+01   1.320143e+02   6.820165e+00   -3.566473e+00   0.000000e+00   8.139529e+04   
4.452104e+01   1.320484e+02   6.820541e+00   -4.270361e+00   0.000000e+00   8.139599e+04   
4.448422e+01   1.320824e+02   6.820187e+00   -5.330915e+00   0.000000e+00   8.139669e+04   
4.444736e+01   1.321164e+02   6.820371e+00   -4.640933e+00   0.000000e+00   8.139739e+04   
4.441052e+01   1.321503e+02   6.820417e+00   -2.920953e+00   0.000000e+00   8.139809e+04   
4.437366e+01   1.321842e+02   6.820214e+00   -4.305233e+00   0.000000e+00   8.139879e+04   
4.433678e+01   1.322181e+02   6.820417e+00   -3.261438e+00   0.000000e+00   8.139949e+04   
4.429991e+01   1.322519e+02   6.820338e+00   -3.267951e+00   0.000000e+00   8.140019e+04   
4.426299e+01   1.322856e+02   6.820206e+00   -4.302158e+00   0.000000e+00   8.140089e+04   
4.422607e+01   1.323194e+02   6.820563e+00   -3.612084e+00   0.000000e+00   8.140159e+04   
4.418915e+01   1.323530e+02   6.820165e+00   -1.888855e+00   0.000000e+00   8.140229e+04   
4.415218e+01   1.323867e+02   6.820077e+00   -2.919187e+00   0.000000e+00   8.140299e+04   
4.411523e+01   1.324203e+02   6.820464e+00   -2.232957e+00   0.000000e+00   8.140369e+04   
4.407825e+01   1.324538e+02   6.819998e+00   -2.579753e+00   0.000000e+00   8.140439e+04   
4.404125e+01   1.324873e+02   6.820179e+00   -2.583665e+00   0.000000e+00   8.140509e+04   
4.400428e+01   1.325207e+02   6.820232e+00   -2.583916e+00   0.000000e+00   8.140579e+04   
4.445616e+01   1.320306e+02   6.065957e+00   -5.956691e+00   0.000000e+00   8.139669e+04   
4.441932e+01   1.320647e+02   6.066134e+00   -2.516367e+00   0.000000e+00   8.139739e+04   
4.438249e+01   1.320986e+02   6.066188e+00   -4.576783e+00   0.000000e+00   8.139809e+04   
4.434565e+01   1.321325e+02   6.065980e+00   -3.513316e+00   0.000000e+00   8.139879e+04   
4.430878e+01   1.321664e+02   6.066199e+00   -2.166996e+00   0.000000e+00   8.139949e+04   
4.427193e+01   1.322002e+02   6.066105e+00   -2.517313e+00   0.000000e+00   8.140019e+04   
4.423503e+01   1.322340e+02   6.065978e+00   -3.887758e+00   0.000000e+00   8.140089e+04   
4.419813e+01   1.322678e+02   6.066333e+00   -4.544063e+00   0.000000e+00   8.140159e+04   
4.416122e+01   1.323014e+02   6.065950e+00   -4.234706e+00   0.000000e+00   8.140229e+04   
4.412427e+01   1.323351e+02   6.065846e+00   -1.824776e+00   0.000000e+00   8.140299e+04   
4.408734e+01   1.323687e+02   6.066236e+00   -3.851259e+00   0.000000e+00   8.140369e+04   
4.405038e+01   1.324022e+02   6.065777e+00   -3.879235e+00   0.000000e+00   8.140439e+04   
4.401339e+01   1.324358e+02   6.065954e+00   -3.885717e+00   0.000000e+00   8.140509e+04   
4.439133e+01   1.320131e+02   5.311522e+00   -5.205347e+00   0.000000e+00   8.139739e+04   
4.435453e+01   1.320470e+02   5.311584e+00   -4.165414e+00   0.000000e+00   8.139809e+04   
4.431770e+01   1.320809e+02   5.311372e+00   -2.795621e+00   0.000000e+00   8.139879e+04   
4.428085e+01   1.321149e+02   5.311608e+00   -4.855931e+00   0.000000e+00   8.139949e+04   
4.424401e+01   1.321487e+02   5.311499e+00   -2.796020e+00   0.000000e+00   8.140019e+04   
4.420712e+01   1.321825e+02   5.311377e+00   -3.826434e+00   0.000000e+00   8.140089e+04   
4.417025e+01   1.322163e+02   5.311729e+00   -7.261883e-01   0.000000e+00   8.140159e+04   
4.413335e+01   1.322499e+02   5.311362e+00   -3.136946e+00   0.000000e+00   8.140229e+04   
4.409642e+01   1.322836e+02   5.311242e+00   -1.763493e+00   0.000000e+00   8.140299e+04   
4.405951e+01   1.323172e+02   5.311634e+00   -3.137229e+00   0.000000e+00   8.140369e+04   
4.402256e+01   1.323508e+02   5.311182e+00   -4.151564e+00   0.000000e+00   8.140439e+04   
4.428982e+01   1.320295e+02   4.556923e+00   -4.729924e+00   0.000000e+00   8.139879e+04   
4.425299e+01   1.320634e+02   4.557175e+00   -3.723461e+00   0.000000e+00   8.139949e+04   
4.421616e+01   1.320973e+02   4.557051e+00   -3.700208e+00   0.000000e+00   8.140019e+04   
4.417929e+01   1.321311e+02   4.556934e+00   -2.670435e+00   0.000000e+00   8.140089e+04   
4.414243e+01   1.321649e+02   4.557284e+00   -1.313914e+00   0.000000e+00   8.140159e+04   
4.410556e+01   1.321986e+02   4.556933e+00   5.917942e-02   0.000000e+00   8.140229e+04   
4.406864e+01   1.322323e+02   4.556795e+00   -2.667705e+00   0.000000e+00   8.140299e+04   
4.403175e+01   1.322659e+02   4.557190e+00   -2.667674e+00   0.000000e+00   8.140369e+04   
4.422515e+01   1.320121e+02   3.801851e+00   -3.293729e+00   0.000000e+00   8.139949e+04   
4.418834e+01   1.320459e+02   3.801714e+00   -2.954065e+00   0.000000e+00   8.140019e+04   
4.415149e+01   1.320798e+02   3.801601e+00   -1.914296e+00   0.000000e+00   8.140089e+04   
4.411464e+01   1.321136e+02   3.801949e+00   -8.807177e-01   0.000000e+00   8.140159e+04   
4.407779e+01   1.321473e+02   3.801614e+00   -2.951300e+00   0.000000e+00   8.140229e+04   
4.404089e+01   1.321810e+02   3.801458e+00   -5.380217e-01   0.000000e+00   8.140299e+04   
4.400402e+01   1.322146e+02   3.801857e+00   -1.571497e+00   0.000000e+00   8.140369e+04   
4.412371e+01   1.320285e+02   3.045953e+00   -1.403762e-01   0.000000e+00   8.140089e+04   
4.408689e+01   1.320623e+02   3.046298e+00   1.996916e-01   0.000000e+00   8.140159e+04   
4.405005e+01   1.320960e+02   3.045980e+00   5.392156e-01   0.000000e+00   8.140229e+04   
4.401316e+01   1.321298e+02   3.045805e+00   1.578863e+00   0.000000e+00   8.140299e+04   
4.405933e+01   1.320115e+02   2.295228e+00   -2.113521e+00   0.000000e+00   8.140159e+04   
4.402251e+01   1.320452e+02   2.294931e+00   2.961037e-01   0.000000e+00   8.140229e+04   
