73297
73298
73298
73299
73300
73300
73301
73302
73302
73303
73304
73305
73305
73306
73307
73307
73308
73309
73309
73310
73311
73312
73312
73313
73314
73314
73315
73316
73316
73317
73318
73319
73319
73320
73321
73321
73322
73323
73323
73324
73325
73326
73326
73327
73328
73328
73329
73330
73330
73331
73332
73333
73333
73334
73335
73335
73336
73337
73337
73338
73339
73340
73340
73341
73342
73342
73343
73344
73344
73345
73346
73347
73347
73348
73349
73349
73350
73351
73351
73352
73353
73354
73354
73355
73356
73356
73357
73358
73358
73359
73360
73361
73361
73362
73363
73363
73364
73365
73365
73366
73367
73368
73368
73369
73370
73370
73371
73372
73372
73373
73374
73375
73375
73376
73377
73377
73378
73379
73379
73380
73381
73382
73382
73383
73384
73384
73385
73386
73386
73387
73388
73389
73389
73390
73391
73391
73392
73393
73393
73394
73395
73396
73396
73397
73398
73398
73399
73400
73400
73401
73402
73403
73403
73404
73405
73405
73406
73407
73407
73408
73409
73410
73410
73411
73412
73412
73413
73414
73414
73415
73416
73417
73417
73418
73419
73419
73420
73421
73421
73422
73423
73424
73424
73425
73426
73426
73427
73428
73428
73429
73430
73431
73431
73432
73433
73433
73434
73435
73435
73436
73437
73438
73438
73439
73440
73440
73441
73442
73442
73443
73444
73445
73445
73446
73447
73447
73448
73449
73449
73450
73451
73452
73452
73453
73454
73454
73455
73456
73456
73457
73458
73459
73459
73460
73461
73461
73462
73463
73463
73464
73465
73466
73466
73467
73468
73468
73469
73470
73470
73471
73472
73473
73473
73474
73475
73475
73476
73477
73477
73478
73479
73480
73480
73481
73482
73482
73483
73484
73484
73485
73486
73487
73487
73488
73489
73489
73490
73491
73491
73492
73493
73494
73494
73495
73496
73496
73497
73498
73498
73499
73500
73501
73501
73502
73503
73503
73504
73505
73505
73506
73507
73508
73508
73509
73510
73510
73511
73512
73512
73513
73514
73515
73515
73516
73517
73517
73518
73519
73519
73520
73521
73522
73522
73523
73524
73524
73525
73526
73526
73527
73528
73529
73529
73530
73531
73531
73532
73533
73533
73534
73535
73536
73536
73537
73538
73538
73539
73540
73540
73541
73542
73543
73543
73544
73545
73545
73546
73547
73547
73548
73549
73550
73550
73551
73552
73552
