6637.2
6637.9
6638.6
6639.3
6640
6640.7
6641.4
6642.1
6642.8
6643.5
6644.2
6644.9
6645.6
6646.3
6647
6647.7
6648.4
6649.1
6649.8
6650.5
6651.2
6651.9
6652.6
6653.3
6654
6654.7
6655.4
6656.1
6656.8
6657.5
6658.2
6658.9
6659.6
6660.3
6661
6661.7
6662.4
6663.1
6663.8
6664.5
6665.2
6665.9
6666.6
6667.3
6668
6668.7
6669.4
6670.1
6670.8
6671.5
6672.2
6672.9
6673.6
6674.3
6675
6675.7
6676.4
6677.1
6677.8
6678.5
6679.2
6679.9
6680.6
6681.3
6682
6682.7
6683.4
6684.1
6684.8
6685.5
6686.2
6686.9
6687.6
6688.3
6689
6689.7
6690.4
6691.1
6691.8
6692.5
6693.2
6693.9
6694.6
6695.3
6696
6696.7
6697.4
6698.1
6698.8
6699.5
6700.2
6700.9
6701.6
6702.3
6703
6703.7
6704.4
6705.1
6705.8
6706.5
6707.2
6707.9
6708.6
6709.3
6710
6710.7
6711.4
6712.1
6712.8
6713.5
6714.2
6714.9
6715.6
6716.3
6717
6717.7
6718.4
6719.1
6719.8
6720.5
6721.2
6721.9
6722.6
6723.3
6724
6724.7
6725.4
6726.1
6726.8
6727.5
6728.2
6728.9
6729.6
6730.3
6731
6731.7
6732.4
6733.1
6733.8
6734.5
6735.2
6735.9
6736.6
6737.3
6738
6738.7
6739.4
6740.1
6740.8
6741.5
6742.2
6742.9
6743.6
6744.3
6745
6745.7
6746.4
6747.1
6747.8
6748.5
6749.2
6749.9
6750.6
6751.3
6752
6752.7
6753.4
6754.1
6754.8
6755.5
6756.2
6756.9
6757.6
6758.3
6759
6759.7
6760.4
6761.1
6761.8
6762.5
6763.2
6763.9
6764.6
6765.3
6766
6766.7
6767.4
6768.1
6768.8
6769.5
6770.2
6770.9
6771.6
6772.3
6773
6773.7
6774.4
6775.1
6775.8
6776.5
6777.2
6777.9
6778.6
6779.3
6780
6780.7
6781.4
6782.1
6782.8
6783.5
6784.2
6784.9
6785.6
6786.3
6787
6787.7
6788.4
6789.1
6789.8
6790.5
6791.2
6791.9
6792.6
6793.3
6794
6794.7
6795.4
6796.1
6796.8
6797.5
6798.2
6798.9
6799.6
6800.3
6801
6801.7
6802.4
6803.1
6803.8
6804.5
6805.2
6805.9
6806.6
6807.3
6808
6808.7
6809.4
6810.1
6810.8
6811.5
6812.2
6812.9
6813.6
6814.3
6815
6815.7
6816.4
6817.1
6817.8
6818.5
6819.2
6819.9
6820.6
6821.3
6822
6822.7
6823.4
6824.1
6824.8
6825.5
6826.2
6826.9
6827.6
6828.3
6829
6829.7
6830.4
6831.1
6831.8
6832.5
6833.2
6833.9
6834.6
6835.3
6836
6836.7
6837.4
6838.1
6838.8
6839.5
6840.2
6840.9
6841.6
6842.3
6843
6843.7
6844.4
6845.1
6845.8
6846.5
6847.2
6847.9
6848.6
6849.3
6850
6850.7
6851.4
6852.1
6852.8
6853.5
6854.2
6854.9
6855.6
6856.3
6857
6857.7
6858.4
6859.1
6859.8
6860.5
6861.2
6861.9
6862.6
6863.3
6864
6864.7
6865.4
6866.1
6866.8
6867.5
6868.2
6868.9
6869.6
6870.3
6871
6871.7
6872.4
6873.1
6873.8
6874.5
6875.2
6875.9
6876.6
6877.3
6878
6878.7
6879.4
6880.1
6880.8
6881.5
6882.2
6882.9
6883.6
6884.3
6885
6885.7
6886.4
6887.1
6887.8
6888.5
6889.2
6889.9
6890.6
6891.3
6892
6892.7
6893.4
6894.1
6894.8
6895.5
6896.2
6896.9
6897.6
6898.3
6899
6899.7
6900.4
6901.1
6901.8
6902.5
6903.2
6903.9
6904.6
6905.3
6906
6906.7
6907.4
6908.1
6908.8
6909.5
6910.2
6910.9
6911.6
6912.3
6913
6913.7
6914.4
6915.1
6915.8
6916.5
6917.2
6917.9
6918.6
6919.3
6920
6920.7
6921.4
6922.1
6922.8
6923.5
6924.2
6924.9
6925.6
6926.3
6927
6927.7
6928.4
6929.1
6929.8
6930.5
6931.2
6931.9
6932.6
6933.3
6934
6934.7
6935.4
6936.1
6936.8
6937.5
6938.2
6938.9
6939.6
6940.3
6941
6941.7
6942.4
6943.1
6943.8
6944.5
6945.2
6945.9
6946.6
6947.3
6948
6948.7
6949.4
6950.1
6950.8
6951.5
6952.2
6952.9
6953.6
6954.3
6955
6955.7
6956.4
6957.1
6957.8
6958.5
6959.2
6959.9
6960.6
6961.3
6962
6962.7
6963.4
6964.1
6964.8
6965.5
6966.2
6966.9
6967.6
6968.3
6969
6969.7
6970.4
6971.1
6971.8
6972.5
6973.2
6973.9
6974.6
6975.3
6976
6976.7
6977.4
6978.1
6978.8
6979.5
6980.2
6980.9
6981.6
6982.3
6983
6983.7
6984.4
6985.1
6985.8
6986.5
6987.2
6987.9
6988.6
6989.3
6990
6990.7
6991.4
6992.1
6992.8
6993.5
6994.2
6994.9
6995.6
6996.3
6997
6997.7
6998.4
6999.1
6999.8
7000.5
7001.2
7001.9
7002.6
7003.3
7004
7004.7
7005.4
7006.1
7006.8
7007.5
7008.2
7008.9
7009.6
7010.3
7011
7011.7
7012.4
7013.1
7013.8
7014.5
7015.2
7015.9
7016.6
7017.3
7018
7018.7
7019.4
7020.1
7020.8
7021.5
7022.2
7022.9
7023.6
7024.3
7025
7025.7
7026.4
7027.1
7027.8
7028.5
7029.2
7029.9
7030.6
7031.3
7032
7032.7
7033.4
7034.1
7034.8
7035.5
7036.2
7036.9
7037.6
7038.3
7039
7039.7
7040.4
7041.1
7041.8
7042.5
7043.2
7043.9
7044.6
7045.3
7046
7046.7
7047.4
7048.1
7048.8
7049.5
7050.2
7050.9
7051.6
7052.3
7053
7053.7
7054.4
7055.1
7055.8
7056.5
7057.2
7057.9
7058.6
7059.3
7060
7060.7
7061.4
7062.1
7062.8
7063.5
7064.2
7064.9
7065.6
7066.3
7067
