72337
72338
72338
72339
72340
72340
72341
72342
72342
72343
72344
72345
72345
72346
72347
72347
72348
72349
72349
72350
72351
72352
72352
72353
72354
72354
72355
72356
72356
72357
72358
72359
72359
72360
72361
72361
72362
72363
72363
72364
72365
72366
72366
72367
72368
72368
72369
72370
72370
72371
72372
72373
72373
72374
72375
72375
72376
72377
72377
72378
72379
72380
72380
72381
72382
72382
72383
72384
72384
72385
72386
72387
72387
72388
72389
72389
72390
72391
72391
72392
72393
72394
72394
72395
72396
72396
72397
72398
72398
72399
72400
72401
72401
72402
72403
72403
72404
72405
72405
72406
72407
72408
72408
72409
72410
72410
72411
72412
72412
72413
72414
72415
72415
72416
72417
72417
72418
72419
72419
72420
72421
72422
72422
72423
72424
72424
72425
72426
72426
72427
72428
72429
72429
72430
72431
72431
72432
72433
72433
72434
72435
72436
72436
72437
72438
72438
72439
72440
72440
72441
72442
72443
72443
72444
72445
72445
72446
72447
72447
72448
72449
72450
72450
72451
72452
72452
72453
72454
72454
72455
72456
72457
72457
72458
72459
72459
72460
72461
72461
72462
72463
72464
72464
72465
72466
72466
72467
72468
72468
72469
72470
72471
72471
72472
72473
72473
72474
72475
72475
72476
72477
72478
72478
72479
72480
72480
72481
72482
72482
72483
72484
72485
72485
72486
72487
72487
72488
72489
72489
72490
72491
72492
72492
72493
72494
72494
72495
72496
72496
72497
72498
72499
72499
72500
72501
72501
72502
72503
72503
72504
72505
72506
72506
72507
72508
72508
72509
72510
72510
72511
72512
72513
72513
72514
72515
72515
72516
72517
72517
72518
72519
72520
72520
72521
72522
72522
72523
72524
72524
72525
72526
72527
72527
72528
72529
72529
72530
72531
72531
72532
72533
72534
72534
72535
72536
72536
72537
72538
72538
72539
72540
72541
72541
72542
72543
72543
72544
72545
72545
72546
72547
72548
72548
72549
72550
72550
72551
72552
72552
72553
72554
72555
72555
72556
72557
72557
72558
72559
72559
72560
72561
72562
72562
72563
72564
72564
72565
72566
72566
72567
72568
72569
72569
72570
72571
72571
72572
72573
72573
72574
72575
72576
72576
72577
72578
72578
72579
72580
72580
72581
72582
72583
72583
72584
72585
72585
72586
72587
72587
72588
72589
72590
72590
72591
72592
72592
72593
72594
72594
72595
72596
72597
72597
72598
72599
72599
72600
72601
72601
72602
72603
72604
72604
72605
72606
72606
72607
72608
72608
72609
72610
72611
72611
72612
72613
72613
72614
72615
72615
72616
72617
72618
72618
72619
72620
72620
72621
72622
72622
72623
72624
72625
72625
72626
72627
72627
72628
72629
72629
72630
72631
72632
72632
72633
72634
72634
72635
72636
72636
72637
72638
72639
72639
72640
72641
72641
72642
72643
72643
72644
72645
72646
72646
72647
72648
72648
72649
72650
72650
72651
72652
72653
72653
72654
72655
72655
72656
72657
72657
72658
72659
72660
72660
72661
72662
72662
72663
72664
72664
72665
72666
72667
72667
72668
72669
72669
72670
72671
72671
72672
72673
72674
72674
72675
72676
72676
72677
72678
72678
72679
72680
72681
72681
72682
72683
72683
72684
72685
72685
72686
72687
72688
72688
72689
72690
72690
72691
72692
72692
72693
72694
72695
72695
72696
72697
72697
72698
72699
72699
72700
72701
72702
72702
72703
72704
72704
72705
72706
72706
72707
72708
72709
72709
72710
72711
72711
72712
72713
72713
72714
72715
72716
72716
72717
72718
72718
72719
72720
72720
72721
72722
72723
72723
72724
72725
72725
72726
72727
72727
72728
72729
72730
72730
72731
72732
72732
72733
72734
72734
72735
72736
72737
72737
72738
72739
72739
72740
72741
72741
72742
72743
72744
72744
72745
72746
72746
72747
72748
72748
72749
72750
72751
72751
72752
72753
72753
72754
72755
72755
72756
72757
72758
