8.6813	8.6813	8.6812	8.6814	8.6812	8.6814	8.6813	8.6813	8.6814	8.6814	8.6813	8.6816	8.6813	8.6815	8.6815	8.6815	8.6815	8.6816	8.6815	8.6817	8.6814	8.6816	8.6816	8.6815	8.6816	8.6816	8.6816	8.6817	8.6816	8.6817	8.6817	8.6816	8.6817	8.6816	8.6816	8.6818	8.6816	8.6818	8.6818	8.6817	8.6818	8.6817	8.6817	8.6818	8.6817	8.6818	8.6818	8.6818	8.6819	8.6819	8.6819	8.682	8.6819	8.682	8.6821	8.682	8.6822	8.6821	8.6821	8.6822	8.6821	8.6822	8.6823	8.6821	8.6823	8.6822	8.6822	8.6824	8.6823	8.6823	8.6825
7.9264	7.9264	7.9263	7.9265	7.9262	7.9265	7.9263	7.9264	7.9265	7.9265	7.9264	7.9266	7.9264	7.9266	7.9265	7.9266	7.9266	7.9266	7.9266	7.9267	7.9265	7.9267	7.9266	7.9266	7.9267	7.9266	7.9266	7.9267	7.9266	7.9267	7.9267	7.9266	7.9267	7.9267	7.9267	7.9268	7.9267	7.9268	7.9268	7.9267	7.9268	7.9267	7.9267	7.9268	7.9267	7.9268	7.9269	7.9268	7.9269	7.9269	7.9269	7.927	7.9269	7.927	7.9271	7.927	7.9272	7.9271	7.9271	7.9272	7.9271	7.9271	7.9273	7.9271	7.9273	7.9272	7.9272	7.9273	7.9273	7.9273	7.9274
7.1745	7.1745	7.1744	7.1747	7.1744	7.1746	7.1745	7.1746	7.1746	7.1746	7.1746	7.1748	7.1745	7.1747	7.1746	7.1747	7.1747	7.1748	7.1747	7.1749	7.1746	7.1748	7.1747	7.1747	7.1748	7.1748	7.1747	7.1749	7.1747	7.1748	7.1748	7.1747	7.1748	7.1748	7.1748	7.1749	7.1748	7.1749	7.1749	7.1748	7.1749	7.1748	7.1748	7.1749	7.1748	7.1749	7.175	7.1749	7.175	7.175	7.175	7.1751	7.175	7.1751	7.1752	7.1751	7.1753	7.1752	7.1752	7.1753	7.1752	7.1752	7.1753	7.1752	7.1753	7.1753	7.1753	7.1754	7.1753	7.1754	7.1755
6.4145	6.4146	6.4145	6.4147	6.4144	6.4147	6.4145	6.4146	6.4146	6.4146	6.4146	6.4148	6.4145	6.4147	6.4146	6.4147	6.4147	6.4148	6.4147	6.4149	6.4146	6.4148	6.4147	6.4147	6.4148	6.4148	6.4147	6.4148	6.4147	6.4148	6.4148	6.4147	6.4148	6.4147	6.4148	6.4149	6.4148	6.4149	6.4149	6.4148	6.4149	6.4148	6.4148	6.4149	6.4148	6.4149	6.4149	6.4148	6.415	6.4149	6.415	6.4151	6.415	6.415	6.4151	6.415	6.4152	6.4151	6.4152	6.4153	6.4152	6.4152	6.4153	6.4151	6.4153	6.4152	6.4152	6.4153	6.4153	6.4153	6.4154
5.6666	5.6666	5.6665	5.6667	5.6665	5.6667	5.6666	5.6666	5.6667	5.6667	5.6666	5.6668	5.6666	5.6668	5.6667	5.6668	5.6668	5.6668	5.6668	5.6669	5.6667	5.6668	5.6668	5.6667	5.6668	5.6668	5.6667	5.6669	5.6667	5.6668	5.6668	5.6667	5.6668	5.6667	5.6668	5.6669	5.6668	5.6669	5.6669	5.6668	5.6669	5.6668	5.6668	5.6669	5.6668	5.6669	5.6669	5.6668	5.667	5.6669	5.6669	5.6671	5.6669	5.667	5.6671	5.667	5.6672	5.6671	5.6671	5.6672	5.6671	5.6671	5.6672	5.6671	5.6672	5.6672	5.6672	5.6673	5.6672	5.6673	5.6674
4.9109	4.9109	4.9108	4.911	4.9108	4.911	4.9109	4.9109	4.911	4.911	4.9109	4.9111	4.9109	4.9111	4.911	4.911	4.9111	4.9111	4.911	4.9112	4.9109	4.9111	4.911	4.911	4.9111	4.911	4.911	4.9111	4.911	4.9111	4.9111	4.911	4.9111	4.911	4.911	4.9111	4.911	4.9112	4.9111	4.9111	4.9111	4.911	4.9111	4.9112	4.911	4.9111	4.9111	4.9111	4.9112	4.9111	4.9112	4.9113	4.9112	4.9112	4.9113	4.9112	4.9114	4.9113	4.9114	4.9115	4.9114	4.9114	4.9115	4.9113	4.9115	4.9114	4.9114	4.9115	4.9114	4.9115	4.9116
4.1549	4.1549	4.1549	4.1551	4.1548	4.1551	4.1549	4.155	4.155	4.155	4.155	4.1551	4.1549	4.1551	4.155	4.1551	4.1551	4.1551	4.1551	4.1552	4.155	4.1551	4.155	4.155	4.1551	4.155	4.155	4.1551	4.155	4.1551	4.1551	4.155	4.1551	4.155	4.155	4.1551	4.155	4.1551	4.1551	4.155	4.1551	4.155	4.1551	4.1551	4.155	4.1551	4.1551	4.155	4.1552	4.1551	4.1552	4.1553	4.1551	4.1552	4.1553	4.1552	4.1554	4.1553	4.1553	4.1554	4.1553	4.1553	4.1554	4.1553	4.1554	4.1553	4.1553	4.1554	4.1554	4.1554	4.1555
3.3992	3.3992	3.3991	3.3993	3.399	3.3993	3.3991	3.3992	3.3992	3.3992	3.3992	3.3993	3.3991	3.3993	3.3992	3.3993	3.3993	3.3993	3.3993	3.3994	3.3992	3.3993	3.3992	3.3992	3.3993	3.3992	3.3992	3.3993	3.3992	3.3993	3.3993	3.3992	3.3993	3.3992	3.3992	3.3993	3.3992	3.3993	3.3993	3.3992	3.3993	3.3992	3.3992	3.3993	3.3992	3.3993	3.3993	3.3992	3.3994	3.3992	3.3993	3.3994	3.3993	3.3994	3.3994	3.3993	3.3995	3.3994	3.3995	3.3996	3.3995	3.3995	3.3996	3.3994	3.3996	3.3995	3.3995	3.3996	3.3995	3.3996	3.3997
2.6477	2.6477	2.6476	2.6478	2.6476	2.6478	2.6476	2.6477	2.6477	2.6477	2.6477	2.6479	2.6476	2.6478	2.6477	2.6478	2.6478	2.6478	2.6478	2.6479	2.6477	2.6478	2.6477	2.6477	2.6478	2.6477	2.6477	2.6478	2.6477	2.6478	2.6478	2.6477	2.6478	2.6477	2.6477	2.6478	2.6477	2.6478	2.6478	2.6477	2.6478	2.6476	2.6477	2.6478	2.6477	2.6478	2.6478	2.6477	2.6478	2.6477	2.6478	2.6479	2.6478	2.6478	2.6479	2.6478	2.648	2.6479	2.6479	2.648	2.6479	2.6479	2.648	2.6479	2.648	2.6479	2.6479	2.648	2.648	2.648	2.6481
1.8937	1.8937	1.8936	1.8938	1.8935	1.8938	1.8936	1.8937	1.8937	1.8937	1.8937	1.8938	1.8936	1.8938	1.8937	1.8937	1.8938	1.8938	1.8938	1.8939	1.8937	1.8938	1.8937	1.8937	1.8937	1.8937	1.8937	1.8938	1.8936	1.8937	1.8937	1.8937	1.8937	1.8936	1.8937	1.8937	1.8936	1.8938	1.8937	1.8936	1.8937	1.8936	1.8937	1.8937	1.8936	1.8937	1.8937	1.8936	1.8938	1.8936	1.8937	1.8938	1.8937	1.8938	1.8938	1.8937	1.8939	1.8938	1.8938	1.8939	1.8938	1.8938	1.8939	1.8938	1.8939	1.8938	1.8938	1.8939	1.8939	1.8939	1.894
1.1424	1.1424	1.1424	1.1425	1.1423	1.1425	1.1423	1.1425	1.1424	1.1424	1.1424	1.1426	1.1423	1.1425	1.1424	1.1425	1.1425	1.1425	1.1425	1.1426	1.1424	1.1425	1.1424	1.1424	1.1425	1.1424	1.1424	1.1425	1.1423	1.1424	1.1424	1.1424	1.1424	1.1423	1.1424	1.1424	1.1423	1.1424	1.1424	1.1423	1.1424	1.1423	1.1424	1.1424	1.1423	1.1424	1.1424	1.1423	1.1425	1.1423	1.1424	1.1425	1.1424	1.1424	1.1425	1.1424	1.1426	1.1425	1.1425	1.1426	1.1425	1.1425	1.1426	1.1424	1.1426	1.1425	1.1425	1.1425	1.1425	1.1426	1.1427
0.38476	0.38475	0.38472	0.38486	0.38462	0.38487	0.38467	0.38478	0.38477	0.38476	0.38476	0.38488	0.38466	0.38483	0.38472	0.38478	0.38482	0.3848	0.38481	0.38489	0.3847	0.38484	0.38472	0.3847	0.38476	0.38465	0.38467	0.38475	0.38465	0.38473	0.38471	0.38467	0.38474	0.38458	0.38468	0.3847	0.38458	0.38473	0.3847	0.38462	0.38472	0.38454	0.38466	0.38468	0.38457	0.38466	0.38464	0.38455	0.38474	0.38457	0.38467	0.38475	0.38465	0.3847	0.38477	0.38466	0.38484	0.38472	0.38477	0.38485	0.38475	0.38477	0.38482	0.38469	0.38485	0.38473	0.38476	0.38479	0.38477	0.3848	0.38491
0.36827	0.36829	0.36832	0.36819	0.36842	0.36817	0.36838	0.36826	0.36828	0.36829	0.36828	0.36817	0.36839	0.36822	0.36833	0.36828	0.36823	0.36827	0.36825	0.36818	0.36836	0.36823	0.36835	0.36837	0.3683	0.36843	0.3684	0.36833	0.36843	0.36835	0.36837	0.36841	0.36833	0.3685	0.3684	0.3684	0.36851	0.36836	0.3684	0.36848	0.36837	0.36856	0.36843	0.36843	0.36853	0.36845	0.36846	0.36856	0.36836	0.36854	0.36843	0.36837	0.36845	0.36841	0.36835	0.36845	0.36828	0.36841	0.36834	0.36828	0.36837	0.36836	0.3683	0.36843	0.36827	0.3684	0.36837	0.36834	0.36836	0.36833	0.36824
1.1225	1.1226	1.1226	1.1225	1.1227	1.1224	1.1227	1.1225	1.1226	1.1226	1.1226	1.1225	1.1227	1.1225	1.1226	1.1226	1.1225	1.1226	1.1225	1.1225	1.1226	1.1225	1.1226	1.1227	1.1226	1.1227	1.1227	1.1226	1.1227	1.1227	1.1227	1.1227	1.1226	1.1228	1.1227	1.1227	1.1228	1.1227	1.1227	1.1228	1.1227	1.1229	1.1227	1.1227	1.1228	1.1228	1.1228	1.1229	1.1227	1.1229	1.1228	1.1227	1.1228	1.1227	1.1227	1.1228	1.1226	1.1227	1.1227	1.1226	1.1227	1.1227	1.1226	1.1228	1.1226	1.1228	1.1227	1.1227	1.1227	1.1227	1.1226
1.876	1.876	1.876	1.8759	1.8761	1.8759	1.8761	1.876	1.876	1.876	1.876	1.8759	1.8761	1.8759	1.8761	1.876	1.876	1.876	1.876	1.8759	1.8761	1.876	1.8761	1.8761	1.8761	1.8762	1.8762	1.8761	1.8762	1.8761	1.8761	1.8762	1.8761	1.8763	1.8762	1.8762	1.8763	1.8762	1.8762	1.8763	1.8762	1.8764	1.8762	1.8762	1.8763	1.8763	1.8763	1.8764	1.8762	1.8764	1.8763	1.8762	1.8763	1.8762	1.8762	1.8763	1.8761	1.8763	1.8762	1.8761	1.8762	1.8762	1.8762	1.8763	1.8761	1.8763	1.8762	1.8762	1.8762	1.8762	1.8761
2.6272	2.6272	2.6272	2.6271	2.6273	2.6271	2.6273	2.6272	2.6272	2.6272	2.6272	2.6271	2.6273	2.6272	2.6273	2.6272	2.6272	2.6272	2.6272	2.6272	2.6273	2.6272	2.6273	2.6273	2.6273	2.6274	2.6274	2.6274	2.6274	2.6274	2.6274	2.6274	2.6273	2.6275	2.6274	2.6274	2.6275	2.6274	2.6275	2.6275	2.6274	2.6276	2.6275	2.6275	2.6276	2.6275	2.6275	2.6276	2.6274	2.6277	2.6275	2.6275	2.6275	2.6275	2.6275	2.6276	2.6274	2.6275	2.6275	2.6274	2.6275	2.6275	2.6274	2.6276	2.6274	2.6276	2.6275	2.6275	2.6275	2.6275	2.6274
3.3843	3.3843	3.3843	3.3843	3.3844	3.3842	3.3844	3.3843	3.3843	3.3844	3.3843	3.3843	3.3845	3.3843	3.3844	3.3844	3.3843	3.3844	3.3844	3.3843	3.3845	3.3844	3.3845	3.3845	3.3845	3.3846	3.3845	3.3845	3.3846	3.3845	3.3846	3.3846	3.3845	3.3847	3.3846	3.3846	3.3847	3.3846	3.3846	3.3847	3.3846	3.3848	3.3847	3.3847	3.3848	3.3847	3.3847	3.3848	3.3846	3.3849	3.3847	3.3847	3.3847	3.3847	3.3847	3.3848	3.3846	3.3848	3.3847	3.3846	3.3847	3.3847	3.3847	3.3848	3.3846	3.3848	3.3847	3.3847	3.3848	3.3847	3.3847
4.1401	4.1402	4.1402	4.1401	4.1403	4.1401	4.1403	4.1402	4.1402	4.1402	4.1402	4.1401	4.1403	4.1401	4.1403	4.1402	4.1402	4.1403	4.1402	4.1402	4.1403	4.1402	4.1404	4.1404	4.1403	4.1405	4.1404	4.1404	4.1405	4.1404	4.1404	4.1405	4.1404	4.1406	4.1405	4.1405	4.1406	4.1405	4.1405	4.1406	4.1405	4.1407	4.1405	4.1406	4.1407	4.1406	4.1406	4.1407	4.1405	4.1408	4.1406	4.1406	4.1406	4.1406	4.1406	4.1407	4.1405	4.1407	4.1406	4.1406	4.1406	4.1406	4.1406	4.1407	4.1405	4.1407	4.1406	4.1407	4.1407	4.1406	4.1406
4.8919	4.892	4.892	4.8919	4.8921	4.8919	4.8921	4.892	4.892	4.8921	4.892	4.892	4.8921	4.892	4.8921	4.8921	4.892	4.8921	4.892	4.892	4.8922	4.8921	4.8922	4.8922	4.8922	4.8923	4.8922	4.8923	4.8923	4.8923	4.8923	4.8923	4.8922	4.8924	4.8923	4.8924	4.8925	4.8924	4.8924	4.8925	4.8923	4.8926	4.8924	4.8925	4.8925	4.8925	4.8925	4.8926	4.8924	4.8927	4.8925	4.8925	4.8925	4.8925	4.8925	4.8926	4.8924	4.8926	4.8925	4.8925	4.8925	4.8925	4.8925	4.8926	4.8924	4.8926	4.8926	4.8926	4.8926	4.8925	4.8925
5.6436	5.6437	5.6437	5.6436	5.6438	5.6436	5.6438	5.6437	5.6437	5.6438	5.6437	5.6437	5.6438	5.6437	5.6438	5.6438	5.6437	5.6438	5.6438	5.6438	5.6439	5.6438	5.6439	5.6439	5.6439	5.6441	5.644	5.644	5.6441	5.644	5.644	5.6441	5.644	5.6442	5.6441	5.6441	5.6442	5.6441	5.6442	5.6442	5.6441	5.6443	5.6442	5.6442	5.6443	5.6443	5.6443	5.6444	5.6442	5.6444	5.6443	5.6443	5.6443	5.6443	5.6442	5.6443	5.6442	5.6443	5.6442	5.6443	5.6443	5.6443	5.6443	5.6444	5.6442	5.6444	5.6443	5.6444	5.6444	5.6443	5.6443
6.4013	6.4013	6.4013	6.4013	6.4014	6.4012	6.4014	6.4013	6.4013	6.4014	6.4013	6.4013	6.4015	6.4013	6.4015	6.4014	6.4014	6.4015	6.4014	6.4014	6.4015	6.4015	6.4016	6.4016	6.4015	6.4017	6.4016	6.4017	6.4017	6.4017	6.4017	6.4017	6.4016	6.4018	6.4017	6.4018	6.4019	6.4018	6.4018	6.4019	6.4018	6.402	6.4018	6.4019	6.402	6.4019	6.402	6.4021	6.4019	6.4021	6.4019	6.402	6.402	6.4019	6.4019	6.402	6.4019	6.402	6.4019	6.4019	6.402	6.402	6.402	6.4021	6.4019	6.4021	6.402	6.4021	6.4021	6.402	6.402
7.1569	7.1569	7.1569	7.1569	7.157	7.1569	7.1571	7.1569	7.157	7.157	7.157	7.157	7.1571	7.157	7.1571	7.1571	7.157	7.1571	7.157	7.1571	7.1572	7.1571	7.1572	7.1572	7.1572	7.1574	7.1573	7.1573	7.1574	7.1573	7.1574	7.1574	7.1573	7.1575	7.1574	7.1575	7.1575	7.1574	7.1575	7.1576	7.1574	7.1577	7.1575	7.1576	7.1576	7.1576	7.1576	7.1577	7.1575	7.1578	7.1576	7.1577	7.1577	7.1576	7.1576	7.1577	7.1576	7.1577	7.1576	7.1577	7.1577	7.1577	7.1577	7.1578	7.1576	7.1578	7.1577	7.1578	7.1578	7.1578	7.1578
7.909	7.909	7.909	7.909	7.9091	7.909	7.9092	7.9091	7.9091	7.9092	7.9091	7.9091	7.9092	7.9091	7.9092	7.9092	7.9091	7.9092	7.9092	7.9092	7.9093	7.9092	7.9093	7.9094	7.9093	7.9095	7.9094	7.9095	7.9095	7.9095	7.9095	7.9095	7.9094	7.9096	7.9095	7.9096	7.9097	7.9096	7.9096	7.9097	7.9096	7.9098	7.9097	7.9097	7.9098	7.9098	7.9098	7.9099	7.9097	7.91	7.9098	7.9099	7.9098	7.9098	7.9098	7.9099	7.9098	7.9099	7.9098	7.9098	7.9099	7.9099	7.9099	7.91	7.9098	7.91	7.9099	7.91	7.91	7.9099	7.91
8.665	8.6651	8.665	8.665	8.6652	8.665	8.6652	8.6651	8.6651	8.6652	8.6651	8.6651	8.6652	8.6651	8.6653	8.6652	8.6652	8.6653	8.6652	8.6653	8.6654	8.6653	8.6654	8.6654	8.6654	8.6656	8.6655	8.6656	8.6656	8.6655	8.6656	8.6656	8.6655	8.6657	8.6656	8.6657	8.6657	8.6657	8.6657	8.6658	8.6657	8.6659	8.6657	8.6658	8.6659	8.6659	8.6659	8.666	8.6658	8.6661	8.6659	8.666	8.6659	8.6659	8.6659	8.666	8.6659	8.666	8.6659	8.666	8.666	8.666	8.666	8.6661	8.6659	8.6661	8.666	8.6661	8.6661	8.6661	8.6661
