7.6985	8.0506	6.9919	6.9835	7.3363	7.6991	6.9874	6.6331	7.7024	5.9205	6.6171	7.6904	7.6925	6.9847	8.4079	7.7002	6.9924	7.3454	7.7084	8.0619	7.3543	6.6473	6.6506	7.7214	6.6504	7.7204	8.087	6.6658	7.7359	6.2888	6.659	6.6618	7.0244	7.3769	7.7396	6.3216	7.3843	7.3865	7.0385	7.3909	8.4634	7.0429	7.0409	6.6791	6.3269	7.0429	7.3923	6.6713	7.3847	7.7483	7.3914	7.3948	8.1088	6.6919	7.766	6.3492	7.4135	7.0672	7.0786	7.785	7.7853	8.1356	8.1356	8.143	7.0827	7.4328	6.7152	7.7863	7.079	8.8527	8.5057
6.5719	7.9752	7.977	7.2118	7.9612	8.3143	8.6668	7.9692	7.2614	6.9038	6.5564	8.3293	7.2785	7.274	7.2766	7.2766	7.9859	7.6251	7.6242	7.2734	8.6787	6.9114	7.9848	7.2777	8.3413	7.9946	7.6374	8.0006	8.0038	7.2963	6.9662	7.6522	7.3045	7.3313	6.9698	6.9686	6.9668	8.036	7.6742	6.6031	8.0258	8.7279	8.03	8.0322	9.0946	6.9666	7.6796	8.3925	7.6853	7.3383	7.3415	7.6927	6.2718	8.0525	6.9993	6.9823	7.7098	7.6931	7.7037	8.418	8.4218	8.7757	9.1396	9.1433	9.147	8.4404	9.1544	8.0977	7.7406	9.1642	8.8055
7.6569	7.2988	7.3007	8.3636	7.6827	8.0185	8.7306	8.0192	7.3079	7.6838	8.383	8.0193	8.0215	7.674	7.3164	7.3191	7.6817	8.3849	7.6879	6.6206	8.394	6.9869	8.0505	7.7037	7.3438	7.7034	6.6497	7.0095	7.7189	7.7185	7.3479	7.0005	8.0634	7.7158	7.0077	8.0708	8.0731	7.7252	8.4279	7.7297	7.732	8.7943	8.0844	8.0827	7.7312	8.4301	7.3686	8.7749	8.0639	8.0568	8.7706	7.3665	8.067	9.131	9.8449	7.7281	8.4321	8.436	9.8603	8.8042	8.4481	9.5188	8.4457	7.7487	8.8062	8.8062	9.5194	8.806	9.509	9.5122	8.805
7.7206	8.0693	7.7024	7.7152	8.4277	7.37	8.0728	7.7252	7.7278	7.7304	8.7931	7.7353	8.798	8.0904	7.7429	7.395	7.3909	8.0936	8.4499	6.6786	7.388	7.0174	7.7309	7.3839	7.027	8.0906	7.3936	8.0971	6.6896	8.103	7.0451	8.8184	7.7607	7.4127	7.7614	8.137	8.1356	7.7839	8.4927	7.0706	7.7716	7.7738	9.5462	8.4884	8.4907	8.133	8.4958	8.4985	8.8515	8.1443	8.8577	8.8609	9.5708	9.2205	7.8002	8.1673	9.2379	8.5282	8.1684	8.5231	8.8771	9.5911	9.245	8.8886	8.5422	9.9661	9.2596	10.324	7.8465	9.6207	9.6237
8.4579	8.46	8.4623	9.1053	8.0474	8.4002	8.0515	7.6902	8.049	6.9878	8.0536	9.1007	7.6828	9.4656	8.3979	8.0507	7.6933	7.6963	5.5786	8.0624	7.7052	7.7086	8.4221	7.7617	7.0146	7.7144	8.4708	7.7604	8.47	8.4694	7.3991	7.7517	7.4042	7.7567	8.1195	9.1822	8.4744	8.837	7.7689	8.4813	7.4233	8.1356	8.4858	7.4238	7.4387	8.1477	8.8566	8.8554	8.1441	7.4274	9.2009	9.2043	8.8575	9.5711	8.5046	8.5081	9.2226	10.297	9.5908	8.1746	9.5989	8.5295	9.5999	8.5299	8.8868	8.8902	9.9504	9.9503	9.9395	10.303	10.305
8.441	8.5446	7.7156	9.4788	8.421	8.7736	8.4261	8.4288	8.4313	7.7236	8.7864	8.0788	7.3711	7.3736	7.3763	7.7358	7.3749	7.3742	7.0499	6.6726	7.0374	7.0405	7.7539	8.1072	8.8205	8.4737	8.4768	9.1902	7.7729	8.486	8.4889	8.1316	7.7841	7.4231	8.1322	7.7806	8.1293	8.8546	8.1428	8.4927	7.7848	8.4972	9.9195	8.5015	9.9238	9.216	9.5685	9.9312	9.574	9.9369	8.5197	9.2305	10.29	8.8696	9.5797	9.5802	8.5372	9.598	9.2416	9.956	10.31	8.8935	10.318	9.9714	10.685	9.9788	9.6224	10.336	11.76	11.052	10.343
8.4577	8.9467	8.8222	7.7249	8.7976	8.7996	7.3843	7.0167	8.0856	8.0908	8.4278	8.4303	8.7927	7.7252	8.438	8.0907	8.0936	7.0262	8.4493	7.3922	8.1052	7.3983	7.4014	7.4015	8.1111	7.7504	7.3999	7.7658	7.0551	7.7557	8.4686	8.4715	8.4744	8.1269	9.1896	9.1921	10.265	8.8469	8.8493	9.2015	9.2038	8.4939	8.8521	8.4903	8.4884	8.847	8.8317	9.1805	9.1732	9.1759	9.5391	9.5424	10.256	9.549	10.613	8.8469	10.621	10.626	10.98	9.5739	9.9253	9.2156	9.2159	9.5762	9.2164	9.2426	10.313	9.945	9.2374	10.659	12.081
8.3674	8.0195	9.0819	9.4049	8.3371	8.6997	9.0523	7.9948	9.0575	8.71	7.6422	7.6448	7.6474	8.0087	7.6478	6.9427	7.2961	6.9412	7.9978	7.6406	7.6434	8.3568	8.3597	8.0129	9.0763	9.0795	8.7326	8.3757	9.4489	7.6716	7.6746	9.0962	6.9647	8.3841	7.3227	8.3877	7.6761	8.0346	9.7969	9.7992	9.8012	9.093	9.4551	9.0972	9.4595	9.4616	9.8138	9.1059	8.7584	10.181	10.18	9.4691	10.529	8.7843	9.8452	9.4958	10.206	9.4922	9.8464	10.561	10.565	10.569	10.573	9.5168	12.001	9.8745	10.938	12.012	10.943	11.652	12.36
7.2634	9.3961	8.6883	8.3303	9.0392	7.2577	7.2523	7.251	8.3084	8.3109	7.7238	8.6659	9.0286	8.3214	9.0343	9.7472	7.9697	8.6827	7.9753	9.0485	7.981	8.6907	7.2697	8.6893	7.2683	7.9839	7.9836	8.6854	8.3384	7.6312	8.3443	9.7674	8.3501	9.0629	9.0657	9.4184	10.131	9.0733	8.7156	9.7855	9.0734	8.3612	8.7094	8.3834	8.3815	9.4401	9.4328	10.495	9.7974	10.86	11.573	11.216	11.579	10.513	10.518	10.172	10.176	9.8301	11.601	9.4714	9.8319	10.893	9.839	9.1294	10.9	10.533	11.607	12.319	11.25	11.962	11.614
7.547	8.4616	8.464	8.8169	8.1092	8.1118	8.8245	7.5361	7.4094	6.4458	8.4737	7.4126	7.7619	7.7612	6.6757	7.3851	8.0847	7.3774	7.3801	7.7332	8.806	7.7387	8.4517	8.4549	8.1081	8.1115	7.7546	8.4681	8.1197	8.1191	7.0482	7.7575	8.1523	8.5013	8.5004	7.7819	9.2049	9.2074	7.439	9.2111	10.273	9.215	9.9272	10.279	10.641	8.8732	10.285	9.5835	10.282	8.8705	8.8691	9.9283	10.634	8.8645	9.5707	10.275	9.9293	9.9334	10.998	10.292	11.716	10.66	10.665	10.309	10.313	11.737	11.026	11.734	10.672	9.2502	9.9938
7.5722	7.5711	8.3055	7.9136	8.6224	7.6958	7.7017	8.9647	8.6172	8.6197	8.2623	8.6252	8.628	8.2708	6.8533	8.6364	7.5689	8.282	7.2209	6.8598	7.5689	6.8733	7.5824	7.9313	7.5745	7.938	7.231	7.9445	7.9476	7.5905	8.3037	8.3067	7.9596	9.0226	9.3856	9.3883	8.3174	7.9657	7.6036	8.3117	8.6697	8.313	8.6625	9.7248	9.3769	9.3789	10.441	10.083	10.796	10.088	9.7403	11.514	10.097	9.0415	10.104	10.815	10.105	9.756	10.107	9.0471	10.473	10.114	11.18	10.474	10.828	10.481	10.833	11.545	12.617	11.199	10.841
8.1394	8.5019	9.2142	7.7868	7.887	7.429	7.9098	7.4318	6.3704	7.0659	8.1289	8.1316	8.8445	7.787	8.1399	8.8528	7.4355	9.2186	8.5114	7.4441	7.0969	7.4499	7.8112	7.1005	7.1001	6.7394	7.4546	7.1042	8.5241	8.1566	9.2297	8.1626	8.8757	8.5285	9.2414	8.8841	8.8868	8.8886	8.8903	10.312	9.954	8.1817	8.5399	8.1779	8.5362	8.9199	9.2783	9.9767	9.9708	9.6231	10.686	10.69	12.113	11.057	11.771	10.705	10.71	10.004	10.368	11.432	9.662	9.3125	10.723	9.6639	8.2688	9.688	10.747	10.389	11.451	12.523	12.165
7.3884	8.1008	9.1732	7.1912	7.7885	7.2013	6.4885	6.7309	7.7998	8.1354	8.1383	8.141	9.2139	7.4363	7.7993	8.5122	8.1551	8.1578	7.8107	8.1637	7.4564	7.1091	7.821	8.1705	6.7497	7.4594	7.1088	7.4539	7.8136	7.4461	8.8693	8.1623	8.8754	9.2384	9.5913	9.244	9.5961	9.948	9.5996	8.8913	8.543	8.5408	9.249	9.2471	9.5953	7.8486	9.6172	9.9656	9.2596	9.262	9.6155	10.329	11.393	10.687	10.34	10.345	10.699	11.063	11.417	10.711	10.001	10.002	10.713	10.003	9.6518	9.6561	10.715	11.067	10.36	10.712	10.713
7.6393	7.9883	7.6424	7.2803	7.3826	7.4521	9.1868	8.3413	9.0544	8.3474	9.0604	8.353	7.6457	6.9382	8.0014	8.0042	7.657	8.0098	7.2988	6.9477	7.2968	5.8756	6.5807	6.5699	8.7035	7.2865	8.3599	8.0029	7.2959	8.3692	9.4325	8.7255	8.0185	9.7917	9.4446	8.0265	7.675	8.3832	7.6709	7.3088	8.7269	9.1202	7.6977	9.8114	9.4634	9.1152	9.8175	10.18	11.952	10.535	10.539	10.192	10.196	10.549	10.202	10.202	9.4924	9.1429	8.4335	9.1442	10.56	9.8508	10.557	9.8492	10.562	10.925	10.927	10.57	10.932	11.994	11.646
7.3551	8.0673	7.3595	8.3925	8.755	7.8155	8.0499	9.1131	7.6961	8.4093	6.2809	5.9299	6.2792	6.2783	7.3533	6.6423	7.6919	7.6947	8.0576	8.7706	7.7033	8.0668	7.7102	8.4236	7.7168	8.0802	8.4335	8.0866	8.088	8.7977	7.3769	8.0863	7.4009	7.7501	8.109	8.8103	8.4522	9.8743	8.4558	10.228	9.8796	8.8212	9.533	10.235	10.236	10.239	9.8901	9.1783	9.1773	9.8868	10.236	8.8116	9.5215	10.222	10.577	10.581	10.935	10.589	11.304	11.308	10.242	10.956	10.959	11.672	10.615	10.258	9.9075	12.036	10.615	11.324	10.998
8.2973	7.9395	7.9419	7.574	7.5729	6.5013	7.5706	7.9159	8.9734	7.9063	8.2692	6.4916	7.5649	7.5675	8.6305	7.5728	6.1551	6.8682	7.9313	7.2241	6.5173	7.5876	7.5871	5.8162	6.5158	7.2515	7.6112	8.3127	7.9558	8.6689	7.2517	8.6751	8.328	9.0412	9.3931	9.0451	8.3369	8.689	8.3407	7.2701	9.0482	8.686	8.3337	9.4173	7.9948	9.0627	8.345	9.7678	9.0607	9.774	9.7773	9.4208	10.844	10.488	10.492	10.856	10.5	10.864	10.505	9.8054	10.866	9.446	9.4454	9.4505	10.51	10.509	10.154	10.867	10.509	11.581	11.934
7.2621	6.5541	8.6868	8.3396	6.9216	7.9944	8.708	8.3512	8.7146	8.0076	8.3607	7.6535	6.5961	7.3071	6.5961	6.9453	6.6102	7.3193	8.0281	6.9486	7.6623	6.2553	7.3192	8.7428	8.036	8.3895	6.9721	8.3957	9.1091	8.0519	8.4052	8.7662	8.4055	8.0537	7.6916	7.6899	7.3379	7.6861	8.7542	8.046	8.3977	9.1097	9.1114	8.763	9.1147	9.8263	9.1178	10.541	9.8335	9.4856	10.545	10.195	9.1244	10.545	9.8345	9.1247	9.141	9.847	10.911	10.566	10.57	10.223	10.576	9.8688	10.582	10.234	10.237	10.239	10.592	10.942	12.01
7.6322	8.3447	7.9869	6.9093	6.9118	7.6246	7.2641	6.9135	7.2791	7.9888	6.916	5.4984	7.6318	6.9244	7.9877	7.9903	6.5826	7.2853	7.6483	6.231	8.3652	8.3686	7.3018	8.0115	6.9507	7.3005	8.0102	8.0362	7.6856	8.3867	7.6797	8.0329	8.0353	8.0376	8.0396	8.4016	9.1138	8.7556	8.0473	8.0492	8.7611	9.1206	8.7582	8.7559	7.6934	8.7514	8.0394	8.3981	9.4474	8.7403	9.1037	10.527	9.1106	9.8242	9.8279	9.4717	11.246	10.19	9.4839	10.908	10.199	9.4886	9.4884	9.4878	8.7769	9.4863	9.4817	11.251	10.895	10.547	9.4795
7.1276	6.7429	6.0177	6.0303	7.0938	8.5175	7.1005	8.1641	6.0469	7.1104	6.7632	6.4062	6.7694	6.7722	7.1253	6.4146	7.834	6.7726	6.7883	6.0775	7.1369	7.1293	6.7827	8.1966	8.5599	8.2031	7.4962	8.2096	7.5026	7.8659	8.2191	8.9321	7.874	8.5828	7.8708	8.2189	7.1569	8.2152	7.5296	6.8273	7.8809	7.5227	8.9447	8.5964	9.3082	8.5999	8.6019	8.9542	10.027	9.3191	8.9619	10.033	9.3226	8.9624	9.3224	8.9625	9.3093	8.6131	8.9638	9.3067	10.371	9.664	9.6673	8.6105	10.384	10.036	10.389	9.3314	10.394	10.397	10.759
7.468	6.7601	6.7625	7.0754	6.7188	8.1428	7.086	6.7255	6.725	7.0845	7.4308	6.3699	6.3597	6.0023	6.3653	6.718	5.3001	7.0839	6.3769	7.0905	7.0935	7.0968	7.1001	6.7431	8.5142	7.4537	7.8032	7.4528	6.7421	7.1184	7.8178	7.4605	8.1727	7.4649	7.1169	8.5294	8.1812	7.823	7.8249	7.8268	8.1886	8.1906	8.5407	7.4783	7.8262	9.2447	7.8492	7.8477	8.1796	8.5549	8.5506	7.8166	8.2067	8.5602	9.9841	9.2777	9.9916	9.2856	9.9997	9.2933	9.2971	9.6591	10.009	8.5886	8.9483	8.5875	8.5867	9.2959	10.722	10.365	11.077
5.7148	6.0639	6.4259	6.4141	7.4949	7.4984	7.1517	6.795	6.7985	6.8018	6.0949	6.808	6.4609	6.464	6.4668	6.8182	6.4675	6.4838	6.8163	5.772	6.4646	6.8222	6.8253	6.8284	7.5419	7.1951	7.1983	7.9017	7.2047	6.4975	7.9106	9.3334	7.2152	8.2758	8.274	6.8516	7.5599	8.285	7.2226	7.5707	7.2123	6.5041	7.5661	8.6282	9.3403	8.2818	8.6337	9.3462	8.6382	8.6406	9.0031	9.0046	8.6436	9.0034	10.774	8.6433	8.6436	9.0041	8.6443	9.6863	9.33	8.9834	8.9869	9.7003	10.054	10.057	9.7097	9.7124	9.7149	10.778	10.07
5.8087	6.1714	7.2348	7.9288	7.9325	7.2257	5.8085	7.2283	5.4443	5.8073	5.7936	5.7928	5.7832	5.7862	6.1492	6.5025	6.8656	5.7985	5.8014	6.5152	6.5183	7.5921	6.885	6.5281	6.8875	6.5268	7.9469	5.8621	6.2223	7.2818	6.1728	7.6341	7.6362	7.9889	6.2205	7.643	7.9952	7.6468	7.6488	7.6505	8.0024	8.0044	7.2932	8.0011	7.9989	9.0572	7.645	7.2833	7.9917	7.2744	7.6338	7.6394	7.9892	7.9919	8.7053	8.3488	9.7728	9.427	8.3607	8.7247	8.3684	8.0194	9.4397	9.0795	9.0793	8.7288	9.4453	8.3674	8.7335	9.7809	10.5
5.5474	6.2546	5.8943	7.6653	7.669	6.2519	5.9054	5.5488	5.9124	5.9155	6.6293	5.2115	6.6355	5.568	4.8605	6.6422	5.5713	5.2201	6.2804	6.2767	6.2787	5.9174	5.5602	6.2741	6.9875	7.7008	6.6431	6.9965	5.9392	8.0724	6.2942	7.3673	7.0093	6.2976	6.296	6.6513	5.9422	6.2872	6.9958	6.2862	6.6398	7.6989	7.7003	7.3517	8.0637	6.995	6.9972	8.0696	8.0716	6.6535	8.4265	7.7161	7.365	8.0741	7.0028	7.0024	9.141	7.3638	8.7749	8.0782	9.1425	7.3685	9.1496	9.8632	8.796	8.4494	8.8024	9.1657	8.1083	9.1708	9.1721
5.2002	5.9147	6.9889	6.6523	4.8845	5.949	5.9486	5.5982	6.2853	5.5973	6.2845	5.5646	5.5675	5.2105	6.2845	5.9274	5.9306	6.2941	5.9373	5.9406	6.3038	5.5969	6.6603	5.5992	5.2654	6.3352	6.6573	6.3065	5.9721	6.3309	6.3257	5.9681	7.0408	6.683	6.6852	6.6872	5.979	5.9812	7.0535	6.6952	6.3465	6.3618	7.0522	6.3563	7.0473	6.3521	7.0604	7.752	8.1125	7.4047	6.6967	7.4096	8.1222	7.7749	8.8381	7.7812	7.785	8.4991	7.7928	7.4366	7.4367	7.437	8.8575	8.1472	8.5071	7.7966	8.5064	8.4928	8.4887	9.5506	8.1447
