60435
60436
60436
60437
60438
60438
60439
60440
60440
60441
60442
60443
60443
60444
60445
60445
60446
60447
60447
60448
60449
60450
60450
60451
60452
60452
60453
60454
60454
60455
60456
60457
60457
60458
60459
60459
60460
60461
60461
60462
60463
60464
60464
60465
60466
60466
60467
60468
60468
60469
60470
60471
60471
60472
60473
60473
60474
60475
60475
60476
60477
60478
60478
60479
60480
60480
60481
60482
60482
60483
60484
60485
60485
60486
60487
60487
60488
60489
60489
60490
60491
60492
60492
60493
60494
60494
60495
60496
60496
60497
60498
60499
60499
60500
60501
60501
60502
60503
60503
60504
60505
60506
60506
60507
60508
60508
60509
60510
60510
60511
60512
60513
60513
60514
60515
60515
60516
60517
60517
60518
60519
60520
60520
60521
60522
60522
60523
60524
60524
60525
60526
60527
60527
60528
60529
60529
60530
60531
60531
60532
60533
60534
60534
60535
60536
60536
60537
60538
60538
60539
60540
60541
60541
60542
60543
60543
60544
60545
60545
60546
60547
60548
60548
60549
60550
60550
60551
60552
60552
60553
60554
60555
60555
60556
60557
60557
60558
60559
60559
60560
60561
60562
60562
60563
60564
60564
60565
60566
60566
60567
60568
60569
60569
60570
60571
60571
60572
60573
60573
60574
60575
60576
60576
60577
60578
60578
60579
60580
60580
60581
60582
60583
60583
60584
60585
60585
60586
60587
60587
60588
60589
60590
60590
60591
60592
60592
60593
60594
60594
60595
60596
60597
60597
60598
60599
60599
60600
60601
60601
60602
60603
60604
60604
60605
60606
60606
60607
60608
60608
60609
60610
60611
60611
60612
60613
60613
60614
60615
60615
60616
60617
60618
60618
60619
60620
60620
60621
60622
60622
60623
60624
60625
60625
60626
60627
60627
60628
60629
60629
60630
60631
60632
60632
60633
60634
60634
60635
60636
60636
60637
60638
60639
60639
60640
60641
60641
60642
60643
60643
60644
60645
60646
60646
60647
60648
60648
60649
60650
60650
60651
60652
60653
60653
60654
60655
60655
60656
60657
60657
60658
60659
60660
60660
60661
60662
60662
60663
60664
60664
60665
60666
60667
60667
60668
60669
60669
60670
60671
60671
60672
60673
60674
60674
60675
60676
60676
60677
60678
60678
60679
60680
60681
60681
60682
60683
60683
60684
60685
60685
60686
60687
60688
60688
60689
60690
60690
60691
60692
60692
60693
60694
60695
60695
60696
60697
60697
60698
60699
60699
60700
60701
60702
60702
60703
60704
60704
60705
60706
60706
60707
60708
60709
60709
60710
60711
60711
60712
60713
60713
60714
60715
60716
60716
60717
60718
60718
60719
60720
60720
60721
60722
60723
60723
60724
60725
60725
60726
60727
60727
60728
60729
60730
60730
60731
60732
60732
60733
60734
60734
60735
60736
60737
60737
60738
60739
60739
60740
60741
60741
60742
60743
60744
60744
60745
60746
60746
60747
60748
60748
60749
60750
60751
60751
60752
60753
60753
60754
60755
60755
60756
60757
60758
60758
60759
60760
60760
60761
60762
60762
60763
60764
60765
60765
60766
60767
60767
60768
60769
60769
60770
60771
60772
60772
60773
60774
60774
60775
60776
60776
60777
60778
60779
60779
60780
60781
60781
60782
60783
60783
60784
60785
60786
60786
60787
60788
60788
60789
60790
60790
60791
60792
60793
60793
60794
60795
60795
60796
60797
60797
60798
60799
60800
60800
60801
60802
60802
60803
60804
60804
60805
60806
60807
60807
60808
60809
60809
60810
60811
60811
60812
60813
60814
60814
60815
60816
60816
60817
60818
60818
60819
60820
60821
60821
60822
60823
60823
60824
60825
60825
60826
60827
60828
60828
60829
60830
60830
60831
60832
60832
60833
60834
60835
60835
60836
60837
60837
60838
60839
60839
60840
60841
60842
60842
60843
60844
60844
60845
60846
60846
60847
60848
60849
60849
60850
60851
60851
60852
60853
60853
60854
60855
60856
60856
60857
60858
60858
60859
60860
60860
