85314
85315
85315
85316
85317
85318
85318
85319
85320
85320
85321
85322
85322
85323
85324
85325
85325
85326
85327
85327
85328
85329
85329
85330
85331
85332
85332
85333
85334
85334
85335
85336
85336
85337
85338
85339
85339
85340
85341
85341
85342
85343
85343
85344
85345
85346
85346
85347
85348
85348
85349
85350
85350
85351
85352
85353
85353
85354
85355
85355
85356
85357
85357
85358
85359
85360
85360
85361
85362
85362
85363
85364
85364
85365
85366
85367
85367
85368
85369
85369
85370
85371
85371
85372
85373
85374
85374
85375
85376
85376
85377
85378
85378
85379
85380
85381
85381
85382
85383
85383
85384
85385
85385
85386
85387
85388
85388
85389
85390
85390
85391
85392
85392
85393
85394
85395
85395
85396
85397
85397
85398
85399
85399
85400
85401
85402
85402
85403
85404
85404
85405
85406
85406
85407
85408
85409
85409
85410
85411
85411
85412
85413
85413
85414
85415
85416
85416
85417
85418
85418
85419
85420
85420
85421
85422
85423
85423
85424
85425
85425
85426
85427
85427
85428
85429
85430
85430
85431
85432
85432
85433
85434
85434
85435
85436
85437
85437
85438
85439
85439
85440
85441
85441
85442
85443
85444
85444
85445
85446
85446
85447
85448
85448
85449
85450
85451
85451
85452
85453
85453
85454
85455
85455
85456
85457
85458
85458
85459
85460
85460
85461
85462
85462
85463
85464
85465
85465
85466
85467
85467
85468
85469
85469
85470
85471
85472
85472
85473
85474
85474
85475
85476
85476
85477
85478
85479
85479
85480
85481
85481
85482
85483
85483
85484
85485
85486
85486
85487
85488
85488
85489
85490
85490
85491
85492
85493
85493
85494
85495
85495
85496
85497
85497
85498
85499
85500
85500
85501
85502
85502
85503
85504
85504
85505
85506
85507
85507
85508
85509
85509
85510
85511
85511
85512
85513
85514
85514
85515
85516
85516
85517
85518
85518
85519
85520
85521
85521
85522
85523
85523
85524
85525
85525
85526
85527
85528
85528
85529
85530
85530
85531
85532
85532
85533
85534
85535
85535
85536
85537
85537
85538
85539
85539
85540
85541
85542
85542
85543
85544
85544
85545
85546
85546
85547
85548
85549
85549
85550
85551
85551
85552
85553
85553
85554
85555
85556
85556
85557
85558
85558
85559
85560
85560
85561
85562
85563
85563
85564
85565
85565
85566
85567
85567
85568
85569
85570
85570
85571
85572
85572
85573
85574
85574
85575
85576
85577
85577
85578
85579
85579
85580
85581
85581
85582
85583
85584
85584
85585
85586
85586
85587
85588
85588
85589
85590
85591
85591
85592
85593
85593
85594
85595
85595
85596
85597
85598
85598
85599
85600
85600
85601
85602
85602
85603
85604
85605
85605
85606
85607
85607
85608
85609
85609
85610
85611
85612
85612
85613
85614
85614
85615
85616
85616
85617
85618
85619
85619
85620
85621
85621
85622
85623
85623
85624
85625
85626
85626
85627
85628
85628
85629
85630
85630
85631
85632
85633
85633
85634
85635
85635
85636
85637
85637
85638
85639
85640
85640
85641
85642
85642
85643
85644
85644
85645
85646
85647
85647
85648
85649
85649
85650
85651
85651
85652
85653
85654
85654
85655
85656
85656
85657
85658
85658
85659
85660
85661
85661
85662
85663
85663
85664
85665
85665
85666
85667
85668
85668
85669
85670
85670
85671
85672
85672
85673
85674
85675
85675
85676
85677
85677
85678
85679
85679
85680
85681
85682
85682
85683
85684
85684
85685
85686
85686
85687
85688
85689
85689
85690
85691
85691
85692
85693
85693
85694
85695
85696
85696
85697
