65820
65821
65821
65822
65823
65823
65824
65825
65826
65826
65827
65828
65828
65829
65830
65830
65831
65832
65833
65833
65834
65835
65835
65836
65837
65837
65838
65839
65840
65840
65841
65842
65842
65843
65844
65844
65845
65846
65847
65847
65848
65849
65849
65850
65851
65851
65852
65853
65854
65854
65855
65856
65856
65857
65858
65858
65859
65860
65861
65861
65862
65863
65863
65864
65865
65865
65866
65867
65868
65868
65869
65870
65870
65871
65872
65872
65873
65874
65875
65875
65876
65877
65877
65878
65879
65879
65880
65881
65882
65882
65883
65884
65884
65885
65886
65886
65887
65888
65889
65889
65890
65891
65891
65892
65893
65893
65894
65895
65896
65896
65897
65898
65898
65899
65900
65900
65901
65902
65903
65903
65904
65905
65905
65906
65907
65907
65908
65909
65910
65910
65911
65912
65912
65913
65914
65914
65915
65916
65917
65917
65918
65919
65919
65920
65921
65921
65922
65923
65924
65924
65925
65926
65926
65927
65928
65928
65929
65930
65931
65931
65932
65933
65933
