35366
35367
35368
35368
35369
35370
35370
35371
35372
35373
35373
35374
35375
35375
35376
35377
35377
35378
35379
35380
35380
35381
35382
35382
35383
35384
35384
35385
35386
35387
35387
35388
35389
35389
35390
35391
35391
35392
35393
35394
35394
35395
35396
35396
35397
35398
35398
35399
35400
35401
35401
35402
35403
35403
35404
35405
35405
35406
35407
35408
35408
35409
35410
35410
35411
35412
35412
35413
35414
35415
35415
35416
35417
35417
35418
35419
35419
35420
35421
35422
35422
35423
35424
35424
35425
35426
35426
35427
35428
35429
35429
35430
35431
35431
35432
35433
35433
35434
35435
35436
35436
35437
35438
35438
35439
35440
35440
35441
35442
35443
35443
35444
35445
35445
35446
35447
35447
35448
35449
35450
35450
35451
35452
35452
35453
35454
35454
35455
35456
35457
35457
35458
35459
35459
35460
35461
35461
35462
35463
35464
35464
35465
35466
35466
35467
35468
35468
35469
35470
35471
35471
35472
35473
35473
35474
35475
35475
35476
35477
35478
35478
35479
35480
35480
35481
35482
35482
35483
35484
35485
35485
35486
35487
35487
35488
35489
35489
35490
35491
35492
35492
35493
35494
35494
35495
35496
35496
35497
35498
35499
35499
35500
35501
35501
35502
35503
35503
35504
35505
35506
35506
35507
35508
35508
35509
35510
35510
35511
35512
35513
35513
35514
35515
35515
35516
35517
35517
35518
35519
35520
35520
35521
35522
35522
35523
35524
35524
35525
35526
35527
35527
35528
35529
35529
35530
35531
35531
35532
35533
35534
35534
35535
35536
35536
35537
35538
35538
35539
35540
35541
35541
35542
35543
35543
35544
35545
35545
35546
35547
35548
35548
35549
35550
35550
35551
35552
35552
35553
35554
35555
35555
35556
35557
35557
35558
35559
35559
35560
35561
35562
35562
35563
35564
35564
35565
35566
35566
35567
35568
35569
35569
35570
35571
35571
35572
35573
35573
35574
35575
35576
35576
35577
35578
35578
35579
35580
35580
35581
35582
35583
35583
35584
35585
35585
35586
35587
35587
35588
35589
35590
35590
35591
35592
35592
35593
35594
35594
35595
35596
35597
35597
35598
35599
35599
35600
35601
35601
35602
35603
35604
35604
35605
35606
35606
35607
