51048
51049
51050
51051
51051
51052
51053
51053
51054
51055
51055
51056
51057
51058
51058
51059
51060
51060
51061
51062
51062
51063
51064
51065
51065
51066
51067
51067
51068
51069
51069
51070
51071
51072
51072
51073
51074
51074
51075
51076
51076
51077
51078
51079
51079
51080
51081
51081
51082
51083
51083
51084
51085
51086
51086
51087
51088
51088
51089
51090
51090
51091
51092
51093
51093
51094
51095
51095
51096
51097
51097
51098
51099
51100
51100
51101
51102
51102
51103
51104
51104
51105
51106
51107
51107
51108
51109
51109
51110
51111
51111
51112
51113
51114
51114
51115
51116
51116
51117
51118
51118
51119
51120
51121
51121
51122
51123
51123
51124
51125
51125
51126
51127
51128
51128
51129
51130
51130
51131
51132
51132
51133
51134
51135
51135
51136
51137
51137
51138
51139
51139
51140
51141
51142
51142
51143
51144
51144
51145
51146
51146
51147
51148
51149
51149
51150
51151
51151
51152
51153
51153
51154
51155
51156
51156
51157
51158
51158
51159
51160
51160
51161
51162
51163
51163
51164
51165
51165
51166
51167
51167
51168
51169
51170
51170
51171
51172
51172
51173
51174
51174
51175
51176
51177
51177
51178
51179
51179
51180
51181
51181
51182
51183
51184
51184
51185
51186
51186
51187
51188
51188
51189
51190
51191
51191
51192
51193
51193
51194
51195
51195
51196
51197
51198
51198
51199
51200
51200
51201
51202
51202
51203
51204
51205
51205
51206
51207
51207
51208
51209
51209
51210
51211
51212
51212
51213
51214
51214
51215
51216
51216
51217
51218
51219
51219
51220
51221
51221
51222
51223
51223
51224
51225
51226
51226
51227
51228
51228
51229
51230
51230
51231
51232
51233
51233
51234
51235
51235
51236
51237
51237
51238
51239
51240
51240
51241
51242
51242
51243
51244
51244
51245
51246
51247
51247
51248
51249
51249
51250
51251
51251
51252
51253
51254
51254
51255
51256
51256
51257
51258
51258
51259
51260
51261
51261
51262
51263
51263
51264
51265
51265
51266
51267
51268
51268
51269
51270
51270
51271
51272
51272
51273
51274
51275
51275
51276
51277
51277
51278
51279
51279
51280
51281
51282
51282
51283
51284
51284
51285
51286
51286
51287
51288
51289
51289
51290
51291
51291
51292
51293
51293
51294
51295
51296
51296
51297
51298
51298
51299
51300
51300
51301
51302
51303
51303
51304
51305
51305
51306
51307
51307
51308
51309
51310
51310
51311
51312
51312
51313
51314
51314
51315
51316
51317
51317
51318
51319
51319
51320
51321
51321
51322
51323
51324
51324
51325
51326
51326
51327
51328
51328
51329
51330
51331
51331
51332
51333
51333
51334
51335
51335
51336
51337
51338
51338
