4117.6
4118.3
4119
4119.7
4120.4
4121.1
4121.8
4122.5
4123.2
4123.9
4124.6
4125.3
4126
4126.7
4127.4
4128.1
4128.8
4129.5
4130.2
4130.9
4131.6
4132.3
4133
4133.7
4134.4
4135.1
4135.8
4136.5
4137.2
4137.9
4138.6
4139.3
4140
4140.7
4141.4
4142.1
4142.8
4143.5
4144.2
4144.9
4145.6
4146.3
4147
4147.7
4148.4
4149.1
4149.8
4150.5
4151.2
4151.9
4152.6
4153.3
4154
4154.7
4155.4
4156.1
4156.8
4157.5
4158.2
4158.9
4159.6
4160.3
4161
4161.7
4162.4
4163.1
4163.8
4164.5
4165.2
4165.9
4166.6
4167.3
4168
4168.7
4169.4
4170.1
4170.8
4171.5
4172.2
4172.9
4173.6
4174.3
4175
4175.7
4176.4
4177.1
4177.8
4178.5
4179.2
4179.9
4180.6
4181.3
4182
4182.7
4183.4
4184.1
4184.8
4185.5
4186.2
4186.9
4187.6
4188.3
4189
4189.7
4190.4
4191.1
4191.8
4192.5
4193.2
4193.9
4194.6
4195.3
4196
4196.7
4197.4
4198.1
4198.8
4199.5
4200.2
4200.9
4201.6
4202.3
4203
4203.7
4204.4
4205.1
4205.8
4206.5
4207.2
4207.9
4208.6
4209.3
4210
4210.7
4211.4
4212.1
4212.8
4213.5
4214.2
4214.9
4215.6
4216.3
4217
4217.7
4218.4
4219.1
4219.8
4220.5
4221.2
4221.9
4222.6
4223.3
4224
4224.7
4225.4
4226.1
4226.8
4227.5
4228.2
4228.9
4229.6
4230.3
4231
4231.7
4232.4
4233.1
4233.8
4234.5
4235.2
4235.9
4236.6
4237.3
4238
4238.7
4239.4
4240.1
4240.8
4241.5
4242.2
4242.9
4243.6
4244.3
4245
4245.7
4246.4
4247.1
4247.8
4248.5
4249.2
4249.9
4250.6
4251.3
4252
4252.7
4253.4
4254.1
4254.8
4255.5
4256.2
4256.9
4257.6
4258.3
4259
4259.7
4260.4
4261.1
4261.8
4262.5
4263.2
4263.9
4264.6
4265.3
4266
4266.7
4267.4
4268.1
4268.8
4269.5
4270.2
4270.9
4271.6
4272.3
4273
4273.7
4274.4
4275.1
4275.8
4276.5
4277.2
4277.9
4278.6
4279.3
4280
4280.7
4281.4
4282.1
4282.8
4283.5
4284.2
4284.9
4285.6
4286.3
4287
4287.7
4288.4
4289.1
4289.8
4290.5
4291.2
4291.9
4292.6
4293.3
4294
4294.7
4295.4
4296.1
4296.8
4297.5
4298.2
4298.9
4299.6
4300.3
4301
4301.7
4302.4
4303.1
4303.8
4304.5
4305.2
4305.9
4306.6
4307.3
4308
4308.7
4309.4
4310.1
4310.8
4311.5
4312.2
4312.9
4313.6
4314.3
4315
4315.7
4316.4
4317.1
4317.8
4318.5
4319.2
4319.9
4320.6
4321.3
4322
4322.7
4323.4
4324.1
4324.8
4325.5
4326.2
4326.9
4327.6
4328.3
4329
4329.7
4330.4
4331.1
4331.8
4332.5
4333.2
4333.9
4334.6
4335.3
4336
4336.7
4337.4
4338.1
4338.8
4339.5
4340.2
4340.9
4341.6
4342.3
4343
4343.7
4344.4
4345.1
4345.8
4346.5
