8039.6
8040.3
8041
8041.7
8042.4
8043.1
8043.8
8044.5
8045.2
8045.9
8046.6
8047.3
8048
8048.7
8049.4
8050.1
8050.8
8051.5
8052.2
8052.9
8053.6
8054.3
8055
8055.7
8056.4
8057.1
8057.8
8058.5
8059.2
8059.9
8060.6
8061.3
8062
8062.7
8063.4
8064.1
8064.8
8065.5
8066.2
8066.9
8067.6
8068.3
8069
8069.7
8070.4
8071.1
8071.8
8072.5
8073.2
8073.9
8074.6
8075.3
8076
8076.7
8077.4
8078.1
8078.8
8079.5
8080.2
8080.9
8081.6
8082.3
8083
8083.7
8084.4
8085.1
8085.8
8086.5
8087.2
8087.9
8088.6
8089.3
8090
8090.7
8091.4
8092.1
8092.8
8093.5
8094.2
8094.9
8095.6
8096.3
8097
8097.7
8098.4
8099.1
8099.8
8100.5
8101.2
8101.9
8102.6
8103.3
8104
8104.7
8105.4
8106.1
8106.8
8107.5
8108.2
8108.9
8109.6
8110.3
8111
8111.7
8112.4
8113.1
8113.8
8114.5
8115.2
8115.9
8116.6
8117.3
8118
8118.7
8119.4
8120.1
8120.8
8121.5
8122.2
8122.9
8123.6
8124.3
8125
8125.7
8126.4
8127.1
8127.8
8128.5
8129.2
8129.9
8130.6
8131.3
8132
8132.7
8133.4
8134.1
8134.8
8135.5
8136.2
8136.9
8137.6
8138.3
8139
8139.7
8140.4
8141.1
8141.8
8142.5
8143.2
8143.9
8144.6
8145.3
8146
8146.7
8147.4
8148.1
8148.8
8149.5
8150.2
8150.9
8151.6
8152.3
8153
8153.7
8154.4
8155.1
8155.8
8156.5
8157.2
8157.9
8158.6
8159.3
8160
8160.7
8161.4
8162.1
8162.8
8163.5
8164.2
8164.9
8165.6
8166.3
8167
8167.7
8168.4
8169.1
8169.8
8170.5
8171.2
8171.9
8172.6
8173.3
8174
8174.7
8175.4
8176.1
8176.8
8177.5
8178.2
8178.9
8179.6
8180.3
8181
8181.7
8182.4
8183.1
8183.8
8184.5
8185.2
8185.9
8186.6
8187.3
8188
8188.7
8189.4
8190.1
8190.8
8191.5
8192.2
8192.9
8193.6
8194.3
8195
8195.7
8196.4
8197.1
8197.8
8198.5
8199.2
8199.9
8200.6
8201.3
8202
8202.7
8203.4
8204.1
8204.8
8205.5
8206.2
8206.9
8207.6
8208.3
8209
8209.7
8210.4
8211.1
8211.8
8212.5
8213.2
8213.9
8214.6
8215.3
8216
8216.7
8217.4
8218.1
8218.8
8219.5
8220.2
8220.9
8221.6
8222.3
8223
8223.7
8224.4
8225.1
8225.8
8226.5
8227.2
8227.9
8228.6
8229.3
8230
8230.7
8231.4
8232.1
8232.8
8233.5
8234.2
8234.9
8235.6
8236.3
8237
8237.7
8238.4
8239.1
8239.8
8240.5
8241.2
8241.9
8242.6
8243.3
8244
8244.7
8245.4
8246.1
8246.8
8247.5
8248.2
8248.9
8249.6
8250.3
8251
8251.7
8252.4
8253.1
8253.8
8254.5
8255.2
8255.9
8256.6
8257.3
8258
8258.7
8259.4
8260.1
8260.8
8261.5
8262.2
8262.9
8263.6
8264.3
