82190
82190
82191
82192
82192
82193
82194
82195
82195
82196
82197
82197
82198
82199
82199
82200
82201
82202
82202
82203
82204
82204
82205
82206
82206
82207
82208
82209
82209
82210
82211
82211
82212
82213
82213
82214
82215
82216
82216
82217
82218
82218
82219
82220
82220
82221
82222
82223
82223
82224
82225
82225
82226
82227
82227
82228
82229
82230
82230
82231
82232
82232
82233
82234
82234
82235
82236
82237
82237
82238
82239
82239
82240
82241
82241
82242
82243
82244
82244
82245
82246
82246
82247
82248
82248
82249
82250
82251
82251
82252
82253
82253
82254
82255
82255
82256
82257
82258
82258
82259
82260
82260
82261
82262
82262
82263
82264
82265
82265
82266
82267
82267
82268
82269
82269
82270
82271
82272
82272
82273
82274
82274
82275
82276
82276
82277
82278
82279
82279
82280
82281
82281
82282
82283
82283
82284
82285
82286
82286
82287
82288
82288
82289
82290
82290
82291
82292
82293
82293
82294
82295
82295
82296
82297
82297
82298
82299
82300
82300
82301
82302
82302
82303
82304
82304
82305
82306
82307
82307
82308
82309
82309
82310
82311
82311
82312
82313
82314
82314
82315
82316
82316
82317
82318
82318
82319
82320
82321
82321
82322
82323
82323
82324
82325
82325
82326
82327
82328
82328
82329
82330
82330
82331
82332
82332
82333
82334
82335
82335
82336
82337
82337
82338
82339
82339
82340
82341
82342
82342
82343
82344
82344
82345
82346
82346
82347
82348
82349
82349
82350
82351
82351
82352
82353
82353
82354
82355
82356
82356
82357
82358
82358
82359
82360
82360
82361
82362
82363
82363
82364
82365
82365
82366
82367
82367
82368
82369
82370
82370
82371
82372
82372
82373
82374
82374
82375
82376
82377
82377
82378
82379
82379
82380
82381
82381
82382
82383
82384
82384
82385
82386
82386
82387
82388
82388
82389
82390
82391
82391
82392
82393
82393
82394
82395
82395
82396
82397
82398
82398
82399
82400
82400
82401
82402
82402
82403
82404
82405
82405
82406
82407
82407
82408
82409
82409
82410
82411
82412
82412
82413
82414
82414
82415
82416
82416
82417
82418
82419
82419
82420
82421
82421
82422
82423
82423
82424
82425
82426
82426
82427
82428
82428
82429
82430
82430
82431
82432
82433
82433
82434
82435
82435
82436
82437
82437
82438
82439
82440
82440
82441
82442
82442
82443
82444
82444
82445
82446
82447
82447
82448
82449
82449
82450
82451
82451
82452
82453
82454
82454
82455
82456
82456
82457
82458
82458
82459
82460
82461
82461
82462
82463
82463
82464
82465
82465
82466
82467
82468
82468
82469
82470
82470
82471
82472
82472
82473
82474
82475
82475
82476
82477
82477
82478
82479
82479
82480
82481
82482
82482
82483
82484
82484
82485
82486
