73520
73521
73521
73522
73523
73524
73524
73525
73526
73526
73527
73528
73528
73529
73530
73531
73531
73532
73533
73533
73534
73535
73535
73536
73537
73538
73538
73539
73540
73540
73541
73542
73542
73543
73544
73545
73545
73546
73547
73547
73548
73549
73549
73550
73551
73552
73552
73553
73554
73554
73555
73556
73556
73557
73558
73559
73559
73560
73561
73561
73562
73563
73563
73564
73565
73566
73566
73567
73568
73568
73569
73570
73570
73571
73572
73573
73573
73574
73575
73575
73576
73577
73577
73578
73579
73580
73580
73581
73582
73582
73583
73584
73584
73585
73586
73587
73587
73588
73589
73589
73590
73591
73591
73592
73593
73594
73594
73595
73596
73596
73597
73598
73598
73599
73600
73601
73601
73602
73603
73603
73604
73605
73605
73606
73607
73608
73608
73609
73610
73610
73611
73612
73612
73613
73614
73615
73615
73616
73617
73617
73618
73619
73619
73620
73621
73622
73622
73623
73624
73624
73625
73626
73626
73627
73628
73629
73629
73630
73631
73631
73632
73633
73633
73634
73635
73636
73636
73637
73638
73638
73639
73640
73640
73641
73642
73643
73643
73644
73645
73645
73646
73647
73647
73648
73649
73650
73650
73651
73652
73652
73653
73654
73654
73655
73656
73657
73657
73658
73659
73659
73660
73661
73661
73662
73663
73664
73664
73665
73666
73666
73667
73668
73668
73669
73670
73671
73671
73672
73673
73673
73674
73675
73675
73676
73677
73678
73678
73679
73680
73680
73681
73682
73682
73683
73684
73685
73685
73686
73687
73687
73688
73689
73689
73690
73691
73692
73692
73693
73694
73694
73695
73696
73696
73697
73698
73699
73699
73700
73701
73701
73702
73703
73703
73704
73705
73706
73706
73707
73708
73708
73709
73710
73710
73711
73712
73713
73713
73714
73715
73715
73716
73717
73717
73718
73719
73720
73720
73721
73722
73722
73723
73724
73724
73725
73726
73727
73727
73728
73729
73729
73730
73731
73731
73732
73733
73734
73734
73735
73736
73736
73737
73738
73738
73739
73740
73741
73741
73742
73743
73743
73744
73745
73745
73746
73747
73748
73748
73749
73750
73750
73751
73752
73752
73753
73754
73755
73755
73756
73757
73757
73758
73759
73759
73760
73761
73762
73762
73763
73764
73764
73765
73766
73766
73767
73768
73769
73769
73770
73771
73771
73772
73773
73773
73774
73775
73776
73776
73777
73778
73778
73779
73780
73780
73781
73782
73783
73783
73784
73785
73785
73786
73787
73787
73788
73789
73790
73790
73791
73792
73792
73793
73794
73794
73795
73796
73797
73797
73798
73799
73799
73800
73801
73801
73802
73803
73804
73804
73805
73806
73806
73807
73808
73808
73809
73810
73811
73811
73812
73813
73813
73814
73815
73815
73816
73817
73818
73818
73819
73820
73820
73821
73822
73822
73823
73824
73825
73825
73826
73827
73827
73828
73829
73829
73830
73831
73832
73832
73833
73834
73834
73835
73836
73836
73837
73838
73839
73839
73840
73841
73841
73842
73843
73843
73844
73845
73846
73846
73847
73848
73848
73849
73850
73850
73851
73852
73853
73853
73854
73855
73855
73856
73857
73857
73858
73859
73860
73860
73861
73862
73862
73863
73864
73864
73865
73866
73867
73867
73868
73869
73869
73870
73871
73871
73872
73873
73874
73874
73875
73876
73876
73877
73878
73878
73879
73880
73881
73881
73882
73883
73883
73884
73885
73885
73886
73887
73888
73888
73889
