3109.4
3110.1
3110.8
3111.5
3112.2
3112.9
3113.6
3114.3
3115
3115.7
3116.4
3117.1
3117.8
3118.5
3119.2
3119.9
3120.6
3121.3
3122
3122.7
3123.4
3124.1
3124.8
3125.5
3126.2
3126.9
3127.6
3128.3
3129
3129.7
3130.4
3131.1
3131.8
3132.5
3133.2
3133.9
3134.6
3135.3
3136
3136.7
3137.4
3138.1
3138.8
3139.5
3140.2
3140.9
3141.6
3142.3
3143
3143.7
3144.4
3145.1
3145.8
3146.5
3147.2
3147.9
3148.6
3149.3
3150
3150.7
3151.4
3152.1
3152.8
3153.5
3154.2
3154.9
3155.6
3156.3
3157
3157.7
3158.4
3159.1
3159.8
3160.5
3161.2
3161.9
3162.6
3163.3
3164
3164.7
3165.4
3166.1
3166.8
3167.5
3168.2
3168.9
3169.6
3170.3
3171
3171.7
3172.4
3173.1
3173.8
3174.5
3175.2
3175.9
3176.6
3177.3
3178
3178.7
3179.4
3180.1
3180.8
3181.5
3182.2
3182.9
3183.6
3184.3
3185
3185.7
3186.4
3187.1
3187.8
3188.5
3189.2
3189.9
3190.6
3191.3
3192
3192.7
3193.4
3194.1
3194.8
3195.5
3196.2
3196.9
3197.6
3198.3
3199
3199.7
3200.4
3201.1
3201.8
3202.5
3203.2
3203.9
3204.6
3205.3
3206
3206.7
3207.4
3208.1
3208.8
3209.5
3210.2
3210.9
3211.6
3212.3
3213
3213.7
3214.4
3215.1
3215.8
3216.5
3217.2
3217.9
3218.6
3219.3
3220
3220.7
3221.4
3222.1
3222.8
3223.5
3224.2
3224.9
3225.6
3226.3
3227
3227.7
3228.4
3229.1
3229.8
3230.5
3231.2
3231.9
3232.6
3233.3
3234
3234.7
3235.4
3236.1
3236.8
3237.5
3238.2
3238.9
3239.6
3240.3
3241
3241.7
3242.4
3243.1
3243.8
3244.5
3245.2
3245.9
3246.6
3247.3
3248
3248.7
3249.4
3250.1
3250.8
3251.5
3252.2
3252.9
3253.6
3254.3
3255
3255.7
3256.4
3257.1
3257.8
3258.5
3259.2
3259.9
3260.6
3261.3
3262
3262.7
3263.4
3264.1
3264.8
3265.5
3266.2
3266.9
3267.6
3268.3
3269
3269.7
3270.4
3271.1
3271.8
3272.5
3273.2
3273.9
3274.6
3275.3
3276
3276.7
3277.4
3278.1
3278.8
3279.5
3280.2
3280.9
3281.6
3282.3
3283
3283.7
3284.4
3285.1
3285.8
3286.5
3287.2
3287.9
3288.6
3289.3
3290
3290.7
3291.4
3292.1
3292.8
3293.5
3294.2
3294.9
3295.6
3296.3
3297
3297.7
3298.4
3299.1
3299.8
3300.5
3301.2
3301.9
3302.6
3303.3
3304
3304.7
3305.4
3306.1
3306.8
3307.5
3308.2
3308.9
3309.6
3310.3
3311
3311.7
3312.4
3313.1
3313.8
3314.5
3315.2
3315.9
3316.6
3317.3
3318
3318.7
3319.4
3320.1
3320.8
3321.5
3322.2
3322.9
3323.6
3324.3
3325
3325.7
3326.4
3327.1
3327.8
3328.5
3329.2
3329.9
3330.6
3331.3
3332
3332.7
3333.4
3334.1
3334.8
3335.5
3336.2
3336.9
3337.6
3338.3
3339
3339.7
3340.4
3341.1
3341.8
3342.5
3343.2
3343.9
3344.6
3345.3
3346
3346.7
3347.4
3348.1
3348.8
3349.5
3350.2
3350.9
3351.6
3352.3
3353
3353.7
3354.4
3355.1
3355.8
3356.5
3357.2
3357.9
3358.6
3359.3
3360
3360.7
3361.4
3362.1
3362.8
3363.5
3364.2
3364.9
3365.6
3366.3
3367
3367.7
3368.4
3369.1
3369.8
3370.5
3371.2
3371.9
3372.6
3373.3
3374
3374.7
3375.4
3376.1
3376.8
3377.5
3378.2
3378.9
3379.6
3380.3
3381
3381.7
3382.4
3383.1
3383.8
3384.5
3385.2
3385.9
3386.6
3387.3
3388
3388.7
3389.4
3390.1
3390.8
3391.5
3392.2
3392.9
3393.6
3394.3
3395
3395.7
3396.4
3397.1
3397.8
3398.5
3399.2
3399.9
3400.6
3401.3
3402
3402.7
3403.4
3404.1
3404.8
3405.5
3406.2
3406.9
3407.6
3408.3
3409
3409.7
3410.4
3411.1
3411.8
3412.5
3413.2
3413.9
3414.6
3415.3
3416
3416.7
3417.4
3418.1
3418.8
3419.5
3420.2
3420.9
3421.6
3422.3
3423
3423.7
3424.4
3425.1
3425.8
3426.5
3427.2
3427.9
3428.6
3429.3
3430
3430.7
3431.4
3432.1
3432.8
