6566.1
6566.9
6567.6
6568.3
6568.9
6569.6
6570.4
6571.1
6571.8
6572.4
6573.1
6573.9
6574.6
6575.3
6575.9
6576.6
6577.4
6578.1
6578.8
6579.4
6580.1
6580.9
6581.6
6582.3
6582.9
6583.6
6584.4
6585.1
6585.8
6586.4
6587.1
6587.9
6588.6
6589.3
6589.9
6590.6
6591.4
6592.1
6592.8
6593.4
6594.1
6594.9
6595.6
6596.3
6596.9
6597.6
6598.4
6599.1
6599.8
6600.4
6601.1
6601.9
6602.6
6603.3
6603.9
6604.6
6605.4
6606.1
6606.8
6607.4
6608.1
6608.9
6609.6
6610.3
6610.9
6611.6
6612.4
6613.1
6613.8
6614.4
6615.1
6615.9
6616.6
6617.3
6617.9
6618.6
6619.4
6620.1
6620.8
6621.4
6622.1
6622.9
6623.6
6624.3
6624.9
6625.6
6626.4
6627.1
6627.8
6628.4
6629.1
6629.9
6630.6
6631.3
6631.9
6632.6
6633.4
6634.1
6634.8
6635.4
6636.1
6636.9
6637.6
6638.3
6638.9
6639.6
6640.4
6641.1
6641.8
6642.4
6643.1
6643.9
6644.6
6645.3
6645.9
6646.6
6647.4
6648.1
6648.8
6649.4
6650.1
6650.9
6651.6
6652.3
6652.9
6653.6
6654.4
6655.1
6655.8
6656.4
6657.1
6657.9
6658.6
6659.3
6659.9
6660.6
6661.4
6662.1
6662.8
6663.4
6664.1
6664.9
6665.6
6666.3
6666.9
6667.6
6668.4
6669.1
6669.8
6670.4
6671.1
6671.9
6672.6
6673.3
6673.9
6674.6
6675.4
6676.1
6676.8
6677.4
6678.1
6678.9
6679.6
6680.3
6680.9
6681.6
6682.4
6683.1
6683.8
6684.4
6685.1
6685.9
6686.6
6687.3
6687.9
6688.6
6689.4
6690.1
6690.8
6691.4
6692.1
6692.9
6693.6
6694.3
6694.9
6695.6
6696.4
6697.1
6697.8
6698.4
6699.1
6699.9
6700.6
6701.3
6701.9
6702.6
6703.4
6704.1
6704.8
6705.4
6706.1
6706.9
6707.6
6708.3
6708.9
6709.6
6710.4
6711.1
6711.8
6712.4
6713.1
6713.9
6714.6
6715.3
6715.9
6716.6
6717.4
6718.1
6718.8
6719.4
6720.1
6720.9
6721.6
6722.3
6722.9
6723.6
6724.4
6725.1
6725.8
6726.4
6727.1
6727.9
6728.6
6729.3
6729.9
6730.6
6731.4
6732.1
6732.8
6733.4
6734.1
6734.9
6735.6
6736.3
6736.9
6737.6
6738.4
6739.1
6739.8
6740.4
6741.1
6741.9
6742.6
6743.3
6743.9
6744.6
6745.4
6746.1
6746.8
6747.4
6748.1
6748.9
6749.6
6750.3
6750.9
6751.6
6752.4
6753.1
6753.8
6754.4
6755.1
6755.9
6756.6
6757.3
6757.9
6758.6
6759.4
6760.1
6760.8
6761.4
6762.1
6762.9
6763.6
6764.3
6764.9
6765.6
6766.4
6767.1
6767.8
6768.4
6769.1
6769.9
6770.6
6771.3
6771.9
6772.6
6773.4
6774.1
6774.8
6775.4
6776.1
6776.9
6777.6
6778.3
6778.9
6779.6
6780.4
6781.1
6781.8
6782.4
6783.1
6783.9
6784.6
6785.3
6785.9
6786.6
6787.4
6788.1
6788.8
6789.4
6790.1
6790.9
6791.6
6792.3
6792.9
6793.6
6794.4
6795.1
6795.8
6796.4
6797.1
6797.9
6798.6
6799.3
6799.9
6800.6
6801.4
6802.1
6802.8
6803.4
6804.1
6804.9
6805.6
6806.3
6806.9
6807.6
6808.4
6809.1
6809.8
6810.4
6811.1
6811.9
6812.6
6813.3
6813.9
6814.6
6815.4
6816.1
6816.8
6817.4
6818.1
6818.9
6819.6
6820.3
6820.9
6821.6
6822.4
6823.1
6823.8
6824.4
6825.1
6825.9
6826.6
6827.3
6827.9
6828.6
6829.4
6830.1
6830.8
6831.4
6832.1
6832.9
6833.6
6834.3
6834.9
6835.6
6836.4
6837.1
6837.8
6838.4
6839.1
6839.9
6840.6
6841.3
6841.9
6842.6
6843.4
6844.1
6844.8
6845.4
6846.1
6846.9
6847.6
6848.3
6848.9
6849.6
6850.4
6851.1
6851.8
6852.4
6853.1
6853.9
6854.6
6855.3
6855.9
6856.6
6857.4
6858.1
6858.8
6859.4
6860.1
6860.9
6861.6
6862.3
6862.9
6863.6
6864.4
6865.1
6865.8
6866.4
6867.1
6867.9
6868.6
6869.3
6869.9
6870.6
6871.4
6872.1
6872.8
6873.4
6874.1
6874.9
6875.6
6876.3
6876.9
6877.6
6878.4
6879.1
6879.8
6880.4
6881.1
6881.9
6882.6
6883.3
6883.9
6884.6
6885.4
6886.1
6886.8
6887.4
6888.1
6888.9
6889.6
6890.3
6890.9
6891.6
6892.4
6893.1
6893.8
6894.4
6895.1
6895.9
6896.6
6897.3
6897.9
6898.6
6899.4
6900.1
6900.8
6901.4
6902.1
6902.9
6903.6
6904.3
6904.9
6905.6
6906.4
6907.1
6907.8
6908.4
6909.1
6909.9
6910.6
6911.3
6911.9
6912.6
6913.4
6914.1
6914.8
6915.4
6916.1
6916.9
6917.6
6918.3
6918.9
6919.6
6920.4
6921.1
6921.8
6922.4
6923.1
6923.9
6924.6
6925.3
6925.9
6926.6
6927.4
6928.1
6928.8
6929.4
6930.1
6930.9
6931.6
6932.3
6932.9
6933.6
6934.4
6935.1
6935.8
6936.4
6937.1
6937.9
6938.6
6939.3
6939.9
6940.6
6941.4
6942.1
6942.8
6943.4
6944.1
6944.9
6945.6
6946.3
6946.9
6947.6
6948.4
6949.1
6949.8
6950.4
6951.1
6951.9
6952.6
6953.3
6953.9
6954.6
6955.4
6956.1
6956.8
6957.4
6958.1
6958.9
6959.6
6960.3
6960.9
