39542
39543
39543
39544
39545
39546
39546
39547
39548
39548
39549
39550
39550
39551
39552
39553
39553
39554
39555
39555
39556
39557
39557
39558
39559
39560
39560
39561
39562
39562
39563
39564
39564
39565
39566
39567
39567
39568
39569
39569
39570
39571
39571
39572
39573
39574
39574
39575
39576
39576
39577
39578
39578
39579
39580
39581
39581
39582
39583
39583
39584
39585
39585
39586
39587
39588
39588
39589
39590
39590
39591
39592
39592
39593
39594
39595
39595
39596
39597
39597
39598
39599
39599
39600
39601
39602
39602
39603
39604
39604
39605
39606
39606
39607
39608
39609
39609
39610
39611
39611
39612
39613
39613
39614
39615
39616
39616
39617
39618
39618
39619
39620
39620
39621
39622
39623
39623
39624
39625
39625
39626
39627
39627
39628
39629
39630
39630
39631
39632
39632
39633
39634
39634
39635
39636
39637
39637
39638
39639
39639
39640
39641
39641
39642
39643
39644
39644
39645
39646
39646
39647
39648
39648
39649
39650
39651
39651
39652
39653
39653
39654
39655
39655
39656
39657
39658
39658
39659
39660
39660
39661
39662
39662
39663
39664
39665
39665
39666
39667
39667
39668
39669
39669
39670
39671
39672
39672
39673
39674
39674
39675
39676
39676
39677
39678
39679
39679
39680
39681
39681
39682
39683
39683
39684
39685
39686
39686
39687
39688
39688
39689
39690
39690
39691
39692
39693
39693
39694
39695
39695
39696
39697
39697
39698
39699
39700
39700
39701
39702
39702
39703
39704
39704
39705
39706
39707
39707
39708
39709
39709
39710
39711
39711
39712
39713
39714
39714
39715
39716
39716
39717
39718
39718
39719
39720
39721
39721
39722
39723
39723
39724
39725
39725
39726
39727
39728
39728
39729
39730
39730
39731
39732
39732
39733
39734
39735
39735
39736
39737
39737
39738
39739
39739
39740
39741
39742
39742
39743
39744
39744
39745
39746
39746
39747
39748
39749
39749
39750
39751
39751
39752
39753
39753
39754
39755
39756
39756
39757
39758
39758
39759
39760
39760
39761
39762
39763
39763
39764
39765
39765
39766
39767
39767
39768
39769
39770
39770
39771
39772
39772
39773
39774
39774
39775
39776
39777
39777
39778
39779
39779
39780
39781
39781
39782
39783
39784
39784
39785
39786
39786
39787
39788
39788
39789
39790
39791
39791
39792
39793
39793
39794
39795
39795
39796
39797
39798
39798
39799
39800
39800
39801
39802
39802
39803
39804
39805
39805
39806
39807
39807
39808
39809
39809
39810
39811
39812
39812
39813
39814
39814
39815
39816
39816
39817
39818
39819
39819
39820
39821
39821
39822
39823
39823
39824
39825
39826
39826
39827
39828
39828
39829
39830
39830
39831
39832
39833
39833
39834
39835
39835
39836
39837
39837
39838
