45555
45556
45556
45557
45558
45558
45559
45560
45560
45561
45562
45563
45563
45564
45565
45565
45566
45567
45567
45568
45569
45570
45570
45571
45572
45572
45573
45574
45574
45575
45576
45577
45577
45578
45579
45579
45580
45581
45581
45582
45583
45584
45584
45585
45586
45586
45587
45588
45588
45589
45590
45591
45591
45592
45593
45593
45594
45595
45595
45596
45597
45598
45598
45599
45600
45600
45601
45602
45602
45603
45604
45605
45605
45606
45607
45607
45608
45609
45609
45610
45611
45612
45612
45613
45614
45614
45615
45616
45616
45617
45618
45619
45619
45620
45621
45621
45622
45623
45623
45624
45625
45626
45626
45627
45628
45628
45629
45630
45630
45631
45632
45633
45633
45634
45635
45635
45636
45637
45637
45638
45639
45640
45640
45641
45642
45642
45643
45644
45644
45645
45646
45647
45647
45648
45649
45649
45650
45651
45651
45652
45653
45654
45654
45655
45656
45656
45657
45658
45658
45659
45660
45661
45661
45662
45663
45663
45664
45665
45665
45666
45667
45668
45668
45669
45670
45670
45671
45672
45672
45673
45674
45675
45675
45676
45677
45677
45678
45679
45679
45680
45681
45682
45682
45683
45684
45684
45685
45686
45686
45687
45688
45689
45689
45690
45691
45691
45692
45693
45693
45694
45695
45696
45696
45697
45698
45698
45699
45700
45700
45701
45702
45703
45703
45704
45705
45705
45706
45707
45707
45708
45709
45710
45710
45711
45712
45712
45713
45714
45714
45715
45716
45717
45717
45718
45719
45719
45720
45721
45721
45722
45723
45724
45724
45725
45726
45726
45727
45728
45728
45729
45730
45731
45731
45732
45733
45733
45734
45735
45735
45736
45737
45738
45738
45739
45740
45740
45741
45742
45742
45743
45744
45745
45745
45746
45747
45747
45748
45749
45749
45750
45751
45752
45752
45753
45754
45754
45755
45756
45756
45757
45758
45759
45759
45760
45761
45761
45762
45763
45763
45764
45765
45766
45766
45767
45768
45768
45769
45770
45770
45771
45772
45773
45773
45774
45775
45775
45776
45777
45777
45778
45779
45780
45780
45781
45782
45782
45783
45784
45784
45785
45786
45787
45787
45788
45789
45789
45790
45791
45791
45792
45793
45794
45794
45795
45796
45796
45797
45798
45798
45799
45800
45801
45801
45802
45803
45803
45804
45805
45805
45806
45807
45808
45808
45809
45810
45810
45811
45812
45812
45813
45814
45815
45815
45816
45817
45817
45818
45819
45819
45820
45821
45822
45822
45823
45824
45824
45825
45826
45826
45827
45828
45829
45829
45830
45831
45831
45832
45833
45833
45834
45835
45836
45836
45837
45838
45838
45839
45840
45840
45841
45842
45843
45843
45844
45845
45845
45846
45847
45847
45848
45849
45850
45850
45851
45852
45852
45853
45854
45854
45855
45856
45857
45857
45858
45859
45859
45860
45861
45861
45862
45863
45864
45864
45865
45866
45866
45867
45868
45868
45869
45870
45871
45871
45872
45873
45873
45874
45875
45875
45876
45877
45878
45878
45879
45880
45880
45881
45882
45882
45883
45884
45885
45885
45886
45887
45887
45888
45889
45889
45890
45891
45892
45892
45893
45894
45894
45895
45896
45896
45897
45898
45899
45899
45900
45901
45901
45902
45903
45903
45904
45905
45906
45906
45907
45908
45908
45909
45910
45910
45911
45912
45913
45913
45914
45915
45915
45916
45917
45917
45918
45919
45920
45920
45921
45922
45922
45923
45924
45924
45925
45926
45927
45927
45928
45929
45929
45930
45931
45931
45932
45933
45934
45934
45935
45936
45936
45937
45938
45938
45939
45940
45941
45941
45942
45943
45943
45944
45945
45945
45946
45947
45948
45948
45949
45950
45950
45951
45952
45952
45953
