40560
40561
40561
40562
40563
40563
40564
40565
40566
40566
40567
40568
40568
40569
40570
40570
40571
40572
40573
40573
40574
40575
40575
40576
40577
40577
40578
40579
40580
40580
40581
40582
40582
40583
40584
40584
40585
40586
40587
40587
40588
40589
40589
40590
40591
40591
40592
40593
40594
40594
40595
40596
40596
40597
40598
40598
40599
40600
40601
40601
40602
40603
40603
40604
40605
40605
40606
40607
40608
40608
40609
40610
40610
40611
40612
40612
40613
40614
40615
40615
40616
40617
40617
40618
40619
40619
40620
40621
40622
40622
40623
40624
40624
40625
40626
40626
40627
40628
40629
40629
40630
40631
40631
40632
40633
40633
40634
40635
40636
40636
40637
40638
40638
40639
40640
40640
40641
40642
40643
40643
40644
40645
40645
40646
40647
40647
40648
40649
40650
40650
40651
40652
40652
40653
40654
40654
40655
40656
40657
40657
40658
40659
40659
40660
40661
40661
40662
40663
40664
40664
40665
40666
40666
40667
40668
40668
40669
40670
40671
40671
40672
40673
40673
40674
40675
40675
40676
40677
40678
40678
40679
40680
40680
40681
40682
40682
40683
40684
40685
40685
40686
40687
40687
40688
40689
40689
40690
40691
40692
40692
40693
40694
40694
40695
40696
40696
40697
40698
40699
40699
40700
40701
40701
40702
40703
40703
40704
40705
40706
40706
40707
40708
40708
40709
40710
40710
40711
40712
40713
40713
40714
40715
40715
40716
40717
40717
40718
40719
40720
40720
40721
40722
40722
40723
40724
40724
40725
40726
40727
40727
40728
40729
40729
40730
40731
40731
40732
40733
40734
40734
40735
40736
40736
40737
40738
40738
40739
40740
40741
40741
40742
40743
40743
40744
40745
40745
40746
40747
40748
40748
40749
40750
40750
40751
40752
40752
40753
40754
40755
40755
40756
40757
40757
40758
40759
40759
40760
40761
40762
40762
40763
40764
40764
40765
40766
40766
40767
40768
40769
40769
40770
40771
40771
40772
40773
40773
40774
40775
40776
40776
40777
40778
40778
40779
40780
40780
40781
40782
40783
40783
40784
40785
40785
40786
40787
40787
40788
40789
40790
40790
40791
40792
40792
40793
40794
40794
40795
40796
40797
40797
40798
40799
40799
40800
40801
40801
40802
40803
40804
40804
40805
40806
40806
40807
40808
40808
40809
40810
40811
40811
40812
40813
40813
40814
40815
40815
40816
40817
40818
40818
40819
40820
40820
40821
40822
40822
40823
40824
40825
40825
40826
40827
40827
40828
40829
40829
40830
40831
40832
40832
40833
40834
40834
40835
40836
40836
40837
40838
40839
40839
40840
40841
40841
40842
40843
40843
40844
40845
40846
40846
40847
40848
40848
40849
40850
40850
40851
40852
40853
40853
40854
40855
40855
40856
40857
40857
40858
40859
40860
40860
40861
40862
40862
40863
40864
40864
40865
40866
40867
40867
40868
40869
40869
40870
40871
40871
40872
40873
40874
40874
40875
40876
40876
40877
40878
40878
40879
40880
40881
40881
40882
40883
40883
40884
40885
40885
40886
40887
40888
40888
40889
40890
40890
40891
40892
40892
40893
40894
40895
40895
40896
40897
40897
40898
40899
40899
40900
40901
40902
40902
40903
40904
40904
40905
40906
40906
40907
40908
40909
40909
40910
40911
40911
40912
40913
40913
40914
40915
40916
40916
40917
40918
40918
40919
40920
40920
40921
40922
40923
40923
40924
40925
40925
40926
40927
40927
40928
40929
40930
40930
40931
40932
40932
40933
40934
40934
40935
40936
40937
40937
40938
40939
40939
40940
40941
40941
40942
40943
40944
40944
40945
40946
40946
40947
40948
40948
40949
40950
40951
40951
40952
40953
40953
40954
40955
40955
40956
40957
40958
40958
40959
40960
40960
40961
40962
40962
40963
40964
40965
40965
40966
40967
40967
40968
40969
40969
40970
40971
40972
40972
40973
40974
40974
40975
40976
40976
40977
40978
40979
40979
40980
40981
40981
40982
40983
40983
40984
40985
