23873
23874
23874
23875
23876
23876
23877
23878
23879
23879
23880
23881
23881
23882
23883
23883
23884
23885
23886
23886
23887
23888
23888
23889
23890
23890
23891
23892
23893
23893
23894
23895
23895
23896
23897
23897
23898
23899
23900
23900
23901
23902
23902
23903
23904
23904
23905
23906
23907
23907
23908
23909
23909
23910
23911
23911
23912
23913
23914
23914
23915
23916
23916
23917
23918
23918
23919
23920
23921
23921
23922
23923
23923
23924
23925
23925
23926
23927
23928
23928
23929
23930
23930
23931
23932
23932
23933
23934
23935
23935
23936
23937
23937
23938
23939
23939
23940
23941
23942
23942
23943
23944
23944
23945
23946
23946
23947
23948
23949
23949
23950
23951
23951
23952
23953
23953
23954
23955
23956
23956
23957
23958
23958
23959
23960
23960
23961
23962
23963
23963
23964
23965
23965
23966
23967
23967
23968
23969
23970
23970
23971
23972
23972
23973
23974
23974
23975
23976
23977
23977
23978
23979
23979
23980
23981
23981
23982
23983
23984
23984
23985
23986
23986
23987
23988
23988
23989
23990
23991
23991
23992
23993
23993
23994
23995
23995
23996
23997
23998
23998
23999
24000
24000
24001
24002
24002
24003
24004
24005
24005
24006
24007
24007
24008
24009
24009
24010
24011
24012
24012
24013
24014
24014
24015
24016
24016
24017
24018
24019
24019
24020
24021
24021
24022
24023
24023
24024
24025
24026
24026
24027
24028
24028
24029
24030
24030
24031
24032
24033
24033
24034
24035
24035
24036
24037
24037
24038
24039
24040
24040
24041
24042
24042
24043
24044
24044
24045
24046
24047
24047
24048
24049
24049
24050
24051
24051
24052
24053
24054
24054
24055
24056
24056
24057
24058
24058
24059
24060
24061
24061
24062
24063
24063
24064
24065
24065
24066
24067
24068
24068
24069
24070
24070
24071
24072
24072
24073
24074
24075
24075
24076
24077
24077
24078
24079
24079
24080
24081
24082
24082
24083
24084
24084
24085
24086
24086
24087
24088
24089
24089
24090
24091
24091
24092
24093
24093
24094
24095
24096
24096
24097
24098
24098
24099
24100
24100
24101
24102
24103
24103
24104
24105
24105
24106
24107
24107
24108
24109
24110
24110
24111
24112
24112
24113
24114
24114
24115
24116
24117
24117
24118
24119
24119
24120
24121
24121
24122
24123
24124
24124
24125
24126
24126
24127
24128
24128
24129
24130
24131
24131
24132
24133
24133
24134
24135
24135
24136
24137
24138
24138
24139
24140
24140
24141
24142
24142
24143
24144
24145
24145
24146
24147
24147
24148
24149
24149
24150
24151
24152
24152
24153
24154
24154
24155
24156
24156
24157
24158
24159
24159
24160
24161
24161
24162
