81917
81918
81919
81919
81920
81921
81921
81922
81923
81924
81924
81925
81926
81926
81927
81928
81928
81929
81930
81931
81931
81932
81933
81933
81934
81935
81935
81936
81937
81938
81938
81939
81940
81940
81941
81942
81942
81943
81944
81945
81945
81946
81947
81947
81948
81949
81949
81950
81951
81952
81952
81953
81954
81954
81955
81956
81956
81957
81958
81959
81959
81960
81961
81961
81962
81963
81963
81964
81965
81966
81966
81967
81968
81968
81969
81970
81970
81971
81972
81973
81973
81974
81975
81975
81976
81977
81977
81978
81979
81980
81980
81981
81982
81982
81983
81984
81984
81985
81986
81987
81987
81988
81989
81989
81990
81991
81991
81992
81993
81994
81994
81995
81996
81996
81997
81998
81998
81999
82000
82001
82001
82002
82003
82003
82004
82005
82005
82006
82007
82008
82008
82009
82010
82010
82011
82012
82012
82013
82014
82015
82015
82016
82017
82017
82018
82019
82019
82020
82021
82022
82022
82023
82024
82024
82025
82026
82026
82027
82028
82029
82029
82030
82031
82031
82032
82033
82033
82034
82035
82036
82036
82037
82038
82038
82039
82040
82040
82041
82042
82043
82043
