41975
41976
41977
41978
41978
41979
41980
41980
41981
41982
41982
41983
41984
41985
41985
41986
41987
41987
41988
41989
41989
41990
41991
41992
41992
41993
41994
41994
41995
41996
41996
41997
41998
41999
41999
42000
42001
42001
42002
42003
42003
42004
42005
42006
42006
42007
42008
42008
42009
42010
42010
42011
42012
42013
42013
42014
42015
42015
42016
42017
42017
42018
42019
42020
42020
42021
42022
42022
42023
42024
42024
42025
42026
42027
42027
42028
42029
42029
42030
42031
42031
42032
42033
42034
42034
42035
42036
42036
42037
42038
42038
42039
42040
42041
42041
42042
42043
42043
42044
42045
42045
42046
42047
42048
42048
42049
42050
42050
42051
42052
42052
42053
42054
42055
42055
42056
42057
42057
42058
42059
42059
42060
42061
42062
42062
42063
42064
42064
42065
42066
42066
42067
42068
42069
42069
42070
42071
42071
42072
42073
42073
42074
42075
42076
42076
42077
42078
42078
42079
42080
42080
42081
42082
42083
42083
42084
42085
42085
42086
42087
42087
42088
42089
42090
42090
42091
42092
42092
42093
42094
42094
42095
42096
42097
42097
42098
42099
42099
42100
42101
42101
42102
42103
42104
42104
42105
42106
42106
42107
42108
42108
42109
42110
42111
42111
42112
42113
42113
42114
42115
42115
42116
42117
42118
42118
42119
42120
42120
42121
42122
42122
42123
42124
42125
42125
42126
42127
42127
42128
42129
42129
42130
42131
42132
42132
42133
42134
42134
42135
42136
42136
42137
42138
42139
42139
42140
42141
42141
42142
42143
42143
42144
42145
42146
42146
42147
42148
42148
42149
42150
42150
42151
42152
42153
42153
42154
42155
42155
42156
42157
42157
42158
42159
42160
42160
42161
42162
42162
42163
42164
42164
42165
42166
42167
42167
42168
42169
42169
42170
42171
42171
42172
42173
42174
42174
42175
42176
42176
42177
42178
42178
42179
42180
42181
42181
42182
42183
42183
42184
42185
42185
42186
42187
42188
42188
42189
42190
42190
42191
42192
42192
42193
42194
42195
42195
42196
42197
42197
42198
42199
42199
42200
42201
42202
42202
42203
42204
42204
42205
42206
42206
42207
42208
42209
42209
42210
42211
42211
42212
42213
42213
42214
42215
42216
42216
42217
42218
42218
42219
42220
42220
42221
42222
42223
42223
42224
42225
42225
42226
42227
42227
42228
42229
42230
42230
42231
42232
42232
42233
42234
42234
42235
42236
42237
42237
42238
42239
42239
42240
42241
42241
42242
42243
42244
42244
42245
42246
42246
42247
42248
42248
42249
42250
42251
42251
42252
42253
42253
42254
42255
42255
42256
42257
42258
42258
42259
42260
42260
42261
42262
42262
42263
42264
42265
42265
42266
42267
42267
42268
42269
42269
42270
42271
42272
42272
42273
42274
42274
42275
42276
42276
42277
42278
42279
42279
42280
42281
42281
42282
42283
42283
42284
42285
42286
42286
42287
42288
42288
42289
42290
42290
42291
42292
42293
42293
42294
42295
42295
42296
42297
42297
42298
42299
42300
42300
42301
42302
42302
42303
42304
42304
42305
42306
42307
42307
42308
42309
42309
42310
42311
42311
42312
42313
42314
42314
42315
42316
42316
42317
42318
42318
42319
42320
42321
42321
42322
42323
42323
42324
42325
42325
42326
42327
42328
42328
42329
42330
42330
42331
42332
42332
42333
42334
42335
42335
42336
42337
42337
42338
42339
42339
42340
42341
42342
42342
42343
42344
42344
42345
42346
42346
42347
42348
42349
42349
42350
42351
42351
42352
42353
42353
42354
42355
42356
42356
42357
42358
42358
42359
42360
42360
42361
42362
42363
42363
42364
42365
42365
42366
42367
42367
42368
42369
42370
42370
42371
42372
42372
42373
42374
42374
42375
42376
42377
42377
42378
42379
42379
42380
42381
42381
42382
42383
42384
42384
42385
42386
42386
42387
42388
42388
42389
42390
42391
42391
42392
42393
42393
42394
42395
42395
42396
42397
42398
42398
42399
42400
42400
42401
42402
42402
42403
42404
