55433
55433
55434
55435
55435
55436
55437
55437
55438
55439
55440
55440
55441
55442
55442
55443
55444
55444
55445
55446
55447
55447
55448
55449
55449
55450
55451
55451
55452
55453
55454
55454
55455
55456
55456
55457
55458
55458
55459
55460
55461
55461
55462
55463
55463
55464
55465
55465
55466
55467
55468
55468
55469
55470
55470
55471
55472
55472
55473
55474
55475
55475
55476
55477
55477
55478
55479
55479
55480
55481
55482
55482
55483
55484
55484
55485
55486
55486
55487
55488
55489
55489
55490
55491
55491
55492
55493
55493
55494
55495
55496
55496
55497
55498
55498
55499
55500
55500
55501
55502
55503
55503
55504
55505
55505
55506
55507
55507
55508
55509
55510
55510
55511
55512
55512
55513
55514
55514
55515
55516
55517
55517
55518
55519
55519
55520
55521
55521
55522
55523
55524
55524
55525
55526
55526
55527
55528
55528
55529
55530
55531
55531
55532
55533
55533
55534
55535
55535
55536
55537
55538
55538
55539
55540
55540
55541
55542
55542
55543
55544
55545
55545
55546
55547
55547
55548
55549
55549
55550
55551
55552
55552
55553
55554
55554
55555
55556
55556
55557
55558
55559
55559
55560
55561
55561
55562
55563
55563
55564
55565
55566
55566
55567
55568
55568
55569
55570
55570
55571
55572
55573
55573
55574
55575
55575
55576
55577
55577
55578
55579
55580
55580
55581
55582
55582
55583
55584
55584
55585
55586
55587
55587
55588
55589
55589
55590
55591
55591
55592
55593
55594
55594
55595
55596
55596
55597
55598
55598
55599
55600
55601
55601
