2058.3
2059
2059.7
2060.4
2061.1
2061.8
2062.5
2063.2
2063.9
2064.6
2065.3
2066
2066.7
2067.4
2068.1
2068.8
2069.5
2070.2
2070.9
2071.6
2072.3
2073
2073.7
2074.4
2075.1
2075.8
2076.5
2077.2
2077.9
2078.6
2079.3
2080
2080.7
2081.4
2082.1
2082.8
2083.5
2084.2
2084.9
2085.6
2086.3
2087
2087.7
2088.4
2089.1
2089.8
2090.5
2091.2
2091.9
2092.6
2093.3
2094
2094.7
2095.4
2096.1
2096.8
2097.5
2098.2
2098.9
2099.6
2100.3
2101
2101.7
2102.4
2103.1
2103.8
2104.5
2105.2
2105.9
2106.6
2107.3
2108
2108.7
2109.4
2110.1
2110.8
2111.5
2112.2
2112.9
2113.6
2114.3
2115
2115.7
2116.4
2117.1
2117.8
2118.5
2119.2
2119.9
2120.6
2121.3
2122
2122.7
2123.4
2124.1
2124.8
2125.5
2126.2
2126.9
2127.6
2128.3
2129
2129.7
2130.4
2131.1
2131.8
2132.5
2133.2
2133.9
2134.6
2135.3
2136
2136.7
2137.4
2138.1
2138.8
2139.5
2140.2
2140.9
2141.6
2142.3
2143
2143.7
2144.4
2145.1
2145.8
2146.5
2147.2
2147.9
2148.6
2149.3
2150
2150.7
2151.4
2152.1
2152.8
2153.5
2154.2
2154.9
2155.6
2156.3
2157
2157.7
2158.4
2159.1
2159.8
2160.5
2161.2
2161.9
2162.6
2163.3
2164
2164.7
2165.4
2166.1
2166.8
2167.5
2168.2
2168.9
2169.6
2170.3
2171
2171.7
2172.4
2173.1
2173.8
2174.5
2175.2
2175.9
2176.6
2177.3
2178
2178.7
2179.4
2180.1
2180.8
2181.5
2182.2
2182.9
2183.6
2184.3
2185
2185.7
2186.4
2187.1
2187.8
2188.5
2189.2
2189.9
2190.6
2191.3
2192
2192.7
2193.4
2194.1
2194.8
2195.5
2196.2
2196.9
2197.6
2198.3
2199
2199.7
2200.4
2201.1
2201.8
2202.5
2203.2
2203.9
2204.6
2205.3
2206
2206.7
2207.4
2208.1
2208.8
2209.5
2210.2
2210.9
2211.6
2212.3
2213
2213.7
2214.4
2215.1
2215.8
2216.5
2217.2
2217.9
2218.6
2219.3
2220
2220.7
2221.4
2222.1
2222.8
2223.5
2224.2
2224.9
2225.6
2226.3
2227
2227.7
2228.4
2229.1
2229.8
2230.5
2231.2
2231.9
2232.6
2233.3
2234
2234.7
2235.4
2236.1
2236.8
2237.5
2238.2
2238.9
2239.6
2240.3
2241
2241.7
2242.4
2243.1
2243.8
2244.5
2245.2
2245.9
2246.6
2247.3
2248
2248.7
2249.4
2250.1
2250.8
2251.5
2252.2
2252.9
2253.6
2254.3
2255
2255.7
2256.4
2257.1
2257.8
2258.5
2259.2
2259.9
2260.6
2261.3
2262
2262.7
2263.4
2264.1
2264.8
2265.5
2266.2
2266.9
2267.6
2268.3
2269
2269.7
2270.4
2271.1
2271.8
2272.5
2273.2
2273.9
2274.6
2275.3
2276
2276.7
2277.4
2278.1
2278.8
2279.5
2280.2
2280.9
2281.6
2282.3
2283
2283.7
2284.4
2285.1
2285.8
2286.5
2287.2
2287.9
2288.6
2289.3
2290
2290.7
2291.4
2292.1
2292.8
2293.5
2294.2
2294.9
2295.6
2296.3
2297
2297.7
2298.4
2299.1
2299.8
2300.5
2301.2
2301.9
2302.6
2303.3
2304
2304.7
2305.4
2306.1
2306.8
2307.5
2308.2
2308.9
2309.6
2310.3
2311
2311.7
2312.4
2313.1
2313.8
2314.5
2315.2
2315.9
2316.6
2317.3
2318
2318.7
2319.4
2320.1
2320.8
2321.5
2322.2
2322.9
2323.6
2324.3
2325
2325.7
2326.4
2327.1
2327.8
2328.5
2329.2
2329.9
2330.6
2331.3
2332
2332.7
2333.4
2334.1
2334.8
2335.5
2336.2
2336.9
2337.6
2338.3
2339
2339.7
2340.4
2341.1
2341.8
2342.5
2343.2
2343.9
2344.6
2345.3
2346
2346.7
2347.4
2348.1
2348.8
2349.5
2350.2
2350.9
2351.6
2352.3
2353
2353.7
2354.4
2355.1
2355.8
2356.5
2357.2
2357.9
2358.6
2359.3
2360
2360.7
2361.4
2362.1
2362.8
2363.5
2364.2
2364.9
2365.6
2366.3
2367
2367.7
2368.4
2369.1
2369.8
2370.5
2371.2
2371.9
2372.6
2373.3
2374
2374.7
2375.4
2376.1
2376.8
2377.5
2378.2
2378.9
2379.6
2380.3
2381
2381.7
2382.4
2383.1
2383.8
2384.5
2385.2
2385.9
2386.6
2387.3
2388
2388.7
2389.4
2390.1
2390.8
2391.5
2392.2
2392.9
2393.6
2394.3
2395
2395.7
2396.4
2397.1
2397.8
2398.5
2399.2
2399.9
2400.6
2401.3
2402
2402.7
2403.4
2404.1
2404.8
2405.5
2406.2
2406.9
2407.6
2408.3
2409
2409.7
2410.4
2411.1
2411.8
2412.5
2413.2
2413.9
2414.6
2415.3
2416
2416.7
2417.4
2418.1
2418.8
2419.5
2420.2
2420.9
2421.6
2422.3
2423
2423.7
2424.4
2425.1
2425.8
2426.5
2427.2
2427.9
2428.6
2429.3
2430
2430.7
2431.4
2432.1
2432.8
2433.5
2434.2
2434.9
2435.6
2436.3
2437
2437.7
2438.4
2439.1
2439.8
2440.5
2441.2
2441.9
2442.6
2443.3
2444
2444.7
2445.4
2446.1
2446.8
2447.5
2448.2
2448.9
2449.6
2450.3
2451
2451.7
2452.4
2453.1
2453.8
2454.5
2455.2
2455.9
2456.6
2457.3
2458
2458.7
2459.4
2460.1
2460.8
2461.5
2462.2
2462.9
2463.6
2464.3
2465
2465.7
2466.4
2467.1
2467.8
2468.5
2469.2
2469.9
2470.6
2471.3
2472
2472.7
2473.4
2474.1
2474.8
2475.5
2476.2
2476.9
2477.6
2478.3
2479
2479.7
2480.4
2481.1
2481.8
2482.5
2483.2
2483.9
2484.6
2485.3
2486
2486.7
2487.4
2488.1
2488.8
2489.5
