70366
70367
70367
70368
70369
70369
70370
70371
70372
70372
70373
70374
70374
70375
70376
70376
70377
70378
70379
70379
70380
70381
70381
70382
70383
70383
70384
70385
70386
70386
70387
70388
70388
70389
70390
70390
70391
70392
70393
70393
70394
70395
70395
70396
70397
70397
70398
70399
70400
70400
70401
70402
70402
70403
70404
70404
70405
70406
70407
70407
70408
70409
70409
70410
70411
70411
70412
70413
70414
70414
70415
70416
70416
70417
70418
70418
70419
70420
70421
70421
70422
70423
70423
70424
70425
70425
70426
70427
70428
70428
70429
70430
70430
70431
70432
70432
70433
70434
70435
70435
70436
70437
70437
70438
70439
70439
70440
70441
70442
70442
70443
70444
70444
70445
70446
70446
70447
70448
70449
70449
70450
70451
70451
70452
70453
70453
70454
70455
70456
70456
70457
70458
70458
70459
70460
70460
70461
70462
70463
70463
70464
70465
70465
70466
70467
70467
70468
70469
70470
70470
70471
70472
70472
70473
70474
70474
70475
70476
70477
70477
70478
70479
70479
70480
70481
70481
70482
70483
70484
70484
70485
70486
70486
70487
70488
70488
70489
70490
70491
70491
70492
70493
70493
70494
70495
70495
70496
70497
70498
70498
70499
70500
70500
70501
70502
70502
70503
70504
70505
70505
70506
70507
70507
70508
70509
70509
70510
70511
70512
70512
70513
70514
70514
70515
70516
70516
70517
70518
70519
70519
70520
70521
70521
70522
70523
70523
70524
70525
70526
70526
70527
70528
70528
70529
70530
70530
70531
70532
70533
70533
70534
70535
70535
70536
70537
70537
70538
70539
70540
70540
70541
70542
70542
70543
70544
70544
70545
70546
70547
70547
70548
70549
70549
70550
70551
70551
70552
70553
70554
70554
70555
70556
70556
70557
70558
70558
70559
70560
70561
70561
70562
70563
70563
70564
70565
70565
70566
70567
70568
70568
70569
70570
70570
70571
70572
70572
70573
70574
70575
70575
70576
70577
70577
70578
70579
70579
70580
70581
70582
70582
70583
70584
70584
70585
70586
70586
70587
70588
70589
70589
70590
70591
70591
70592
70593
70593
70594
70595
70596
70596
70597
70598
70598
70599
70600
70600
70601
70602
70603
70603
70604
70605
70605
70606
70607
70607
70608
70609
70610
70610
70611
70612
70612
70613
70614
70614
70615
70616
70617
70617
70618
70619
70619
70620
70621
70621
70622
70623
70624
70624
70625
70626
70626
70627
70628
70628
70629
70630
70631
70631
70632
70633
70633
70634
70635
70635
70636
70637
70638
70638
70639
70640
70640
70641
70642
70642
70643
70644
70645
70645
70646
70647
70647
70648
70649
70649
70650
70651
70652
70652
70653
70654
70654
70655
70656
70656
70657
70658
70659
70659
70660
70661
70661
70662
70663
70663
70664
70665
70666
70666
70667
70668
70668
70669
70670
70670
70671
70672
70673
70673
70674
70675
70675
70676
70677
70677
70678
70679
70680
70680
70681
70682
70682
70683
70684
70684
70685
