50196
50197
50198
50198
50199
50200
50200
50201
50202
50202
50203
50204
50205
50205
50206
50207
50207
50208
50209
50209
50210
50211
50212
50212
50213
50214
50214
50215
50216
50216
50217
50218
50219
50219
50220
50221
50221
50222
50223
50223
50224
50225
50226
50226
50227
50228
50228
50229
50230
50230
50231
50232
50233
50233
50234
50235
50235
50236
50237
50237
50238
50239
50240
50240
50241
50242
50242
50243
50244
50244
50245
50246
50247
50247
50248
50249
50249
50250
50251
50251
50252
50253
50254
50254
50255
50256
50256
50257
50258
50258
50259
50260
50261
50261
50262
50263
50263
50264
50265
50265
50266
50267
50268
50268
50269
50270
50270
50271
50272
50272
50273
50274
50275
50275
50276
50277
50277
50278
50279
50279
50280
50281
50282
50282
50283
50284
50284
50285
50286
50286
50287
50288
50289
50289
50290
50291
50291
50292
50293
50293
50294
50295
50296
50296
50297
50298
50298
50299
50300
50300
50301
50302
50303
50303
50304
50305
50305
50306
50307
50307
50308
50309
50310
50310
50311
50312
50312
50313
50314
50314
50315
50316
50317
50317
50318
50319
50319
50320
50321
50321
50322
50323
50324
50324
50325
50326
50326
50327
50328
50328
50329
50330
50331
50331
50332
50333
50333
50334
50335
50335
50336
50337
50338
50338
50339
50340
50340
50341
50342
50342
50343
50344
50345
50345
50346
50347
50347
50348
50349
50349
50350
50351
50352
50352
50353
50354
50354
50355
50356
50356
50357
50358
50359
50359
50360
50361
50361
50362
50363
50363
50364
50365
50366
50366
50367
50368
50368
50369
50370
50370
50371
50372
50373
50373
50374
50375
50375
50376
50377
50377
50378
50379
50380
50380
50381
50382
50382
50383
50384
50384
50385
50386
50387
50387
50388
50389
50389
50390
50391
50391
50392
50393
50394
50394
50395
50396
50396
50397
50398
50398
50399
50400
50401
50401
50402
50403
50403
50404
50405
50405
50406
50407
50408
50408
50409
50410
50410
50411
50412
50412
50413
50414
50415
50415
50416
50417
50417
50418
50419
50419
50420
50421
50422
50422
50423
50424
50424
50425
50426
50426
50427
50428
50429
50429
50430
50431
50431
50432
50433
50433
50434
50435
50436
50436
50437
50438
50438
50439
50440
50440
50441
50442
50443
50443
50444
50445
50445
50446
50447
50447
50448
50449
50450
50450
50451
50452
50452
50453
50454
50454
50455
50456
50457
50457
50458
50459
50459
50460
50461
50461
50462
50463
50464
50464
50465
50466
50466
50467
50468
50468
50469
50470
50471
