3618.3
3619
3619.7
3620.4
3621.1
3621.8
3622.5
3623.2
3623.9
3624.6
3625.3
3626
3626.7
3627.4
3628.1
3628.8
3629.5
3630.2
3630.9
3631.6
3632.3
3633
3633.7
3634.4
3635.1
3635.8
3636.5
3637.2
3637.9
3638.6
3639.3
3640
3640.7
3641.4
3642.1
3642.8
3643.5
3644.2
3644.9
3645.6
3646.3
3647
3647.7
3648.4
3649.1
3649.8
3650.5
3651.2
3651.9
3652.6
3653.3
3654
3654.7
3655.4
3656.1
3656.8
3657.5
3658.2
3658.9
3659.6
3660.3
3661
3661.7
3662.4
3663.1
3663.8
3664.5
3665.2
3665.9
3666.6
3667.3
3668
3668.7
3669.4
3670.1
3670.8
3671.5
3672.2
3672.9
3673.6
3674.3
3675
3675.7
3676.4
3677.1
3677.8
3678.5
3679.2
3679.9
3680.6
3681.3
3682
3682.7
3683.4
3684.1
3684.8
3685.5
3686.2
3686.9
3687.6
3688.3
3689
3689.7
3690.4
3691.1
3691.8
3692.5
3693.2
3693.9
3694.6
3695.3
3696
3696.7
3697.4
3698.1
3698.8
3699.5
3700.2
3700.9
3701.6
3702.3
3703
3703.7
3704.4
3705.1
3705.8
3706.5
3707.2
3707.9
3708.6
3709.3
3710
3710.7
3711.4
3712.1
3712.8
3713.5
3714.2
3714.9
3715.6
3716.3
3717
3717.7
3718.4
3719.1
3719.8
3720.5
3721.2
3721.9
3722.6
3723.3
3724
3724.7
3725.4
3726.1
3726.8
3727.5
3728.2
3728.9
3729.6
3730.3
3731
3731.7
3732.4
3733.1
3733.8
3734.5
3735.2
3735.9
3736.6
3737.3
3738
3738.7
3739.4
3740.1
3740.8
3741.5
3742.2
3742.9
3743.6
3744.3
3745
3745.7
3746.4
3747.1
3747.8
3748.5
3749.2
3749.9
3750.6
3751.3
3752
3752.7
3753.4
3754.1
3754.8
3755.5
3756.2
3756.9
3757.6
3758.3
3759
3759.7
3760.4
3761.1
3761.8
3762.5
3763.2
3763.9
3764.6
3765.3
3766
3766.7
3767.4
3768.1
3768.8
3769.5
3770.2
3770.9
3771.6
3772.3
3773
3773.7
3774.4
3775.1
3775.8
3776.5
3777.2
3777.9
3778.6
3779.3
3780
3780.7
3781.4
3782.1
3782.8
3783.5
3784.2
3784.9
3785.6
3786.3
3787
3787.7
3788.4
3789.1
3789.8
3790.5
3791.2
3791.9
3792.6
3793.3
3794
3794.7
3795.4
3796.1
3796.8
3797.5
3798.2
3798.9
3799.6
3800.3
3801
3801.7
3802.4
3803.1
3803.8
3804.5
3805.2
3805.9
3806.6
3807.3
3808
3808.7
3809.4
3810.1
3810.8
3811.5
3812.2
3812.9
3813.6
3814.3
3815
3815.7
3816.4
3817.1
3817.8
3818.5
3819.2
3819.9
3820.6
3821.3
3822
3822.7
3823.4
3824.1
3824.8
3825.5
3826.2
3826.9
3827.6
3828.3
3829
3829.7
3830.4
3831.1
3831.8
3832.5
3833.2
3833.9
3834.6
3835.3
3836
3836.7
3837.4
3838.1
3838.8
3839.5
3840.2
3840.9
3841.6
3842.3
3843
3843.7
3844.4
3845.1
3845.8
3846.5
3847.2
3847.9
3848.6
3849.3
3850
3850.7
3851.4
3852.1
3852.8
3853.5
3854.2
3854.9
3855.6
3856.3
3857
3857.7
3858.4
3859.1
3859.8
3860.5
3861.2
3861.9
3862.6
3863.3
3864
3864.7
3865.4
3866.1
3866.8
3867.5
3868.2
3868.9
3869.6
3870.3
3871
3871.7
3872.4
3873.1
3873.8
3874.5
3875.2
3875.9
3876.6
3877.3
3878
3878.7
3879.4
3880.1
3880.8
3881.5
3882.2
3882.9
3883.6
3884.3
3885
3885.7
3886.4
3887.1
3887.8
3888.5
3889.2
3889.9
3890.6
3891.3
3892
3892.7
3893.4
3894.1
3894.8
3895.5
3896.2
3896.9
3897.6
3898.3
3899
3899.7
3900.4
3901.1
3901.8
3902.5
3903.2
3903.9
3904.6
3905.3
3906
3906.7
3907.4
3908.1
3908.8
3909.5
3910.2
3910.9
3911.6
3912.3
3913
3913.7
3914.4
3915.1
3915.8
3916.5
3917.2
3917.9
3918.6
3919.3
3920
3920.7
3921.4
3922.1
3922.8
3923.5
3924.2
3924.9
3925.6
3926.3
3927
3927.7
3928.4
3929.1
3929.8
3930.5
3931.2
3931.9
3932.6
3933.3
3934
3934.7
3935.4
3936.1
3936.8
3937.5
3938.2
3938.9
3939.6
3940.3
3941
3941.7
3942.4
3943.1
3943.8
3944.5
3945.2
3945.9
3946.6
3947.3
3948
3948.7
3949.4
3950.1
3950.8
3951.5
3952.2
3952.9
3953.6
3954.3
3955
3955.7
3956.4
3957.1
3957.8
3958.5
3959.2
3959.9
3960.6
3961.3
3962
3962.7
3963.4
3964.1
3964.8
3965.5
3966.2
3966.9
3967.6
3968.3
3969
3969.7
3970.4
3971.1
3971.8
3972.5
3973.2
3973.9
3974.6
3975.3
3976
3976.7
3977.4
3978.1
3978.8
3979.5
3980.2
3980.9
3981.6
3982.3
3983
3983.7
3984.4
3985.1
3985.8
3986.5
3987.2
3987.9
3988.6
