34325
34326
34327
34327
34328
34329
34329
34330
34331
34331
34332
34333
34334
34334
34335
34336
34336
34337
34338
34338
34339
34340
34341
34341
34342
34343
34343
34344
34345
34345
34346
34347
34348
34348
34349
34350
34350
34351
34352
34352
34353
34354
34355
34355
34356
34357
34357
34358
34359
34359
34360
34361
34362
34362
34363
34364
34364
34365
34366
34366
34367
34368
34369
34369
34370
34371
34371
34372
34373
34373
34374
34375
34376
34376
34377
34378
34378
34379
34380
34380
34381
34382
34383
34383
34384
34385
34385
34386
34387
34387
34388
34389
34390
34390
34391
34392
34392
34393
34394
34394
34395
34396
34397
34397
34398
34399
34399
34400
34401
34401
34402
34403
34404
34404
34405
34406
34406
34407
34408
34408
34409
34410
34411
34411
34412
34413
34413
34414
34415
34415
34416
34417
34418
34418
34419
34420
34420
34421
34422
34422
34423
34424
34425
34425
34426
34427
34427
34428
34429
34429
34430
34431
34432
34432
34433
34434
34434
34435
34436
34436
34437
34438
34439
34439
34440
34441
34441
34442
34443
34443
34444
34445
34446
34446
34447
34448
34448
34449
34450
34450
34451
34452
34453
34453
34454
34455
34455
34456
34457
34457
34458
34459
34460
34460
34461
34462
34462
34463
34464
34464
34465
34466
34467
34467
34468
34469
34469
34470
34471
34471
34472
34473
34474
34474
34475
34476
34476
34477
34478
34478
34479
34480
34481
34481
34482
34483
34483
34484
34485
34485
34486
34487
34488
34488
34489
34490
34490
34491
34492
34492
34493
34494
34495
34495
34496
34497
34497
34498
34499
34499
34500
34501
34502
34502
34503
34504
34504
34505
34506
34506
34507
34508
34509
34509
34510
34511
34511
34512
34513
34513
34514
34515
34516
34516
34517
34518
34518
34519
34520
34520
34521
34522
34523
34523
34524
34525
34525
34526
34527
34527
34528
34529
34530
34530
34531
34532
34532
34533
34534
34534
34535
34536
34537
34537
34538
34539
34539
34540
34541
34541
34542
34543
34544
34544
34545
34546
34546
34547
34548
34548
34549
34550
34551
34551
34552
34553
34553
34554
34555
34555
34556
34557
34558
34558
34559
34560
34560
34561
34562
34562
34563
34564
34565
34565
34566
34567
34567
34568
34569
34569
34570
34571
34572
34572
34573
34574
34574
34575
34576
34576
34577
34578
34579
34579
34580
34581
34581
34582
34583
34583
34584
34585
34586
34586
34587
34588
34588
34589
34590
34590
34591
34592
34593
34593
34594
34595
34595
34596
34597
34597
34598
34599
34600
34600
34601
34602
34602
34603
34604
34604
34605
34606
34607
34607
34608
34609
34609
34610
34611
34611
34612
34613
34614
34614
34615
34616
34616
34617
34618
34618
34619
34620
34621
34621
34622
34623
34623
34624
34625
34625
34626
34627
34628
34628
34629
34630
34630
34631
34632
34632
34633
34634
34635
34635
34636
34637
34637
34638
34639
34639
34640
34641
34642
34642
34643
34644
34644
34645
34646
34646
34647
34648
34649
34649
