45852
45852
45853
45854
45854
45855
45856
45857
45857
45858
45859
45859
45860
45861
45861
45862
45863
45864
45864
45865
45866
45866
45867
45868
45868
45869
45870
45871
45871
45872
45873
45873
45874
45875
45875
45876
45877
45878
45878
45879
45880
45880
45881
45882
45882
45883
45884
45885
45885
45886
45887
45887
45888
45889
45889
45890
45891
45892
45892
45893
45894
45894
45895
45896
45896
45897
45898
45899
45899
45900
45901
45901
45902
45903
45903
45904
45905
45906
45906
45907
45908
45908
45909
45910
45910
45911
45912
45913
45913
45914
45915
45915
45916
45917
45917
45918
45919
45920
45920
45921
45922
45922
45923
45924
45924
45925
45926
45927
45927
45928
45929
45929
45930
45931
45931
45932
45933
45934
45934
45935
45936
45936
45937
45938
45938
45939
45940
45941
45941
45942
45943
45943
45944
45945
45945
45946
45947
45948
45948
45949
45950
45950
45951
45952
45952
45953
45954
45955
45955
45956
45957
45957
45958
45959
45959
45960
45961
45962
45962
45963
45964
45964
45965
45966
45966
45967
45968
45969
45969
45970
45971
45971
45972
45973
45973
45974
