0	0	0	0	0	0	0	0	0	0	0	0	0	0	0	0	0	0	0	0	0	0	0	0	0	0	0	0	0	0	0	0	0	0	0	0	0	0	0	0	0	0	0	0	0	0	0	0	0	0	0	0
0	0	0	0	0	0	0	0	0	0	0	0	0	0	0	0	0	0	0	0	0	0	0	0	0	0	0	0	0	0	0	0	0	0	0	0	0	0	0	0	0	0	0	0	0	0	0	0	0	0	0	0
0	0	0	0	0	0	0	0	0	0	0	0	0	0	0	0	0	0	0	0	0	0	0	0	0	0	0	0	0	0	0	0	0	0	0	0	0	0	0	0	0	0	0	0	0	0	0	0	0	0	0	0
0	0	0	0	0	0	0	0	0	0	0	0	0	0	0	0	0	0	0	0	0	0	0	0	0	0	0	0	0	0	0	0	0	0	0	0	0	0	0	0	0	0	0	0	0	0	0	0	0	0	0	0
0	0	0	0	0	0	0	0	0	0	0	0	0	0	0	0	0	0	0	0	0	0	0	0	0	0	0	0	0.69382	0.84603	0	0	0	0	0	0	0	0	0	0	0	0	0	0	0	0.4576	0.54635	0	0	0	0	0
0	0	0	0.81441	0	0	0	0	0	0	0	0	0	0	0.29062	0	0	0	0	0	0	0	0	0	0	0	0	0	0	1.5795	0.9763	0	0	0	0	0	0	0	0	0	0	0	0	0	0	0	0.94859	0.38772	0	0	0	0
0	0	0	0	0	0	0	0	0	0	0	0	0	0	1.1274	2.4812	0.31982	0	0	0	0	0	0	0	0	0	0	0	0	0.77609	0	0	0	0	0	0	0	0	0	0	0	0	0	0	0	0	0.72983	0.83109	0.27121	0	0	0
0	0	0	0	0	0	0	0	0	0	0	0	0	0	0	0	0	0	0	0	0	0	0	0	0	0	0	0	0	0	0	0	0	0	0	0	0.72249	0.27121	0.44527	0.77908	0	0	0	0	0	0	0	0	0	0	0	0
0	0	0	0	0	0	0	0	0	0	0	0	0	0	0	0	0	0	0	0	0	0	0	0	0	0	0	0	0	0	0	0	0	0	0	0	0	0	0	0	0	0	0	0	0	0	0	0	0	0	0	0
0	0	0	0	0	0	0	0	0	0	0	0	0	0	0	0	0	1.6458	0.68159	0	0	0	0	0	0	0	0	0	0	0	0	0	0	0	0	0	0	0	0	0	0.53488	1.3868	1.225	1.9551	0.41913	0	1.3068	0.75982	0	0	0	0
0	0	0	0	0	0	0	0	0	0	0	0	0	0	0	0	0	0	0	0	0	0	0	0	0	0	0	0	0	0	0	0	0	0	0	0	0	0	0	0	0	0	0	0	0	2.11	1.4976	0.83109	0	0	0	0
0	0	0	0	0	0	0	0	0	0	0	0	0	0	0	0	0	0	0	0	0	0	0	0	0	0	0.2781	0.6736	0.38902	0	0	0	0	0	0	0	0	0	0	0	0	0	0	0	0	0.72249	1.0145	0	0	0	0	0
0	0	0	0	0	0	0	0	0	0	0	0	0	0	0	0	0	0	0	0	0	0	0	0	0	0	0	0.86108	0	0	0	0	0	0	0	0	0	0	0.46491	0	0	0	0	0	0	0	0	0	0	0	0	0
0	0	0	0	0	0	0	0	0	0	0	0	0	0	0	0	0	0	0	0	0	0	0	0	0	0	0	0	0	0	0	0	0	0	0	0	0.43814	0.76147	1.0287	0.18114	0	0	0	0	0	0	0	0.58349	0	0	0	0
0	0	0	0	0	0	0	0	0	0	0	0	0	0	0	0	0	0	0	0	0	0	0	0	0	0	0	0	0	0	0	0	0	0	0	0	0.55639	0.99155	0.70398	0	0	0	0	0	0	0.47437	0.57058	0.58964	0	0	0	0
0	0	0	0	0	0	0	0	0	0	0	0	0	0	0	0	0	0	0	0	0	0	0	0	0	0	0.49717	0	0	0	0	0	0	0	2.7058	2.9653	2.32	1.4272	0.43442	0	0	0	0.33775	0	0	0.73203	0.36663	0.20939	0	0	0	0
0	0	0	0	0	0	0	0	0	0	0	0	0	0	0	0	0	0	0	0	0	0	0	0	0	0	0	0	0	0	0	0	0	0	0.58368	0	1.5397	1.1727	0	0.3658	0.32093	0.91283	0	0	0	0	0	0	0	0	0	0
0	0	0	0	0	0	0	0	0	0	0	0	0	0	0	0	0	0	0	0	0	0	0	0	0	0	0	0	0	0	0	0	0	0	0	0.73856	0.83039	0.55718	0.89076	0.89496	1.2762	1.1034	1.1042	1.9192	0.77826	0	0	0	0	0	0	0
0	0	0	0	0	0	0	0	0	0	0	0	0	0	0	0	0	0	0	0	0	0	0	0	0	0	0	0	0	0	0	0	0	0	0	0.58876	0	0	0.94579	1.0763	0.41093	0	0	0.5987	0.26527	0.33963	0	0	0	0	0	0
0	0	0	0	0	0	0	0	0	0	0	0	0	0	0	0	0	0	0	0	0	0	0	0	0	0	0	0	0	0	0	0	0.49132	0.13925	0.26232	0.59263	0.31394	0.22824	0	0.54402	0	0	0	0	0	0	0	0	0	0	0	0
0	0	0	0	0	0	0	0	0	0	0	0.5796	0	0	0	0	0	0	0	0	0	0	0	0	0	0	0	0	0.45041	0.57002	0	0	0.4586	1.0166	0.31686	0.33742	0.22824	0	0	0	0	0	0	0	0	0	0	0	0	0	0	0
0	0	0	0	0	0	0	0	0	0	0	0	0	0	0	0	0	0	0	0	0	0	0	0	0	0	0	0	0.66755	0.60616	0.30067	0	0.2783	0.35084	0	0	0	0	0	0	0	0	0	0	0	0	0	0	0	0	0	0
0	0	0	0	0	0	0	0	0	0	0	0	0	0	0	0	0	0	0	0	0	0	0	0	0	0	0.2386	0.46408	0.20609	0.57267	0	0	0	0.51971	0	0.7066	0.52042	0	0	0	0	0	0	0	0	0	0	0	0	0	0	0
0	0	0	0	0	0	0	0	0	0	0	0	0	0	0	0	0	0	0.31611	0	0	0	0	0	0	0.20217	0.77972	0.97685	0.46692	0.48308	0	0	0	0	0	0	1.1129	0.36663	0	0	0	0	0	0	0	0	0	0	0	0	0	0
0	0	0	0	0	0	0	0	0	0	0	0	0	0	0	0	0	0	0	0	0	0	0	0	0	0.56362	0.62453	0.60763	0	0	0	0	0	0	0	0	0	0	0	0	0	0	0	0	0.24714	0	0	0	0.24392	0	0	0
0	0	0	0	0	0	0	0	0	0	0	0	0	0	0	0	0	0	0	0	0	0	0	0	0	0.73965	0	0	0	0	0	0	0.58693	0.88909	0	0.54921	0.39321	0	0	0	0	0	0	0	0.80855	0.56344	0	0.32716	0	0	0	0
0	0	0	0	0	0	0	0	0	0	0	0	0	0	0	0	0	0	0	0	0	0	0	0	0	0	0	0	0	0	0	0	0.27258	0.38678	0.4889	1.859	0.20052	0	0	0	0	0	0	0	0	0	0	0.48463	0	0	0	0
0	0	0	0	0	0	0	0	0	0	0	0	0	0	0	0	0	0	0	0	0	0	0	0	0	0	0	0	0	0	0	0	0	0.51894	0.53359	3.011	2.2097	0	0	0	0	0	0	0	0	0	0	0	0	0	0	0
0	0	0	0	0	0	0	0	0	0	0	0	0	0	0	0	0	0	0	0	0	0	0	0.18366	0.45012	0.49499	0.76584	0	0	0	0	0.29114	1.093	0.52093	0.50948	0.33606	1.5799	1.0516	0	0	0	0	0	0	0	0	0	0	0.30888	0	0	0
0	0	0	0	0	0	0	0	0	0	0	0	0	0	0	0	0	0	0	0	0	0.51767	0.74899	1.1329	0.74736	0.5041	0.33946	0	0	0	0	0	0	0	0	0	0.44324	1.4475	0	0	0	0	0	0	0	0	0	0	0.33062	0.52784	0	0
0	0	0	0	0	0	0	0	0	0	0	0	0	0	0	0	0	0	0.3295	0.30485	0.77311	0.6001	0.82828	1.1722	0.83432	0	0	0	0	0	0	0	0	0	0	0	0	0	0.68417	0	0	0	0	0	0	0	0	0	0	0	0	0
0	0	0	0	0	0	0	0	0	0	0	0	0	0	0	0	0	0.48733	0.95536	0.67736	0	0	0.63604	1.0481	0	0	0	0	0	0	0	0	0	0	0	0	0	0	0.46039	0	0	0	0	0	0	0	0	0	0	0	0	0
0	0	0	0	0	0	0	0	0	0	0	0	0	0	0	0.76631	0.60824	0.94405	0.31667	0	0	0	0	0	0	0	0	0	0	0	0	0	0	0	0	0	0	0	0	0.18975	0.20111	0.34369	0	0	0	0	0	0	0	0	0	0
0	0	0	0	0	0	0	0	0	0	0	0	0	0	0	1.0439	0.63532	0.61373	0	0	0	0	0	0	0	0	0	0	0	0	0	0	0.91973	0.70511	0	0	0	0	0	0	0	0	0	0	0	0	0	0	0	0	0	0
0	0	0	0	0	0	0	0	0	0	0	0	0	0	0	0.52502	0	0	0	0	0	0	0	0	0	0	0	0	0	0.55373	1.2034	2.6584	3.3965	0.37687	0	0	0	0	0	0	0	0	0	0	0	0	0	0	0	0	0	0
0	0	0	0	0	0	0	0	0	0	0	0	0	0.84622	0	0	0	0	0	0	0	0	0	0	0	0.25372	1.1682	0.61858	1.2377	2.191	1.1457	1.2292	0.90942	0.27082	0	0	0	0	0	0	0	0	0	0	0	0	0	0	0	0	0	0
0	0	0	0	0	0	0	0	0	0	0	0	0	0	0	0	0	0	0	0	0	0	0	0	1.2759	1.2371	0.46111	0.35666	0.84999	1.2687	1.2937	1.022	0.48396	0.1824	0	0	0	0	0	0	0	0	0	0	0	0	0	0	0	0	0	0
0	0	0	0	0	0	0	0	0	0	0	0.5955	0	0	0	0	0	0	0	0	0	0	0	0.18247	0.14071	0.19265	0	0	0	0.39743	0.39321	1.0018	0.57113	0.35109	0.33977	0	0	0	0	0	0	0	0	0	0	0	0	0	0	0	0	0
0	0	0	0	0	0	0	0	0	0	0	0	0	0	0	0	0	0	0	0	0	0.50298	0.54576	0.58271	0	0	0	0	0	0	0	0.83934	0	0	0	0	0	0	0	0	0	0	0	0	0	0	0	0	0	0	0	0
0	0	0	0	0	0	0	0	0	0	0	0	0	0	0	0	0	0	0	0	0	0.8964	1.2605	0.66697	0.25827	0.17064	0	0	0	0	0	0	0.24809	0.60347	0.20942	0	0	0	0	0	0	0	0	0	0	0	0	0	0	0	0	0
0	0	0	0	0	0	0	0	0	0	0	0	0	0	0	0	0	0	0	0	0	0.52668	0.8513	1.494	0.55131	0	0	0	0	0	0	0	0.49784	0	0	0	0	0	0	0	0	0	0	0	0	0	0	0	0	0	0	0
0	0	0	0	0	0	0	0	0	0	0.91689	0	0	0	0	0	0	0	0	0	0	0	0	0.31456	0	0	0	0	0	0	0	0	0.43033	0	0	0	0	0	0	0	0	0	0	0	0	0	0	0	0	0	0	0
0	0	0	0	0	0	0	0	0	0	0	0	0	0	0	0	0	0	0	0	0	0	0	0	0	0	0	0	0	0	0	0	3.8044	1.2716	0	0	0	0	0	0	0	0	0	0	0	0	0	0	0	0	0	0
0	0	0	0	0	0	0	0	0	0	0	0	0	0	0	0	0	0	0	0	0	0	0	0	0	0	0	0	0	0	0	0	0	0.22398	0	0	0	0	0	0	0	0	0	0	0	0	0	0	0	0	0	0
0	0	0	0	0	0	0	0	0	0	0	0	0	0	0	0	0	0	0	0	0	0	0	2.3545	1.0064	0.54263	0.59458	0	0	0	0	0	0	0	0	0	0	0	0	0	0	0	0	0	0	0	0	0	0	0	0	0
0	0	0	0	0	0	0	0	0	0	0	0	0	0	0	0	0	0	0	0	0	0	0.85818	1.9434	1.4106	0.89222	0.49969	0	0	0	0	0	0	0	0	0	0	0	0	0	0	0	0	0	0	0	0	0	0	0	0	0
0	0	0	0	0	0	0	0	0	0	0	0	0	0	0	0	0	0.60134	0	0	0	0	0.74659	1.1083	1.6553	1.6272	0.6827	0.32338	0	0	0	0	0	0	0	0	0	0	0	0	0	0	0	0	0	0	0	0	0	0	0	0
0	0	0	0	0	0	0	0	0	0	0	0	0	0	0	0	0	0	0	0	0	0	0	1.1023	1.2575	1.9184	1.7628	0.96556	0.55131	0	0	0	0	0	0	0	0	0	0	0	0	0	0	0	0	0	0	0	0	0	0	0
0	0	0	0	0	0	0	0	0	0	0	0	0	0	0	0.1665	0	0	0	0	0	0	0	0	0.50817	0.96111	1.2328	0.83934	0.84331	0	0	0	0	0	0	0	0	0	0	0	0	0	0	0	0	0	0	0	0	0	0	0
