54559
54559
54560
54561
54561
54562
54563
54564
54564
54565
54566
54566
54567
54568
54568
54569
54570
54571
54571
54572
54573
54573
54574
54575
54575
54576
54577
54578
54578
54579
54580
54580
54581
54582
54582
54583
54584
54585
54585
54586
54587
54587
54588
54589
54589
54590
54591
54592
54592
54593
54594
54594
54595
54596
54596
54597
54598
54599
54599
54600
54601
54601
54602
54603
54603
54604
54605
54606
54606
54607
54608
54608
54609
54610
54610
54611
54612
54613
54613
54614
54615
54615
54616
54617
54617
54618
54619
54620
54620
54621
54622
54622
54623
54624
54624
54625
54626
54627
54627
54628
54629
54629
54630
54631
54631
54632
54633
54634
54634
54635
54636
54636
54637
54638
54638
54639
54640
54641
54641
54642
54643
54643
54644
54645
54645
54646
54647
54648
54648
54649
54650
54650
54651
54652
54652
54653
54654
54655
54655
54656
54657
54657
54658
54659
54659
54660
54661
54662
54662
54663
54664
54664
54665
54666
54666
54667
54668
54669
54669
54670
54671
54671
54672
54673
54673
54674
54675
54676
54676
54677
54678
54678
54679
54680
54680
54681
54682
54683
54683
54684
54685
54685
54686
54687
54687
54688
54689
54690
54690
54691
54692
54692
54693
54694
54694
54695
54696
54697
54697
54698
54699
54699
54700
54701
54701
54702
54703
54704
54704
54705
54706
54706
54707
54708
54708
54709
54710
54711
54711
54712
54713
54713
54714
54715
54715
54716
54717
54718
54718
54719
54720
54720
54721
54722
54722
54723
54724
54725
54725
54726
54727
54727
54728
54729
54729
54730
54731
54732
54732
54733
54734
54734
54735
54736
54736
54737
54738
54739
54739
54740
54741
54741
54742
