73867
73868
73869
73869
73870
73871
73872
73872
73873
73874
73874
73875
73876
73876
73877
73878
73879
73879
73880
73881
73881
73882
73883
73883
73884
73885
73886
73886
73887
73888
73888
73889
73890
73890
73891
73892
73893
73893
73894
73895
73895
73896
73897
73897
73898
73899
73900
73900
73901
73902
73902
73903
73904
73904
73905
73906
73907
73907
73908
73909
73909
73910
73911
73911
73912
73913
73914
73914
73915
73916
73916
73917
73918
73918
73919
73920
73921
73921
73922
73923
73923
73924
73925
73925
73926
73927
73928
73928
73929
73930
73930
73931
73932
73932
73933
73934
73935
73935
73936
73937
73937
73938
73939
73939
73940
73941
73942
73942
73943
73944
73944
73945
73946
73946
73947
73948
73949
73949
73950
73951
73951
73952
73953
73953
73954
73955
73956
73956
73957
73958
73958
73959
73960
73960
73961
73962
73963
73963
73964
73965
73965
73966
73967
73967
73968
73969
73970
73970
73971
73972
73972
73973
73974
73974
73975
73976
73977
73977
73978
73979
73979
73980
73981
73981
73982
73983
73984
73984
73985
73986
73986
73987
73988
73988
73989
73990
73991
73991
73992
73993
