75287
75288
75288
75289
75290
75291
75291
75292
75293
75293
75294
75295
75295
75296
75297
75298
75298
75299
75300
75300
75301
75302
75302
75303
75304
75305
75305
75306
75307
75307
75308
75309
75309
75310
75311
75312
75312
75313
75314
75314
75315
75316
75316
75317
75318
75319
75319
75320
75321
75321
75322
75323
75323
75324
75325
75326
75326
75327
75328
75328
75329
75330
75330
75331
75332
75333
75333
75334
75335
75335
75336
75337
75337
75338
75339
75340
75340
75341
75342
75342
75343
75344
75344
75345
75346
75347
75347
75348
75349
75349
75350
75351
75351
75352
75353
75354
75354
75355
75356
75356
75357
75358
75358
75359
75360
75361
75361
75362
75363
75363
75364
75365
75365
75366
75367
75368
75368
75369
75370
75370
75371
75372
75372
75373
75374
75375
75375
75376
75377
75377
75378
75379
75379
75380
75381
75382
75382
75383
75384
75384
75385
75386
75386
75387
75388
75389
75389
75390
75391
75391
75392
75393
75393
75394
75395
75396
75396
75397
75398
75398
75399
75400
75400
75401
75402
75403
75403
75404
75405
75405
75406
75407
75407
75408
75409
75410
75410
75411
75412
75412
75413
75414
75414
75415
75416
75417
75417
75418
75419
75419
75420
75421
75421
75422
75423
75424
75424
75425
75426
75426
75427
75428
75428
75429
75430
75431
75431
75432
75433
75433
75434
75435
75435
75436
75437
75438
75438
75439
75440
75440
75441
75442
75442
75443
75444
75445
75445
75446
75447
75447
75448
75449
75449
75450
75451
75452
75452
75453
75454
75454
75455
75456
75456
75457
75458
75459
75459
75460
75461
75461
75462
75463
75463
75464
75465
75466
75466
75467
75468
75468
75469
75470
75470
75471
75472
75473
75473
75474
75475
75475
75476
75477
75477
75478
75479
75480
75480
75481
75482
75482
75483
75484
75484
75485
75486
75487
75487
75488
75489
75489
75490
75491
75491
75492
75493
75494
75494
75495
75496
75496
75497
75498
75498
75499
75500
75501
75501
75502
75503
75503
75504
75505
75505
75506
75507
75508
75508
75509
75510
75510
75511
75512
75512
75513
75514
75515
75515
75516
75517
75517
75518
75519
75519
75520
75521
75522
75522
75523
75524
75524
75525
75526
75526
75527
75528
75529
75529
75530
75531
75531
75532
75533
75533
75534
75535
75536
75536
75537
75538
75538
75539
75540
75540
75541
75542
75543
75543
75544
75545
75545
75546
75547
75547
75548
75549
75550
75550
75551
75552
75552
75553
75554
75554
75555
75556
75557
75557
75558
75559
75559
75560
75561
75561
75562
75563
75564
75564
75565
75566
75566
75567
75568
