8649.4
8650.1
8650.8
8651.5
8652.2
8652.9
8653.6
8654.3
8655
8655.7
8656.4
8657.1
8657.8
8658.5
8659.2
8659.9
8660.6
8661.3
8662
8662.7
8663.4
8664.1
8664.8
8665.5
8666.2
8666.9
8667.6
8668.3
8669
8669.7
8670.4
8671.1
8671.8
8672.5
8673.2
8673.9
8674.6
8675.3
8676
8676.7
8677.4
8678.1
8678.8
8679.5
8680.2
8680.9
8681.6
8682.3
8683
8683.7
8684.4
8685.1
8685.8
8686.5
8687.2
8687.9
8688.6
8689.3
8690
8690.7
8691.4
8692.1
8692.8
8693.5
8694.2
8694.9
8695.6
8696.3
8697
8697.7
8698.4
8699.1
8699.8
8700.5
8701.2
8701.9
8702.6
8703.3
8704
8704.7
8705.4
8706.1
8706.8
8707.5
8708.2
8708.9
8709.6
8710.3
8711
8711.7
8712.4
8713.1
8713.8
8714.5
8715.2
8715.9
8716.6
8717.3
8718
8718.7
8719.4
8720.1
8720.8
8721.5
8722.2
8722.9
8723.6
8724.3
8725
8725.7
8726.4
8727.1
8727.8
8728.5
8729.2
8729.9
8730.6
8731.3
8732
8732.7
8733.4
8734.1
8734.8
8735.5
8736.2
8736.9
8737.6
8738.3
8739
8739.7
8740.4
8741.1
8741.8
8742.5
8743.2
8743.9
8744.6
8745.3
8746
8746.7
8747.4
8748.1
8748.8
8749.5
8750.2
8750.9
8751.6
8752.3
8753
8753.7
8754.4
8755.1
8755.8
8756.5
8757.2
8757.9
8758.6
8759.3
8760
8760.7
8761.4
8762.1
8762.8
8763.5
8764.2
8764.9
8765.6
8766.3
8767
8767.7
8768.4
8769.1
8769.8
8770.5
8771.2
8771.9
8772.6
8773.3
8774
8774.7
8775.4
8776.1
8776.8
8777.5
8778.2
8778.9
8779.6
8780.3
8781
8781.7
8782.4
8783.1
