54552
54553
54554
54554
54555
54556
54556
54557
54558
54558
54559
54560
54561
54561
54562
54563
54563
54564
54565
54565
54566
54567
54568
54568
54569
54570
54570
54571
54572
54572
54573
54574
54575
54575
54576
54577
54577
54578
54579
54579
54580
54581
54582
54582
54583
54584
54584
54585
54586
54586
54587
54588
54589
54589
54590
54591
54591
54592
54593
54593
54594
54595
54596
54596
54597
54598
54598
54599
54600
54600
54601
54602
54603
54603
54604
54605
54605
54606
54607
54607
54608
54609
54610
54610
54611
54612
54612
54613
54614
54614
54615
54616
54617
54617
54618
54619
54619
54620
54621
54621
54622
54623
54624
54624
54625
54626
54626
54627
54628
54628
54629
54630
54631
54631
54632
54633
54633
54634
54635
54635
54636
54637
54638
54638
54639
54640
54640
54641
54642
54642
54643
54644
54645
54645
54646
54647
54647
54648
54649
54649
54650
54651
54652
54652
54653
54654
54654
54655
54656
54656
54657
54658
54659
54659
54660
54661
54661
54662
54663
54663
54664
54665
54666
54666
54667
54668
54668
54669
54670
54670
54671
54672
54673
54673
54674
54675
54675
54676
54677
54677
54678
54679
54680
54680
54681
54682
54682
54683
54684
54684
54685
54686
54687
54687
54688
54689
54689
54690
54691
54691
54692
54693
54694
54694
54695
54696
54696
54697
54698
54698
54699
54700
54701
54701
54702
54703
54703
54704
54705
54705
54706
54707
54708
54708
54709
54710
54710
54711
54712
54712
54713
54714
54715
54715
54716
54717
54717
54718
54719
54719
54720
54721
54722
54722
54723
54724
54724
54725
54726
54726
54727
54728
54729
54729
54730
54731
54731
54732
54733
54733
54734
54735
54736
54736
54737
54738
54738
54739
54740
54740
54741
54742
54743
54743
54744
54745
54745
54746
54747
54747
54748
54749
54750
54750
54751
54752
54752
54753
54754
54754
54755
54756
54757
54757
54758
54759
54759
54760
54761
54761
54762
54763
54764
54764
54765
54766
54766
54767
54768
54768
54769
54770
54771
54771
54772
54773
54773
54774
54775
54775
54776
54777
54778
54778
54779
54780
54780
54781
54782
54782
54783
54784
54785
54785
54786
54787
54787
54788
54789
54789
54790
54791
54792
54792
54793
54794
54794
54795
54796
54796
54797
54798
54799
54799
54800
54801
54801
54802
54803
54803
54804
54805
54806
54806
54807
54808
54808
54809
54810
54810
54811
54812
54813
54813
54814
54815
54815
54816
54817
54817
54818
54819
54820
54820
54821
54822
54822
54823
54824
54824
54825
54826
54827
54827
54828
54829
54829
54830
54831
54831
54832
54833
54834
54834
54835
54836
