64213
64214
64215
64216
64216
64217
64218
64218
64219
64220
64220
64221
64222
64223
64223
64224
64225
64225
64226
64227
64227
64228
64229
64230
64230
64231
64232
64232
64233
64234
64234
64235
64236
64237
64237
64238
64239
64239
64240
64241
64241
64242
64243
64244
64244
64245
64246
64246
64247
64248
64248
64249
64250
64251
64251
64252
64253
64253
64254
64255
64255
64256
64257
64258
64258
64259
64260
64260
64261
64262
64262
64263
64264
64265
64265
64266
64267
64267
64268
64269
64269
64270
64271
64272
64272
64273
64274
64274
64275
64276
64276
64277
64278
64279
64279
64280
64281
64281
64282
64283
64283
64284
64285
64286
64286
64287
64288
64288
64289
64290
64290
64291
64292
64293
64293
64294
64295
64295
64296
64297
64297
64298
64299
64300
64300
64301
64302
64302
64303
64304
64304
64305
64306
64307
64307
64308
64309
64309
64310
64311
64311
64312
64313
64314
64314
64315
64316
64316
64317
64318
64318
64319
64320
64321
64321
64322
64323
64323
64324
64325
64325
64326
64327
64328
64328
64329
64330
64330
64331
64332
64332
64333
64334
64335
64335
64336
64337
64337
64338
64339
64339
64340
64341
64342
64342
64343
64344
64344
64345
64346
64346
64347
64348
64349
64349
64350
64351
64351
64352
64353
64353
64354
64355
64356
64356
64357
64358
64358
64359
64360
64360
64361
64362
64363
64363
64364
64365
64365
64366
64367
64367
64368
64369
64370
64370
64371
64372
64372
64373
64374
64374
64375
64376
64377
64377
64378
64379
64379
64380
64381
64381
64382
64383
64384
64384
64385
64386
64386
64387
64388
64388
64389
64390
64391
64391
64392
64393
64393
64394
64395
64395
64396
64397
64398
64398
64399
64400
64400
64401
64402
64402
64403
64404
64405
64405
64406
64407
64407
64408
64409
64409
64410
64411
64412
64412
64413
64414
64414
64415
64416
64416
64417
64418
64419
64419
64420
64421
64421
64422
64423
64423
64424
64425
64426
64426
64427
64428
64428
64429
64430
64430
64431
64432
64433
64433
64434
64435
64435
64436
64437
64437
64438
64439
64440
64440
64441
64442
64442
64443
64444
64444
64445
64446
64447
64447
64448
64449
64449
64450
64451
64451
64452
64453
64454
64454
64455
64456
64456
64457
64458
64458
64459
64460
64461
64461
64462
64463
64463
64464
64465
64465
64466
64467
64468
64468
64469
64470
64470
64471
64472
64472
64473
64474
64475
64475
64476
64477
64477
64478
64479
64479
64480
64481
64482
64482
64483
64484
64484
64485
64486
64486
64487
64488
64489
64489
64490
64491
64491
64492
64493
64493
64494
64495
64496
64496
64497
64498
64498
64499
64500
64500
64501
64502
64503
64503
64504
64505
64505
64506
64507
64507
64508
64509
64510
64510
64511
64512
64512
64513
64514
64514
64515
64516
64517
64517
64518
64519
64519
64520
64521
64521
64522
64523
64524
64524
64525
64526
64526
64527
64528
64528
64529
64530
64531
64531
64532
64533
64533
64534
64535
64535
64536
64537
64538
64538
64539
64540
64540
64541
64542
64542
64543
64544
64545
64545
64546
64547
64547
64548
64549
64549
64550
64551
64552
64552
64553
64554
64554
64555
64556
64556
64557
64558
64559
64559
64560
64561
64561
64562
64563
64563
64564
64565
64566
64566
64567
64568
64568
64569
64570
64570
64571
64572
64573
64573
64574
64575
64575
64576
64577
64577
64578
64579
64580
64580
64581
64582
64582
64583
64584
64584
64585
64586
64587
64587
64588
64589
64589
64590
64591
64591
64592
64593
64594
64594
64595
64596
64596
64597
64598
64598
64599
64600
64601
64601
64602
64603
64603
64604
64605
64605
64606
64607
64608
64608
64609
64610
64610
64611
64612
64612
64613
64614
64615
64615
64616
64617
64617
64618
64619
64619
64620
64621
64622
64622
64623
64624
64624
64625
64626
64626
