9495.3
9496
9496.7
9497.4
9498.1
9498.8
9499.5
9500.2
9500.9
9501.6
9502.3
9503
9503.7
9504.4
9505.1
9505.8
9506.5
9507.2
9507.9
9508.6
9509.3
9510
9510.7
9511.4
9512.1
9512.8
9513.5
9514.2
9514.9
9515.6
9516.3
9517
9517.7
9518.4
9519.1
9519.8
9520.5
9521.2
9521.9
9522.6
9523.3
9524
9524.7
9525.4
9526.1
9526.8
9527.5
9528.2
9528.9
9529.6
9530.3
9531
9531.7
9532.4
9533.1
9533.8
9534.5
9535.2
9535.9
9536.6
9537.3
9538
9538.7
9539.4
9540.1
9540.8
9541.5
9542.2
9542.9
9543.6
9544.3
9545
9545.7
9546.4
9547.1
9547.8
9548.5
9549.2
9549.9
9550.6
9551.3
9552
9552.7
9553.4
9554.1
9554.8
9555.5
9556.2
9556.9
9557.6
9558.3
9559
9559.7
9560.4
9561.1
9561.8
9562.5
9563.2
9563.9
9564.6
9565.3
9566
9566.7
9567.4
9568.1
9568.8
9569.5
9570.2
9570.9
9571.6
9572.3
9573
9573.7
9574.4
9575.1
9575.8
9576.5
9577.2
9577.9
9578.6
9579.3
9580
9580.7
9581.4
9582.1
9582.8
9583.5
9584.2
9584.9
9585.6
9586.3
9587
9587.7
9588.4
9589.1
9589.8
9590.5
9591.2
9591.9
9592.6
9593.3
9594
9594.7
9595.4
9596.1
9596.8
9597.5
9598.2
9598.9
9599.6
9600.3
9601
9601.7
9602.4
9603.1
9603.8
9604.5
9605.2
9605.9
9606.6
9607.3
9608
9608.7
9609.4
9610.1
9610.8
9611.5
9612.2
9612.9
9613.6
9614.3
9615
9615.7
9616.4
9617.1
9617.8
9618.5
9619.2
9619.9
9620.6
9621.3
9622
9622.7
9623.4
9624.1
9624.8
9625.5
9626.2
9626.9
9627.6
9628.3
9629
9629.7
9630.4
9631.1
9631.8
9632.5
9633.2
9633.9
9634.6
9635.3
9636
9636.7
9637.4
9638.1
9638.8
9639.5
9640.2
9640.9
9641.6
9642.3
9643
9643.7
9644.4
9645.1
9645.8
9646.5
9647.2
9647.9
9648.6
9649.3
9650
9650.7
9651.4
9652.1
9652.8
9653.5
9654.2
9654.9
9655.6
9656.3
9657
9657.7
9658.4
9659.1
9659.8
9660.5
9661.2
9661.9
9662.6
9663.3
9664
9664.7
9665.4
9666.1
9666.8
9667.5
9668.2
9668.9
9669.6
9670.3
9671
9671.7
9672.4
9673.1
9673.8
9674.5
9675.2
9675.9
9676.6
9677.3
9678
9678.7
9679.4
9680.1
9680.8
9681.5
9682.2
9682.9
9683.6
9684.3
9685
9685.7
9686.4
9687.1
9687.8
9688.5
9689.2
9689.9
9690.6
9691.3
9692
9692.7
9693.4
9694.1
9694.8
9695.5
9696.2
9696.9
9697.6
9698.3
9699
9699.7
9700.4
9701.1
9701.8
9702.5
9703.2
9703.9
9704.6
9705.3
9706
9706.7
9707.4
9708.1
9708.8
9709.5
9710.2
9710.9
9711.6
9712.3
9713
9713.7
9714.4
9715.1
9715.8
9716.5
9717.2
9717.9
9718.6
9719.3
9720
9720.7
9721.4
9722.1
9722.8
9723.5
9724.2
9724.9
9725.6
9726.3
9727
9727.7
9728.4
9729.1
9729.8
9730.5
9731.2
9731.9
9732.6
9733.3
9734
9734.7
9735.4
9736.1
9736.8
9737.5
9738.2
9738.9
9739.6
9740.3
9741
9741.7
9742.4
9743.1
9743.8
9744.5
9745.2
9745.9
9746.6
9747.3
9748
9748.7
9749.4
9750.1
9750.8
9751.5
9752.2
9752.9
9753.6
9754.3
9755
9755.7
9756.4
9757.1
9757.8
9758.5
9759.2
9759.9
9760.6
9761.3
9762
9762.7
9763.4
9764.1
9764.8
9765.5
9766.2
9766.9
9767.6
9768.3
9769
9769.7
9770.4
9771.1
9771.8
9772.5
9773.2
9773.9
9774.6
9775.3
9776
9776.7
9777.4
9778.1
9778.8
9779.5
9780.2
9780.9
9781.6
9782.3
9783
9783.7
9784.4
9785.1
9785.8
9786.5
9787.2
9787.9
9788.6
9789.3
9790
9790.7
9791.4
9792.1
9792.8
9793.5
9794.2
9794.9
9795.6
9796.3
9797
9797.7
9798.4
9799.1
9799.8
9800.5
9801.2
9801.9
9802.6
9803.3
9804
9804.7
9805.4
9806.1
9806.8
9807.5
9808.2
9808.9
9809.6
9810.3
9811
9811.7
9812.4
9813.1
9813.8
9814.5
9815.2
9815.9
9816.6
9817.3
9818
9818.7
9819.4
9820.1
9820.8
9821.5
9822.2
9822.9
9823.6
9824.3
9825
9825.7
9826.4
9827.1
9827.8
9828.5
9829.2
9829.9
9830.6
9831.3
9832
9832.7
9833.4
9834.1
9834.8
9835.5
9836.2
9836.9
9837.6
9838.3
9839
9839.7
9840.4
9841.1
9841.8
9842.5
9843.2
9843.9
9844.6
9845.3
9846
9846.7
9847.4
9848.1
9848.8
9849.5
9850.2
9850.9
9851.6
9852.3
9853
9853.7
9854.4
9855.1
9855.8
9856.5
9857.2
9857.9
9858.6
9859.3
9860
9860.7
9861.4
9862.1
9862.8
9863.5
9864.2
9864.9
9865.6
9866.3
9867
9867.7
9868.4
9869.1
9869.8
9870.5
9871.2
9871.9
9872.6
9873.3
9874
9874.7
9875.4
9876.1
9876.8
9877.5
9878.2
9878.9
9879.6
9880.3
9881
9881.7
9882.4
9883.1
9883.8
9884.5
9885.2
9885.9
9886.6
9887.3
9888
9888.7
9889.4
9890.1
9890.8
9891.5
9892.2
9892.9
9893.6
9894.3
9895
9895.7
9896.4
9897.1
9897.8
9898.5
9899.2
9899.9
9900.6
9901.3
9902
9902.7
9903.4
