8046.8
8047.5
8048.2
8048.9
8049.6
8050.3
8051
8051.7
8052.4
8053.1
8053.8
8054.5
8055.2
8055.9
8056.6
8057.3
8058
8058.7
8059.4
8060.1
8060.8
8061.5
8062.2
8062.9
8063.6
8064.3
8065
8065.7
8066.4
8067.1
8067.8
8068.5
8069.2
8069.9
8070.6
8071.3
8072
8072.7
8073.4
8074.1
8074.8
8075.5
8076.2
8076.9
8077.6
8078.3
8079
8079.7
8080.4
8081.1
8081.8
8082.5
8083.2
8083.9
8084.6
8085.3
8086
8086.7
8087.4
8088.1
8088.8
8089.5
8090.2
8090.9
8091.6
8092.3
8093
8093.7
8094.4
8095.1
8095.8
8096.5
8097.2
8097.9
8098.6
8099.3
8100
8100.7
8101.4
8102.1
8102.8
8103.5
8104.2
8104.9
8105.6
8106.3
8107
8107.7
8108.4
8109.1
8109.8
8110.5
8111.2
8111.9
8112.6
8113.3
8114
8114.7
8115.4
8116.1
8116.8
8117.5
8118.2
8118.9
8119.6
8120.3
8121
8121.7
8122.4
8123.1
8123.8
8124.5
8125.2
8125.9
8126.6
8127.3
8128
8128.7
8129.4
8130.1
8130.8
8131.5
8132.2
8132.9
8133.6
8134.3
8135
8135.7
8136.4
8137.1
8137.8
8138.5
8139.2
8139.9
8140.6
8141.3
8142
8142.7
8143.4
8144.1
8144.8
8145.5
8146.2
8146.9
8147.6
8148.3
8149
8149.7
8150.4
8151.1
8151.8
8152.5
8153.2
8153.9
8154.6
8155.3
8156
8156.7
8157.4
8158.1
8158.8
8159.5
8160.2
8160.9
8161.6
8162.3
8163
8163.7
8164.4
8165.1
8165.8
8166.5
8167.2
8167.9
8168.6
8169.3
8170
8170.7
8171.4
8172.1
8172.8
8173.5
8174.2
8174.9
8175.6
8176.3
8177
8177.7
8178.4
8179.1
8179.8
8180.5
8181.2
8181.9
8182.6
8183.3
8184
8184.7
8185.4
8186.1
8186.8
8187.5
8188.2
8188.9
8189.6
8190.3
8191
8191.7
8192.4
8193.1
8193.8
8194.5
8195.2
8195.9
8196.6
8197.3
8198
8198.7
8199.4
8200.1
8200.8
8201.5
8202.2
8202.9
8203.6
8204.3
8205
8205.7
8206.4
8207.1
8207.8
8208.5
8209.2
8209.9
8210.6
8211.3
8212
8212.7
8213.4
8214.1
8214.8
8215.5
8216.2
8216.9
8217.6
8218.3
8219
8219.7
8220.4
8221.1
8221.8
8222.5
8223.2
8223.9
8224.6
8225.3
8226
8226.7
8227.4
8228.1
8228.8
8229.5
8230.2
8230.9
8231.6
8232.3
8233
8233.7
8234.4
8235.1
8235.8
8236.5
8237.2
8237.9
8238.6
8239.3
8240
8240.7
8241.4
8242.1
8242.8
8243.5
8244.2
8244.9
8245.6
8246.3
8247
8247.7
8248.4
8249.1
8249.8
8250.5
8251.2
8251.9
8252.6
8253.3
8254
8254.7
