5.6338	5.6247	5.6653	6.3738	6.0116	6.0097	6.3677	6.7164	6.7142	6.712	4.9389	6.0768	5.6458	7.0647	6.3517	5.9895	7.3887	5.6322	5.3773	6.3214	8.1074	7.3953	7.4295	8.1381	7.426	7.4247	6.4635	7.8717	7.071	6.7098	6.8035	7.2051	6.3559	7.0648	5.9934	6.6996	7.0614	6.7001	6.6959	7.4081	6.6967	6.346	5.2715	6.0208	7.4376	6.7288	7.0846	6.0123	7.1719	6.3697	6.7182	6.0232	7.7851	7.0731	7.421	7.0686	7.0662	6.7036	6.7016	7.7867	7.4243	8.4924	6.7093	6.7066	7.81	7.097	7.4445	7.4419	6.7288	8.147	7.4339	6.477	6.5177	5.4599	6.3824	8.494	7.782	6.016	7.4178	7.4159	7.4142	7.0795	6.3674	7.0762	7.8194	7.8179
5.5778	8.0668	5.2234	5.2214	7.7008	6.0002	5.5659	5.5638	6.6322	6.6372	6.2752	7.3437	6.9817	6.4297	5.9468	7.3722	6.6498	6.7282	7.7055	8.0635	9.1692	7.3494	7.3477	7.6962	6.9843	8.0534	7.3416	6.6297	7.7064	7.355	6.9764	6.2816	7.7011	6.6756	8.095	7.7338	6.6721	7.3816	7.3804	8.0896	7.7284	7.3775	6.6662	7.3753	5.9532	8.0828	7.0108	7.1128	7.7911	7.0062	7.0046	6.346	7.4312	7.7816	7.741	7.3888	8.4466	5.966	8.0918	7.0187	7.0166	7.7245	7.3715	7.7192	7.7166	7.0037	7.0013	6.6486	7.7064	6.6434	7.7284	6.7451	6.7533	6.6619	6.2998	7.4026	7.0407	7.3988	7.397	7.7453	7.0331	7.3917	7.3899	8.4488	8.0971	8.0954
5.5792	6.6548	7.3633	7.7214	5.6808	6.052	6.3307	6.329	7.0374	7.7456	6.6733	7.0315	7.7401	7.4622	6.3161	6.4118	6.7864	7.3698	7.4044	7.0151	7.1102	6.7269	7.4674	6.7751	7.1936	7.8628	8.4873	8.1358	8.4845	8.4831	7.0714	7.4202	7.419	7.4176	9.187	8.1254	8.1245	7.7901	7.772	8.4711	8.1198	7.0756	7.4242	7.783	7.4582	8.167	7.9082	7.2368	7.5535	8.1608	7.4488	7.8954	6.1219	7.093	7.5144	7.8594	7.8565	7.0841	8.4923	8.1668	6.7171	8.1623	7.4493	7.8072	7.0672	7.1269	7.8346	7.8317	7.4691	7.827	7.8244	7.2636	7.4603	8.1686	7.8165	7.1041	8.1627	8.1608	8.1591	6.3863	7.102	7.4433	7.8088	7.44	7.0884	8.5041
7.1911	6.4782	7.4627	6.0401	6.7487	7.457	6.3846	6.7429	7.091	6.0285	7.434	7.0852	6.7332	6.3578	7.1027	7.2153	6.8199	7.4461	8.1443	6.8105	6.8373	8.2447	6.9384	5.1033	6.9324	8.1324	7.4305	7.7791	7.0672	7.426	7.4514	7.45	7.7987	8.8578	6.7458	7.4815	8.1807	7.4795	7.8285	8.1775	7.8262	7.4746	7.823	7.8218	7.11	7.4686	7.8172	7.1801	8.5241	7.4622	8.5209	6.7651	7.1136	6.8204	7.5447	7.9622	8.3094	7.8492	7.8467	8.1943	7.4919	8.1898	7.8372	8.1848	7.1217	7.1192	8.1771	7.8241	6.7982	7.1462	7.8173	6.4798	7.1398	7.8481	7.496	7.4941	6.8165	7.5247	7.523	8.9316	7.8695	8.578	7.8663	7.8645	8.5732	8.2113
6.1135	5.7876	5.747	5.7738	7.1256	7.8239	6.7617	7.1199	7.4681	8.5264	8.1742	8.8825	7.4603	6.8481	7.1066	6.7447	7.4726	8.5307	8.1783	7.1878	5.4828	6.884	7.5253	6.4541	7.2803	7.0013	7.9573	7.8261	7.5233	7.4728	8.1818	7.8204	7.8191	8.1779	7.8973	6.872	7.8143	8.1734	7.4619	6.8221	7.5423	7.8043	7.1025	7.1045	8.1968	7.8349	7.1334	7.8318	7.8302	8.1886	8.5371	8.5353	8.1833	8.1811	8.1787	9.2367	7.8141	8.522	8.5198	7.807	7.1113	8.1695	7.1066	7.4476	8.162	7.8343	7.4818	6.7687	7.4766	6.7643	8.1822	6.7601	7.8182	7.1163	8.1744	7.4623	5.6898	7.4586	7.4568	8.1653	7.8036	7.8018	8.1669	7.8052	8.5136	8.5121
8.1646	8.5232	7.1012	7.4495	7.0976	8.1561	7.5468	6.8582	8.5103	7.4379	7.0858	7.1103	6.3981	6.532	8.251	7.227	7.0978	7.0954	7.0933	7.0915	6.7393	8.1481	8.1466	7.5012	7.871	8.5017	7.6108	7.3005	7.3029	7.17	7.0733	7.0786	7.7873	7.8494	7.2621	6.1666	7.4593	8.1684	7.8165	7.815	8.6495	7.9067	7.8697	9.5796	8.1578	7.446	7.8045	8.1529	9.2215	8.176	7.464	8.1723	7.8201	7.1076	8.9122	8.1997	8.9076	8.1953	8.553	7.4803	8.5483	9.2561	7.8332	8.8912	7.8282	8.1759	8.1734	7.4604	7.4585	8.8766	6.3935	8.1988	6.7862	7.4845	7.4827	8.2251	5.3924	7.5113	8.2198	8.9283	8.5766	8.5751	9.6335	9.2819	8.9202	9.2786
6.7437	7.4787	7.477	7.5114	7.5098	7.927	7.3373	6.6549	7.9415	7.85	9.2683	7.1357	6.4337	7.1323	7.2144	6.5849	6.766	7.4745	7.8225	7.4704	6.4082	7.103	6.7916	7.2365	6.7845	8.2032	8.2015	7.226	4.4372	5.9349	8.3023	7.9539	8.9029	8.2948	8.3061	6.7687	7.1173	8.186	8.1845	7.1127	6.4074	6.8277	6.8252	8.2104	7.8485	7.1369	8.9158	8.914	8.5524	8.9107	8.5483	7.8358	8.544	8.1915	7.1189	8.187	8.1849	8.8928	8.5308	6.758	8.1761	6.7698	7.4773	7.8253	6.7975	7.8552	7.5028	7.5001	9.6285	7.1356	7.1333	7.4916	7.8392	8.9079	8.1958	7.8338	7.4819	7.12	7.4785	7.1168	8.1853	7.8236	9.6086	9.6008	9.9554	9.2782
7.4961	7.3898	7.6887	7.6872	8.0457	7.0627	6.9715	7.0571	6.0676	7.0709	7.0095	6.3404	6.8353	6.4516	6.7678	6.81	7.7552	7.7535	7.0415	6.6895	8.818	7.746	8.5411	7.1087	6.6804	8.0993	8.0976	7.386	5.9301	6.6726	7.6974	6.6358	7.3814	7.3803	6.7681	8.4375	8.796	7.7244	8.433	7.7212	8.08	7.3683	7.4725	8.0755	9.1343	7.7124	8.7811	8.7794	8.0673	8.0652	8.099	8.0968	8.4448	8.9621	7.506	8.4741	9.892	8.8298	8.1175	8.4655	8.463	7.4006	8.8183	6.6856	7.3933	7.7409	7.7387	7.7359	7.0236	6.6712	7.7295	7.7437	8.1016	8.0997	8.1321	7.4201	8.1286	7.4168	8.1254	8.4738	8.8323	8.4707	8.829	8.8275	9.5359	9.2306
6.1335	8.9257	8.0772	8.0756	8.434	8.5051	8.1487	7.7183	8.4902	6.4364	7.4209	7.7839	8.7687	6.9966	5.5745	7.3431	5.9003	6.9589	6.6227	7.6911	7.7262	7.4135	6.0654	7.0107	7.0891	8.0677	7.0057	7.0042	6.2924	8.7715	9.1302	8.7687	7.7071	7.7054	6.2835	6.6319	7.0538	6.2791	8.4137	8.4492	8.0875	7.7361	7.5086	8.4434	8.792	10.561	8.0788	9.1468	9.1444	9.4924	7.3596	8.7778	8.7756	8.8438	8.4208	7.8945	8.0565	6.994	8.4125	7.696	6.6279	8.0418	8.0743	7.7222	8.0697	8.7774	9.1351	8.4224	7.8048	9.1279	9.1259	7.7036	8.7617	7.6996	8.048	7.3362	7.4218	7.3331	7.3313	6.9753	8.034	8.7426	8.3907	8.4238	8.7721	9.4806
7.1827	6.8359	7.1173	7.1157	5.417	6.4867	5.8523	6.5009	7.4619	7.9263	7.9392	7.9203	7.1303	7.8389	7.8373	7.8355	8.5337	6.4015	7.82	8.1784	8.2528	6.1281	6.8354	7.4612	6.3891	6.4592	7.0963	7.8104	7.0988	7.8444	8.203	8.2015	7.8396	7.8379	6.776	7.1244	8.1932	8.1918	7.6535	8.0672	8.6711	8.3182	6.6349	8.1829	7.8214	7.8198	7.1077	6.3953	7.8191	8.5271	9.2712	8.9188	8.2065	8.9143	7.8418	7.5813	8.6328	8.5453	9.6135	8.1911	7.8291	8.8971	7.4744	8.5325	7.1096	7.4674	5.785	7.1655	6.7658	8.1839	7.8217	7.8541	7.8521	8.5606	9.629	8.7116	9.0142	8.554	8.5524	9.2609	9.6194	8.9076	8.5458	7.8341	7.4823	7.8309
8.0445	7.6828	8.8229	7.443	8.1237	6.7954	7.1412	7.478	7.4563	8.108	7.7364	6.3342	5.8921	6.2406	6.9544	6.9528	5.5689	6.7189	6.9533	7.6619	7.4345	7.0261	7.6566	7.3048	7.3033	6.5915	8.3604	6.9386	8.7174	7.6457	7.644	6.9321	5.1597	4.8078	5.8821	6.2305	7.6495	7.3348	8.4853	8.1331	7.2033	7.8255	8.2009	8.3864	9.4546	9.1526	8.1016	7.0352	8.026	6.7017	7.3978	8.0194	7.6571	6.9447	7.6527	7.3714	6.9235	7.6317	6.9549	8.0228	7.6609	9.4391	9.7867	9.0743	8.1451	5.7011	8.8626	8.096	9.0624	8.7101	7.2878	9.8185	7.6859	5.9563	5.993	6.2928	7.2831	7.2814	6.9197	8.7328	7.6609	8.3695	8.0178	8.3662	9.0747	8.3629
7.1527	7.1509	7.1493	7.1831	8.2875	7.5297	7.528	7.9661	8.0153	7.6519	7.2989	7.2539	7.5857	7.239	7.5133	6.5456	5.2586	5.5438	5.7749	6.8336	6.2111	6.8054	6.1303	7.199	6.8373	7.546	7.981	8.2531	6.481	6.9023	8.2479	6.1794	6.8241	7.1826	6.8208	7.5294	7.1779	7.1765	7.8851	7.5238	6.9302	7.5661	8.6348	8.3093	8.6673	8.3973	7.71	7.7218	7.9489	8.2968	8.2945	7.5822	7.94	8.6479	8.2856	8.765	7.571	7.569	7.5672	7.9253	7.5632	7.9265	7.9243	8.6321	8.4468	7.7679	9.7888	9.0072	9.005	9.3628	9.361	8.1428	5.268	6.9952	8.7455	8.2826	8.6409	8.2793	8.6377	7.2157	7.9243	7.2078	7.2062	8.6249	7.913	8.2958
6.7565	7.1201	7.8287	7.5023	6.4404	8.2091	7.4972	8.2052	7.1431	8.2741	7.8495	7.9117	7.1357	7.134	6.7723	5.4322	6.8529	7.1639	6.7443	5.7076	5.4448	6.4146	7.51	8.9288	7.867	7.1554	7.864	8.9224	7.1502	7.4986	7.1466	6.0747	7.8533	8.2017	7.4899	7.1383	7.847	6.7754	7.8442	6.7725	6.1341	7.5311	8.173	8.5674	8.9156	8.2033	8.334	8.3158	8.5573	7.8451	8.5531	8.5507	7.8384	8.1862	7.1237	8.8919	8.1797	6.7574	7.8255	6.7534	6.7669	7.532	7.1893	7.5363	8.3556	6.5984	8.208	8.5658	8.9136	8.2017	8.258	8.7849	6.9229	7.5667	7.1332	7.4815	8.5501	7.4782	8.1868	7.475	8.1835	7.147	7.4955	7.4937	8.2022	9.3051
7.7314	8.4399	7.7281	7.3665	7.3648	7.363	8.4314	8.4293	7.3572	7.7154	7.3534	7.7898	7.7869	6.6997	6.6362	7.0551	5.5567	7.0119	7.3604	6.6484	6.7327	8.4258	7.3541	8.0627	7.0011	8.7696	7.3477	7.1445	6.0119	7.7025	6.9904	8.0488	6.6269	6.9853	7.3592	6.6475	7.3562	7.7148	7.75	7.3884	7.7465	8.0947	8.8029	9.1609	8.7989	7.7366	8.5546	7.5108	7.8673	7.3685	8.0766	7.3642	8.0721	7.3599	7.0075	7.0007	6.6386	7.7069	8.4498	8.0878	7.7356	8.1824	7.839	7.1707	6.9114	7.1625	8.4322	8.0701	7.7183	8.4267	6.4063	7.8853	6.2911	7.3498	6.4214	6.6363	7.34	8.4086	6.2764	8.4396	8.0779	8.7865	7.3646	8.4331	9.1417	9.1399
8.4968	8.1453	6.3632	7.7819	6.7199	7.0684	7.442	7.0799	6.7278	6.4013	7.2056	7.2473	8.9707	7.8147	6.0426	6.041	7.0792	8.1478	8.1461	8.1442	6.3621	7.0708	7.4295	7.0678	6.3562	7.0646	6.8049	6.4782	8.1879	7.4496	6.3775	7.7962	8.1547	7.7929	8.5014	6.7294	8.1483	8.1468	9.2054	6.723	8.1416	6.7195	8.1378	8.4858	8.1338	6.4225	7.1356	6.9266	7.5956	7.4871	8.163	8.1606	8.8685	8.5063	8.1539	7.7916	8.4999	8.4977	8.9343	7.486	8.2066	8.5661	8.2924	5.1053	7.5735	8.1306	7.4187	6.7223	7.0705	6.3588	7.4271	8.1698	8.8783	8.1665	7.6492	8.8733	8.5115	8.8698	8.5081	7.0862	9.2151	8.5034	8.8618	7.79	7.7882	7.0763
6.969	6.6422	7.0008	7.7094	7.7077	8.056	8.0543	8.0522	8.4104	6.628	6.9862	8.0446	7.6929	6.2709	6.6193	6.9777	6.9351	7.6435	5.8871	6.9456	8.0405	7.6891	7.6875	8.0358	6.9739	8.3925	9.451	8.029	8.7373	8.0255	6.9634	8.3821	6.6001	7.6686	7.667	7.6657	6.9538	6.9521	6.256	7.3144	7.0429	7.3467	8.415	7.3427	8.4109	6.6285	7.3364	8.4049	6.6222	6.9802	8.7489	6.9764	8.3945	8.7426	7.6801	7.678	6.2555	6.6035	5.9272	6.2754	7.7495	6.7773	5.0698	6.5205	8.7798	8.0677	8.4261	7.354	8.7725	7.7107	8.059	7.3471	8.7658	6.9937	7.4994	7.3404	7.3389	5.9265	7.6955	7.6939	6.9777	6.9762	7.3246	7.0071	7.7158	8.4241
8.1073	8.1059	7.7442	7.0325	8.1009	7.7391	8.0974	7.7352	7.3832	7.0211	6.3189	8.0936	6.707	7.4156	8.1241	7.7623	7.3702	7.7187	8.7873	7.3653	6.3033	8.0722	8.0705	7.3587	7.7072	7.7054	7.3538	7.7021	7.3502	6.2944	6.9866	7.3512	7.7356	7.3838	7.7324	6.6704	7.0186	7.727	7.3752	6.313	6.1105	7.48	8.4279	8.7859	8.0739	7.0014	8.0698	7.7078	7.3816	6.6435	7.0178	5.9556	7.437	7.4797	7.1305	7.8446	7.1773	7.0378	8.8163	8.1043	8.2665	5.5076	6.4563	8.0961	8.0945	7.3824	7.7308	6.3186	6.6669	6.315	7.7236	7.3721	7.7204	6.9946	7.5489	6.7745	8.0939	6.6717	8.4405	7.3788	8.0871	8.0857	8.0841	8.0824	8.4308	8.0789
7.726	6.9981	7.723	7.756	7.7544	8.1027	8.461	8.0989	6.3266	7.7451	8.0932	7.7411	8.4496	8.088	7.3762	8.0846	7.6919	6.9801	7.6887	6.2826	8.0352	6.9895	6.6378	7.7321	7.3705	7.7289	7.017	6.665	7.7237	8.0722	7.3603	7.0086	8.7773	7.005	8.0635	7.3518	7.7535	6.9979	7.7065	6.2839	5.6583	5.6795	8.0652	8.0634	8.0967	7.7446	8.0926	7.3805	7.3784	8.7968	7.4405	8.1479	8.194	6.8259	7.1406	6.4267	7.8582	7.7201	8.0683	7.111	5.8608	6.7578	6.667	5.955	7.3637	7.7557	7.754	8.4624	6.3299	7.7487	7.7469	7.3853	8.0937	7.4859	8.179	8.0885	7.1944	7.5513	7.1366	7.7321	8.7905	7.0186	7.3833	6.6813	8.09	7.7724
7.5683	7.2166	7.5652	7.9238	6.5016	7.2101	7.2082	7.9164	7.5544	7.2024	6.8667	6.8648	7.2133	6.1512	6.5348	7.2434	7.9215	7.2097	7.5581	7.5564	7.2047	8.2633	6.8513	7.1997	7.198	6.8462	6.4844	7.903	7.5412	7.1895	6.8376	6.8359	6.8307	7.5291	7.5629	6.8608	7.3027	7.3101	7.6343	6.4933	7.2018	6.9779	7.5479	6.8457	7.9042	8.2522	8.2503	7.5384	8.2466	6.5496	6.8322	6.24	6.652	7.0014	6.2427	5.2794	7.921	8.2688	6.8568	7.0078	6.9741	6.1414	7.9102	7.5486	8.6171	7.5448	7.5432	8.2514	7.5396	7.5377	6.4756	6.8507	6.4888	6.4872	6.4856	6.4674	6.9935	8.0506	8.0947	7.6713	7.2199	7.5684	7.2167	7.9251	8.9837	8.2718
6.4499	7.172	7.5071	6.085	6.4433	7.1864	6.8246	6.8224	7.1808	7.8791	6.8169	6.8148	7.1733	7.5216	6.8099	7.5184	6.8261	7.1845	8.2431	6.8209	6.469	6.8176	6.1055	6.8142	7.1494	7.1829	7.5313	7.8796	7.8778	6.1057	7.8745	7.1725	6.4605	8.2293	6.5648	6.9124	6.2448	5.4856	6.193	6.536	6.5741	6.2128	6.8733	5.8304	7.1653	7.898	6.836	7.1942	7.8925	7.1902	6.9324	6.8261	8.0673	5.8908	6.5601	6.8179	7.1761	8.5842	6.4621	6.1004	7.5195	7.168	7.5163	6.1305	7.1994	6.8372	7.5798	6.8672	7.576	7.2242	7.5724	6.8609	7.219	7.9178	6.8557	7.5644	6.8525	7.9111	6.1388	6.4975	7.5561	7.5546	6.4924	6.8411	7.526	7.1739
7.252	7.2506	6.8889	7.9477	7.5959	6.884	7.2422	6.5301	7.2383	7.2364	6.8711	6.5192	6.1601	6.5156	6.9019	6.5471	6.5951	7.6536	6.2314	6.5897	7.9986	6.5867	7.2951	7.2935	7.6419	7.2901	6.2179	7.2864	7.2847	6.2128	6.2109	5.8589	6.5674	6.5522	7.0318	6.1393	4.3548	6.372	7.063	6.0531	6.3799	7.633	7.9812	7.0078	7.6271	8.3356	7.9736	7.2716	7.3472	6.6755	7.0693	5.9574	6.2914	5.8562	6.9144	6.9461	6.9441	7.3025	6.9411	7.6499	7.2984	6.9366	7.2953	7.9936	7.9919	6.9297	7.2881	6.9259	7.2845	6.5724	7.9813	7.9798	6.2074	6.9028	7.2615	7.2597	5.8845	7.2903	6.9283	6.5765	6.9253	7.6338	8.3424	7.9805	7.9787	7.2767
6.916	6.9415	6.9399	6.9382	6.6106	6.6087	7.3174	7.6756	7.6739	8.022	6.9597	6.2475	6.5958	7.3046	7.3025	7.301	7.2892	6.9374	6.5754	6.9339	6.222	6.9307	6.9457	6.234	6.6172	5.6899	5.6715	6.2619	7.6806	6.9685	7.4151	7.315	7.3133	6.9612	5.6606	4.5501	5.8854	4.8231	7.6628	6.5902	6.9486	6.9434	6.2343	6.5826	6.9382	6.6132	6.9684	7.3166	7.4864	6.103	6.2504	6.5984	7.3067	6.9546	6.5922	6.5905	6.949	6.9476	6.5861	6.2344	7.2934	7.652	6.957	6.5957	6.9534	5.8812	6.2734	5.9111	6.9799	6.6182	6.9765	7.3254	8.0337	5.9014	7.6803	8.0288	5.8968	6.9649	7.3139	6.6019	6.9604	6.9856	5.8864	7.3052	8.0404	7.6883
7.0543	7.0525	6.7007	7.0497	6.6978	5.3592	7.0444	5.9822	6.3302	6.3284	6.3335	7.0348	6.3225	6.328	6.0104	6.719	6.4466	3.437	4.0151	7.0625	6.3505	7.0592	7.4176	5.285	6.4197	6.4735	7.7611	6.6988	6.3364	5.4147	5.7288	6.3312	5.616	6.3273	5.6467	6.3585	6.3536	5.2911	7.4204	5.6377	7.4167	6.7046	6.3427	6.3407	6.6989	7.0471	7.0455	6.3331	5.9879	6.329	5.6169	5.6148	6.3304	7.0389	5.609	7.4291	6.3571	7.0659	5.2869	7.4232	6.3515	6.7099	6.7085	6.7067	5.9944	7.7635	7.0516	6.6993	7.0477	6.6959	6.7015	6.3324	6.3306	6.6895	5.9844	6.6931	6.3582	6.7236	6.722	6.3603	7.069	7.4274	6.3548	7.0634	7.0616	7.7699
6.0021	6.711	5.6415	6.0311	5.7687	5.1455	5.8331	7.0949	6.3823	7.091	7.0892	5.7231	6.104	6.3732	6.0112	5.7229	6.0086	5.4038	5.2945	6.3704	6.0014	6.71	6.3655	6.3985	5.6859	7.1052	6.3859	6.0309	6.3894	6.3874	7.0957	5.6732	5.0849	5.4039	7.0886	6.3761	6.0147	6.7229	7.0814	5.6586	4.9464	7.4261	5.2929	5.6514	5.6806	5.3184	6.7375	6.3852	6.3834	6.0213	6.0193	7.438	6.3756	6.3736	6.0119	6.0103	6.0089	6.7176	6.3661	6.7221	6.0033	5.6512	7.0778	6.0055	6.3569	5.6777	6.744	5.6815	6.7402	6.7385	6.0266	6.0252	6.7338	7.0926	7.0906	6.3789	6.0167	6.3757	6.3739	6.3993	6.3973	6.7183	7.1041	6.7421	6.7401	7.1325
