58228
58229
58230
58231
58231
58232
58233
58233
58234
58235
58235
58236
58237
58238
58238
58239
58240
58240
58241
58242
58242
58243
58244
58245
58245
58246
58247
58247
58248
58249
58249
58250
58251
58252
58252
58253
58254
58254
58255
58256
58256
58257
58258
58259
58259
58260
58261
58261
58262
58263
58263
58264
58265
58266
58266
58267
58268
58268
58269
58270
58270
58271
58272
58273
58273
58274
58275
58275
58276
58277
58277
58278
58279
58280
58280
58281
58282
58282
58283
58284
58284
58285
58286
58287
58287
58288
58289
58289
58290
58291
58291
58292
58293
58294
58294
58295
58296
58296
58297
58298
58298
58299
58300
58301
58301
58302
58303
58303
58304
58305
58305
58306
58307
58308
58308
58309
58310
58310
58311
58312
58312
58313
58314
58315
58315
58316
58317
58317
58318
58319
58319
58320
58321
58322
58322
58323
58324
58324
58325
58326
58326
58327
58328
58329
58329
58330
58331
58331
58332
58333
58333
58334
58335
58336
58336
58337
58338
58338
58339
58340
58340
58341
58342
58343
58343
58344
58345
58345
58346
58347
58347
58348
58349
58350
58350
58351
58352
58352
58353
58354
58354
58355
58356
58357
58357
58358
58359
58359
58360
58361
58361
58362
58363
58364
58364
58365
58366
58366
58367
58368
58368
58369
58370
58371
58371
58372
58373
58373
58374
58375
58375
58376
58377
58378
58378
58379
58380
58380
58381
58382
58382
58383
58384
58385
58385
58386
58387
58387
58388
58389
58389
58390
58391
58392
58392
58393
58394
58394
58395
58396
58396
58397
58398
58399
58399
58400
58401
58401
58402
58403
58403
58404
58405
58406
58406
58407
58408
58408
58409
58410
58410
58411
58412
58413
58413
58414
58415
58415
58416
58417
58417
58418
58419
58420
58420
58421
58422
58422
58423
58424
58424
58425
58426
58427
58427
58428
58429
58429
58430
58431
58431
58432
58433
58434
58434
58435
58436
58436
58437
58438
58438
58439
58440
58441
58441
58442
58443
58443
58444
58445
58445
58446
58447
58448
58448
58449
58450
58450
58451
58452
58452
58453
58454
58455
58455
58456
58457
58457
58458
58459
58459
58460
58461
58462
58462
58463
58464
58464
58465
58466
58466
58467
58468
58469
58469
58470
58471
58471
58472
58473
58473
58474
58475
58476
58476
58477
58478
58478
58479
58480
58480
58481
58482
58483
58483
58484
58485
58485
58486
58487
58487
58488
58489
58490
58490
58491
58492
58492
58493
58494
58494
58495
58496
58497
58497
58498
58499
58499
58500
58501
58501
58502
58503
58504
58504
58505
58506
58506
58507
58508
58508
58509
58510
58511
58511
58512
58513
58513
58514
58515
58515
58516
58517
58518
58518
58519
58520
58520
58521
58522
58522
58523
58524
58525
58525
58526
58527
58527
58528
58529
58529
58530
58531
58532
58532
58533
58534
58534
58535
58536
58536
58537
58538
58539
58539
58540
58541
58541
58542
58543
58543
58544
58545
58546
58546
58547
58548
58548
58549
58550
58550
58551
58552
58553
58553
58554
58555
58555
58556
58557
58557
58558
58559
58560
58560
58561
58562
58562
58563
58564
58564
58565
58566
58567
58567
58568
58569
58569
58570
58571
58571
58572
58573
58574
58574
58575
58576
58576
58577
58578
58578
58579
58580
58581
58581
58582
58583
58583
58584
58585
58585
58586
58587
58588
58588
58589
58590
58590
58591
58592
58592
58593
58594
58595
58595
58596
58597
58597
58598
58599
58599
58600
58601
58602
58602
58603
58604
58604
58605
58606
58606
58607
58608
58609
58609
58610
58611
58611
58612
58613
