6637
6637.7
6638.4
6639.1
6639.8
6640.5
6641.2
6641.9
6642.6
6643.3
6644
6644.7
6645.4
6646.1
6646.8
6647.5
6648.2
6648.9
6649.6
6650.3
6651
6651.7
6652.4
6653.1
6653.8
6654.5
6655.2
6655.9
6656.6
6657.3
6658
6658.7
6659.4
6660.1
6660.8
6661.5
6662.2
6662.9
6663.6
6664.3
6665
6665.7
6666.4
6667.1
6667.8
6668.5
6669.2
6669.9
6670.6
6671.3
6672
6672.7
6673.4
6674.1
6674.8
6675.5
6676.2
6676.9
6677.6
6678.3
6679
6679.7
6680.4
6681.1
6681.8
6682.5
6683.2
6683.9
6684.6
6685.3
6686
6686.7
6687.4
6688.1
6688.8
6689.5
6690.2
6690.9
6691.6
6692.3
6693
6693.7
6694.4
6695.1
6695.8
6696.5
6697.2
6697.9
6698.6
6699.3
6700
6700.7
6701.4
6702.1
6702.8
6703.5
6704.2
6704.9
6705.6
6706.3
6707
6707.7
6708.4
6709.1
6709.8
6710.5
6711.2
6711.9
6712.6
6713.3
6714
6714.7
6715.4
6716.1
6716.8
6717.5
6718.2
6718.9
6719.6
6720.3
6721
6721.7
6722.4
6723.1
6723.8
6724.5
6725.2
6725.9
6726.6
6727.3
6728
6728.7
6729.4
6730.1
6730.8
6731.5
6732.2
6732.9
6733.6
6734.3
6735
6735.7
6736.4
6737.1
6737.8
6738.5
6739.2
6739.9
6740.6
6741.3
6742
6742.7
6743.4
6744.1
6744.8
6745.5
6746.2
6746.9
6747.6
6748.3
6749
6749.7
6750.4
6751.1
6751.8
6752.5
6753.2
6753.9
6754.6
6755.3
6756
6756.7
6757.4
6758.1
6758.8
6759.5
6760.2
6760.9
6761.6
6762.3
6763
6763.7
6764.4
6765.1
6765.8
6766.5
6767.2
6767.9
6768.6
6769.3
6770
6770.7
6771.4
6772.1
6772.8
6773.5
6774.2
6774.9
6775.6
6776.3
6777
6777.7
6778.4
6779.1
6779.8
6780.5
6781.2
6781.9
6782.6
6783.3
6784
6784.7
6785.4
6786.1
6786.8
6787.5
6788.2
6788.9
6789.6
6790.3
6791
6791.7
6792.4
6793.1
6793.8
6794.5
6795.2
6795.9
6796.6
6797.3
6798
6798.7
6799.4
6800.1
6800.8
6801.5
6802.2
6802.9
6803.6
6804.3
6805
6805.7
6806.4
6807.1
6807.8
6808.5
6809.2
6809.9
6810.6
6811.3
6812
6812.7
6813.4
6814.1
6814.8
6815.5
6816.2
6816.9
6817.6
6818.3
6819
6819.7
6820.4
6821.1
6821.8
6822.5
6823.2
6823.9
6824.6
6825.3
6826
6826.7
6827.4
6828.1
6828.8
6829.5
6830.2
6830.9
6831.6
6832.3
6833
6833.7
6834.4
6835.1
6835.8
6836.5
6837.2
6837.9
6838.6
6839.3
6840
6840.7
6841.4
6842.1
6842.8
6843.5
6844.2
6844.9
6845.6
6846.3
6847
6847.7
6848.4
6849.1
6849.8
6850.5
6851.2
6851.9
6852.6
6853.3
6854
6854.7
6855.4
6856.1
6856.8
6857.5
6858.2
6858.9
6859.6
6860.3
6861
6861.7
6862.4
6863.1
6863.8
6864.5
6865.2
6865.9
6866.6
6867.3
6868
6868.7
6869.4
6870.1
6870.8
6871.5
6872.2
6872.9
6873.6
6874.3
6875
6875.7
6876.4
6877.1
6877.8
6878.5
6879.2
6879.9
6880.6
6881.3
6882
6882.7
6883.4
6884.1
6884.8
6885.5
6886.2
6886.9
6887.6
6888.3
6889
6889.7
6890.4
6891.1
6891.8
6892.5
6893.2
6893.9
6894.6
6895.3
6896
6896.7
6897.4
6898.1
6898.8
6899.5
6900.2
6900.9
6901.6
6902.3
6903
6903.7
6904.4
6905.1
6905.8
6906.5
6907.2
6907.9
6908.6
6909.3
6910
6910.7
6911.4
6912.1
6912.8
6913.5
6914.2
6914.9
6915.6
6916.3
6917
6917.7
6918.4
6919.1
6919.8
6920.5
6921.2
6921.9
6922.6
6923.3
6924
6924.7
6925.4
6926.1
6926.8
6927.5
6928.2
6928.9
6929.6
6930.3
6931
6931.7
6932.4
6933.1
6933.8
6934.5
6935.2
6935.9
6936.6
6937.3
6938
6938.7
6939.4
6940.1
6940.8
6941.5
6942.2
6942.9
6943.6
6944.3
6945
6945.7
6946.4
6947.1
6947.8
6948.5
6949.2
6949.9
6950.6
6951.3
6952
6952.7
6953.4
6954.1
6954.8
6955.5
6956.2
6956.9
6957.6
6958.3
6959
6959.7
6960.4
6961.1
6961.8
6962.5
6963.2
6963.9
6964.6
6965.3
6966
6966.7
6967.4
6968.1
6968.8
6969.5
6970.2
6970.9
6971.6
6972.3
6973
6973.7
6974.4
6975.1
6975.8
6976.5
6977.2
6977.9
6978.6
6979.3
6980
6980.7
6981.4
6982.1
6982.8
6983.5
6984.2
6984.9
6985.6
6986.3
6987
6987.7
6988.4
6989.1
6989.8
6990.5
6991.2
6991.9
6992.6
6993.3
6994
6994.7
6995.4
6996.1
6996.8
6997.5
6998.2
6998.9
6999.6
7000.3
7001
7001.7
7002.4
7003.1
7003.8
7004.5
7005.2
7005.9
7006.6
7007.3
7008
7008.7
7009.4
7010.1
7010.8
7011.5
7012.2
7012.9
7013.6
7014.3
7015
7015.7
7016.4
7017.1
7017.8
7018.5
7019.2
7019.9
7020.6
7021.3
7022
7022.7
7023.4
7024.1
7024.8
7025.5
7026.2
7026.9
7027.6
7028.3
7029
7029.7
7030.4
7031.1
7031.8
7032.5
7033.2
7033.9
7034.6
7035.3
7036
7036.7
7037.4
7038.1
7038.8
7039.5
7040.2
7040.9
7041.6
7042.3
7043
7043.7
7044.4
7045.1
7045.8
7046.5
7047.2
7047.9
7048.6
7049.3
7050
7050.7
7051.4
7052.1
7052.8
7053.5
7054.2
7054.9
7055.6
7056.3
7057
7057.7
7058.4
7059.1
7059.8
7060.5
7061.2
7061.9
7062.6
7063.3
7064
7064.7
7065.4
7066.1
7066.8
7067.5
7068.2
