63615
63615
63616
63617
63618
63618
63619
63620
63620
63621
63622
63622
63623
63624
63625
63625
63626
63627
63627
63628
63629
63629
63630
63631
63632
63632
63633
63634
63634
63635
63636
63636
63637
63638
63639
63639
63640
63641
63641
63642
63643
63643
63644
63645
63646
63646
63647
63648
63648
63649
63650
63650
63651
63652
63653
63653
63654
63655
63655
63656
63657
63657
63658
63659
63660
63660
63661
63662
63662
63663
63664
63664
63665
63666
63667
63667
63668
63669
63669
63670
63671
63671
63672
63673
63674
63674
63675
63676
63676
63677
63678
63678
63679
63680
63681
63681
63682
63683
63683
63684
63685
63685
63686
63687
63688
63688
63689
63690
63690
63691
63692
63692
63693
63694
63695
63695
63696
63697
63697
63698
63699
63699
63700
63701
63702
63702
63703
63704
63704
63705
63706
63706
63707
63708
63709
63709
63710
63711
63711
63712
63713
63713
63714
63715
63716
63716
63717
63718
63718
63719
63720
63720
63721
63722
63723
63723
63724
63725
63725
63726
63727
63727
63728
63729
63730
63730
63731
63732
63732
63733
63734
63734
63735
63736
63737
63737
63738
63739
63739
63740
63741
63741
63742
63743
63744
63744
63745
63746
63746
63747
63748
63748
63749
63750
63751
63751
63752
63753
63753
63754
63755
63755
63756
63757
63758
63758
63759
63760
63760
63761
63762
63762
63763
63764
63765
63765
63766
63767
63767
63768
63769
63769
63770
63771
63772
63772
63773
63774
63774
63775
63776
63776
63777
63778
63779
63779
63780
63781
63781
63782
63783
63783
63784
63785
63786
63786
63787
63788
63788
63789
63790
63790
63791
63792
63793
63793
63794
63795
63795
63796
63797
63797
63798
63799
63800
63800
63801
63802
63802
63803
63804
63804
63805
63806
63807
63807
63808
63809
63809
63810
63811
63811
63812
63813
63814
63814
63815
63816
63816
63817
63818
63818
63819
63820
63821
63821
63822
63823
63823
63824
63825
63825
63826
63827
63828
63828
63829
63830
63830
63831
63832
63832
63833
63834
63835
63835
63836
63837
63837
63838
63839
63839
63840
63841
63842
63842
63843
63844
63844
63845
63846
63846
63847
63848
63849
63849
63850
63851
63851
63852
63853
63853
63854
63855
63856
63856
63857
63858
63858
63859
63860
63860
63861
63862
63863
63863
63864
63865
63865
63866
63867
63867
63868
63869
63870
63870
63871
63872
63872
63873
63874
63874
63875
63876
63877
63877
63878
63879
63879
63880
63881
63881
63882
63883
63884
63884
63885
63886
63886
63887
63888
63888
63889
63890
63891
63891
63892
63893
63893
63894
63895
63895
63896
63897
63898
63898
63899
63900
63900
63901
63902
63902
63903
63904
63905
63905
63906
63907
63907
63908
63909
63909
63910
63911
63912
63912
63913
63914
63914
63915
63916
63916
63917
63918
63919
63919
63920
63921
63921
63922
63923
63923
63924
63925
63926
63926
63927
63928
63928
63929
63930
63930
63931
63932
63933
63933
63934
63935
63935
63936
63937
63937
63938
63939
63940
63940
63941
63942
63942
63943
63944
63944
63945
63946
63947
63947
63948
63949
63949
63950
63951
63951
63952
63953
63954
63954
63955
63956
63956
63957
63958
63958
63959
63960
63961
63961
63962
63963
63963
63964
63965
63965
63966
63967
63968
63968
63969
63970
63970
63971
63972
63972
63973
63974
