82808
82809
82809
82810
82811
82812
82812
82813
82814
82814
82815
82816
82816
82817
82818
82819
82819
82820
82821
82821
82822
82823
82823
82824
82825
82826
82826
82827
82828
82828
82829
82830
82830
82831
82832
82833
82833
82834
82835
82835
82836
82837
82837
82838
82839
82840
82840
82841
82842
82842
82843
82844
82844
82845
82846
82847
82847
82848
82849
82849
82850
82851
82851
82852
82853
82854
82854
82855
82856
82856
82857
82858
82858
82859
82860
82861
82861
82862
82863
82863
82864
82865
82865
82866
82867
82868
82868
82869
82870
82870
82871
82872
82872
82873
82874
82875
82875
82876
82877
82877
82878
82879
82879
82880
82881
82882
82882
82883
82884
82884
82885
82886
82886
82887
82888
82889
82889
82890
82891
82891
82892
82893
82893
82894
82895
82896
82896
82897
82898
82898
82899
82900
82900
82901
82902
82903
82903
82904
82905
82905
82906
82907
82907
82908
82909
82910
82910
82911
82912
82912
82913
82914
82914
82915
82916
82917
82917
82918
82919
82919
82920
82921
82921
82922
82923
82924
82924
82925
82926
82926
82927
82928
82928
82929
82930
82931
82931
82932
82933
82933
82934
82935
82935
82936
82937
82938
82938
82939
82940
82940
82941
82942
82942
82943
82944
82945
82945
82946
82947
82947
82948
82949
82949
82950
82951
82952
82952
82953
82954
82954
82955
82956
82956
82957
82958
82959
82959
82960
82961
82961
82962
82963
82963
82964
82965
82966
82966
82967
82968
82968
82969
82970
82970
82971
82972
82973
82973
82974
82975
82975
82976
82977
82977
82978
82979
82980
82980
82981
82982
82982
82983
82984
82984
82985
82986
82987
82987
82988
82989
82989
82990
82991
82991
82992
82993
82994
82994
82995
82996
82996
82997
82998
82998
82999
83000
83001
83001
83002
83003
83003
83004
83005
83005
83006
83007
83008
83008
83009
83010
83010
83011
83012
83012
83013
83014
83015
83015
83016
83017
83017
83018
83019
83019
83020
83021
83022
83022
83023
83024
83024
83025
83026
83026
83027
83028
83029
83029
83030
83031
83031
83032
83033
83033
83034
83035
