80149
80150
80151
80151
80152
80153
80153
80154
80155
80155
80156
80157
80158
80158
80159
80160
80160
80161
80162
80162
80163
80164
80165
80165
80166
80167
80167
80168
80169
80169
80170
80171
80172
80172
80173
80174
80174
80175
80176
80176
80177
80178
80179
80179
80180
80181
80181
80182
80183
80183
80184
80185
80186
80186
80187
80188
80188
80189
80190
80190
80191
80192
80193
80193
80194
80195
80195
80196
80197
80197
80198
80199
80200
80200
80201
80202
80202
80203
80204
80204
80205
80206
80207
80207
80208
80209
80209
80210
80211
80211
80212
80213
80214
80214
80215
80216
80216
80217
80218
80218
80219
80220
80221
80221
80222
80223
80223
80224
80225
80225
80226
80227
80228
80228
80229
80230
80230
80231
80232
80232
80233
80234
80235
80235
80236
80237
80237
80238
80239
80239
80240
80241
80242
80242
80243
80244
80244
80245
80246
80246
80247
80248
80249
80249
80250
80251
80251
80252
80253
80253
80254
80255
80256
80256
80257
80258
80258
80259
80260
80260
80261
80262
80263
80263
80264
80265
80265
80266
80267
80267
80268
80269
80270
80270
80271
80272
80272
80273
80274
80274
80275
80276
80277
80277
80278
80279
80279
80280
80281
80281
80282
80283
80284
80284
80285
80286
80286
80287
80288
80288
80289
80290
80291
80291
80292
80293
80293
80294
80295
80295
80296
80297
80298
80298
80299
80300
80300
80301
80302
80302
80303
80304
80305
80305
80306
80307
80307
80308
80309
80309
80310
80311
80312
80312
80313
80314
80314
80315
80316
80316
80317
80318
80319
80319
80320
80321
80321
80322
80323
80323
80324
80325
80326
80326
80327
80328
80328
80329
80330
80330
80331
80332
80333
80333
80334
80335
80335
80336
80337
80337
80338
80339
80340
80340
80341
80342
80342
80343
80344
80344
80345
80346
80347
80347
80348
80349
80349
80350
80351
80351
80352
80353
80354
80354
80355
80356
80356
80357
80358
80358
80359
80360
80361
80361
80362
80363
80363
80364
80365
80365
80366
80367
80368
80368
80369
80370
80370
80371
80372
80372
80373
80374
80375
80375
80376
80377
80377
80378
80379
80379
80380
80381
80382
80382
80383
80384
80384
80385
80386
80386
80387
80388
80389
80389
80390
80391
80391
80392
80393
80393
80394
80395
80396
80396
80397
80398
80398
80399
80400
80400
80401
80402
80403
80403
80404
80405
80405
80406
80407
80407
80408
80409
80410
80410
80411
80412
80412
80413
80414
80414
80415
80416
80417
80417
80418
80419
80419
80420
80421
80421
80422
80423
80424
80424
80425
80426
80426
80427
80428
80428
80429
80430
80431
80431
80432
80433
80433
80434
80435
80435
80436
80437
80438
80438
80439
80440
80440
80441
80442
80442
80443
80444
80445
80445
80446
80447
80447
80448
80449
80449
80450
80451
80452
80452
80453
80454
80454
80455
80456
80456
80457
80458
80459
80459
80460
80461
80461
80462
80463
80463
80464
80465
80466
80466
80467
80468
80468
80469
80470
80470
80471
80472
80473
80473
80474
80475
80475
80476
80477
80477
80478
80479
80480
80480
80481
80482
80482
80483
80484
80484
80485
80486
80487
80487
80488
80489
80489
80490
80491
80491
80492
80493
80494
80494
80495
80496
80496
80497
80498
