722.5
723.2
723.9
724.6
725.3
726
726.7
727.4
728.1
728.8
729.5
730.2
730.9
731.6
732.3
733
733.7
734.4
735.1
735.8
736.5
737.2
737.9
738.6
739.3
740
740.7
741.4
742.1
742.8
743.5
744.2
744.9
745.6
746.3
747
747.7
748.4
749.1
749.8
750.5
751.2
751.9
752.6
753.3
754
754.7
755.4
756.1
756.8
757.5
758.2
758.9
759.6
760.3
761
761.7
762.4
763.1
763.8
764.5
765.2
765.9
766.6
767.3
768
768.7
769.4
770.1
770.8
771.5
772.2
772.9
773.6
774.3
775
775.7
776.4
777.1
777.8
778.5
779.2
779.9
780.6
781.3
782
782.7
783.4
784.1
784.8
785.5
786.2
786.9
787.6
788.3
789
789.7
790.4
791.1
791.8
792.5
793.2
793.9
794.6
795.3
796
796.7
797.4
798.1
798.8
799.5
800.2
800.9
801.6
802.3
803
803.7
804.4
805.1
805.8
806.5
807.2
807.9
808.6
809.3
810
810.7
811.4
812.1
812.8
813.5
814.2
814.9
815.6
816.3
817
817.7
818.4
819.1
819.8
820.5
821.2
821.9
822.6
823.3
824
824.7
825.4
826.1
826.8
827.5
828.2
828.9
829.6
830.3
831
831.7
832.4
833.1
833.8
834.5
835.2
835.9
836.6
837.3
838
838.7
839.4
840.1
840.8
841.5
842.2
842.9
843.6
844.3
845
845.7
846.4
847.1
847.8
848.5
849.2
849.9
850.6
851.3
852
852.7
853.4
854.1
854.8
855.5
856.2
856.9
857.6
858.3
859
859.7
860.4
861.1
861.8
862.5
863.2
863.9
864.6
865.3
866
866.7
867.4
868.1
868.8
869.5
870.2
870.9
871.6
872.3
873
873.7
874.4
875.1
875.8
876.5
877.2
877.9
878.6
879.3
880
880.7
881.4
882.1
882.8
883.5
884.2
884.9
885.6
886.3
887
887.7
888.4
889.1
889.8
890.5
891.2
891.9
892.6
893.3
894
894.7
895.4
896.1
896.8
897.5
898.2
898.9
899.6
900.3
901
901.7
902.4
903.1
903.8
904.5
905.2
905.9
906.6
907.3
908
908.7
909.4
910.1
910.8
