2869.4
2870.1
2870.8
2871.5
2872.2
2872.9
2873.6
2874.3
2875
2875.7
2876.4
2877.1
2877.8
2878.5
2879.2
2879.9
2880.6
2881.3
2882
2882.7
2883.4
2884.1
2884.8
2885.5
2886.2
2886.9
2887.6
2888.3
2889
2889.7
2890.4
2891.1
2891.8
2892.5
2893.2
2893.9
2894.6
2895.3
2896
2896.7
2897.4
2898.1
2898.8
2899.5
2900.2
2900.9
2901.6
2902.3
2903
2903.7
2904.4
2905.1
2905.8
2906.5
2907.2
2907.9
2908.6
2909.3
2910
2910.7
2911.4
2912.1
2912.8
2913.5
2914.2
2914.9
2915.6
2916.3
2917
2917.7
2918.4
2919.1
2919.8
2920.5
2921.2
2921.9
2922.6
2923.3
2924
2924.7
2925.4
2926.1
2926.8
2927.5
2928.2
2928.9
2929.6
2930.3
2931
2931.7
2932.4
2933.1
2933.8
2934.5
2935.2
2935.9
2936.6
2937.3
2938
2938.7
2939.4
2940.1
2940.8
2941.5
2942.2
2942.9
2943.6
2944.3
2945
2945.7
2946.4
2947.1
2947.8
2948.5
2949.2
2949.9
2950.6
2951.3
2952
2952.7
2953.4
2954.1
2954.8
2955.5
2956.2
2956.9
2957.6
2958.3
2959
2959.7
2960.4
2961.1
2961.8
2962.5
2963.2
2963.9
2964.6
2965.3
2966
