36085
36086
36087
36087
36088
36089
36089
36090
36091
36091
36092
36093
36094
36094
36095
36096
36096
36097
36098
36098
36099
36100
36101
36101
36102
36103
36103
36104
36105
36105
36106
36107
36108
36108
36109
36110
36110
36111
36112
36112
36113
36114
36115
36115
36116
36117
36117
36118
36119
36119
36120
36121
36122
36122
36123
36124
36124
36125
36126
36126
36127
36128
36129
36129
36130
36131
36131
36132
36133
36133
36134
36135
36136
36136
36137
36138
36138
36139
36140
36140
36141
36142
36143
36143
36144
36145
36145
36146
36147
36147
36148
36149
36150
36150
36151
36152
36152
36153
36154
36154
36155
36156
36157
36157
36158
36159
36159
36160
36161
36161
36162
36163
36164
36164
36165
36166
36166
36167
36168
36168
36169
36170
36171
36171
36172
36173
36173
36174
36175
36175
36176
36177
36178
36178
36179
36180
36180
36181
36182
36182
36183
36184
36185
36185
36186
36187
36187
36188
36189
36189
36190
36191
36192
36192
36193
36194
36194
36195
36196
36196
36197
36198
36199
36199
36200
36201
36201
36202
36203
36203
36204
36205
36206
36206
36207
36208
36208
36209
36210
36210
36211
36212
36213
36213
36214
36215
36215
36216
36217
36217
36218
36219
36220
36220
36221
36222
36222
36223
36224
36224
36225
36226
36227
36227
36228
36229
36229
36230
36231
36231
36232
36233
36234
36234
36235
36236
36236
36237
36238
36238
36239
36240
36241
36241
36242
36243
36243
36244
36245
36245
36246
36247
36248
36248
36249
36250
36250
36251
36252
36252
36253
36254
36255
36255
36256
36257
36257
36258
36259
36259
36260
36261
36262
36262
36263
36264
36264
36265
36266
36266
36267
36268
36269
36269
36270
36271
36271
36272
36273
36273
36274
36275
36276
36276
36277
36278
36278
36279
36280
36280
36281
36282
36283
36283
36284
36285
36285
36286
36287
36287
36288
36289
36290
36290
36291
36292
36292
36293
36294
36294
36295
36296
36297
36297
36298
36299
36299
36300
36301
36301
36302
36303
36304
36304
36305
36306
36306
36307
36308
36308
36309
36310
36311
36311
36312
36313
36313
36314
36315
36315
36316
36317
36318
36318
36319
36320
36320
36321
36322
36322
36323
36324
36325
36325
36326
36327
36327
36328
36329
36329
36330
36331
36332
36332
36333
36334
36334
36335
36336
36336
36337
36338
36339
36339
36340
36341
36341
36342
36343
36343
36344
36345
36346
36346
36347
36348
36348
36349
36350
36350
36351
36352
36353
36353
36354
36355
36355
36356
36357
36357
36358
36359
36360
36360
36361
36362
36362
36363
36364
36364
36365
36366
36367
36367
36368
36369
36369
36370
36371
36371
36372
36373
36374
36374
36375
36376
36376
36377
36378
36378
36379
36380
36381
36381
36382
36383
36383
36384
36385
36385
36386
36387
36388
36388
36389
36390
36390
36391
36392
36392
36393
36394
36395
36395
