53658
53659
53659
53660
53661
53661
53662
53663
53664
53664
53665
53666
53666
53667
53668
53668
53669
53670
53671
53671
53672
53673
53673
53674
53675
53675
53676
53677
53678
53678
53679
53680
53680
53681
53682
53682
53683
53684
53685
53685
53686
53687
53687
53688
53689
53689
53690
53691
53692
53692
53693
53694
53694
53695
53696
53696
53697
53698
53699
53699
53700
53701
53701
53702
53703
53703
53704
53705
53706
53706
53707
53708
53708
53709
53710
53710
53711
53712
53713
53713
53714
53715
53715
53716
53717
53717
53718
53719
53720
53720
53721
53722
53722
53723
53724
53724
53725
53726
53727
53727
53728
53729
53729
53730
53731
53731
53732
53733
53734
53734
53735
53736
53736
53737
53738
53738
53739
53740
53741
53741
53742
53743
53743
53744
53745
53745
53746
53747
53748
53748
53749
53750
53750
53751
53752
53752
53753
53754
53755
53755
53756
53757
53757
53758
53759
53759
53760
53761
53762
53762
53763
53764
53764
53765
53766
53766
53767
53768
53769
53769
53770
53771
53771
53772
53773
53773
53774
53775
53776
53776
53777
53778
53778
53779
53780
53780
53781
53782
53783
53783
53784
53785
53785
53786
53787
53787
53788
53789
53790
53790
53791
53792
53792
53793
53794
53794
53795
53796
53797
53797
53798
53799
53799
53800
53801
53801
53802
53803
53804
53804
53805
53806
53806
53807
53808
53808
53809
53810
53811
53811
53812
53813
53813
53814
53815
53815
53816
53817
53818
53818
53819
53820
53820
53821
53822
53822
53823
53824
53825
53825
53826
53827
53827
53828
53829
53829
53830
53831
53832
53832
53833
53834
53834
53835
53836
53836
53837
53838
53839
53839
53840
53841
53841
53842
53843
53843
53844
53845
53846
53846
53847
53848
53848
53849
53850
53850
53851
53852
53853
53853
53854
53855
53855
53856
53857
53857
53858
53859
53860
53860
53861
53862
53862
53863
53864
53864
53865
53866
53867
53867
53868
53869
53869
53870
53871
53871
53872
53873
53874
53874
53875
53876
53876
53877
53878
53878
53879
53880
53881
53881
53882
53883
53883
53884
53885
53885
53886
53887
53888
53888
53889
53890
53890
53891
53892
53892
53893
53894
53895
53895
53896
53897
53897
53898
53899
53899
53900
53901
53902
53902
53903
53904
53904
53905
53906
53906
53907
53908
53909
53909
53910
53911
53911
53912
53913
53913
53914
53915
53916
53916
53917
53918
53918
53919
53920
53920
53921
53922
53923
53923
53924
53925
53925
53926
53927
53927
53928
53929
53930
53930
53931
53932
53932
53933
53934
53934
53935
53936
53937
53937
53938
53939
53939
53940
53941
53941
53942
53943
53944
53944
53945
53946
53946
53947
53948
53948
53949
53950
53951
53951
53952
53953
53953
53954
53955
53955
53956
53957
53958
53958
53959
53960
53960
53961
53962
53962
53963
53964
53965
53965
53966
53967
53967
53968
53969
53969
53970
53971
53972
53972
53973
53974
53974
53975
53976
53976
53977
53978
53979
53979
53980
53981
53981
53982
53983
53983
53984
53985
53986
53986
53987
53988
53988
53989
53990
53990
53991
53992
53993
53993
53994
53995
53995
53996
53997
53997
53998
53999
54000
54000
54001
54002
54002
54003
54004
54004
54005
54006
54007
54007
54008
54009
54009
54010
54011
54011
54012
54013
54014
54014
54015
54016
54016
54017
54018
54018
54019
54020
54021
54021
54022
54023
54023
54024
54025
54025
54026
54027
54028
54028
54029
54030
54030
54031
54032
54032
54033
54034
54035
54035
54036
54037
54037
54038
54039
54039
54040
54041
54042
54042
54043
54044
54044
54045
54046
54046
54047
54048
