3730.9
3731.6
3732.3
3733
3733.7
3734.4
3735.1
3735.8
3736.5
3737.2
3737.9
3738.6
3739.3
3740
3740.7
3741.4
3742.1
3742.8
3743.5
3744.2
3744.9
3745.6
3746.3
3747
3747.7
3748.4
3749.1
3749.8
3750.5
3751.2
3751.9
3752.6
3753.3
3754
3754.7
3755.4
3756.1
3756.8
3757.5
3758.2
3758.9
3759.6
3760.3
3761
3761.7
3762.4
3763.1
3763.8
3764.5
3765.2
3765.9
3766.6
3767.3
3768
3768.7
3769.4
3770.1
3770.8
3771.5
3772.2
3772.9
3773.6
3774.3
3775
3775.7
3776.4
3777.1
3777.8
3778.5
3779.2
3779.9
3780.6
3781.3
3782
3782.7
3783.4
3784.1
3784.8
3785.5
3786.2
3786.9
3787.6
3788.3
3789
3789.7
3790.4
3791.1
3791.8
3792.5
3793.2
3793.9
3794.6
3795.3
3796
3796.7
3797.4
3798.1
3798.8
3799.5
3800.2
3800.9
3801.6
3802.3
3803
3803.7
3804.4
3805.1
3805.8
3806.5
3807.2
3807.9
3808.6
3809.3
3810
3810.7
3811.4
3812.1
3812.8
3813.5
3814.2
3814.9
3815.6
3816.3
3817
3817.7
3818.4
3819.1
3819.8
3820.5
3821.2
3821.9
3822.6
3823.3
3824
3824.7
3825.4
3826.1
3826.8
3827.5
3828.2
3828.9
3829.6
3830.3
3831
3831.7
3832.4
3833.1
3833.8
3834.5
3835.2
3835.9
3836.6
3837.3
3838
3838.7
3839.4
3840.1
3840.8
3841.5
3842.2
3842.9
3843.6
3844.3
3845
3845.7
3846.4
3847.1
3847.8
3848.5
3849.2
3849.9
3850.6
3851.3
3852
3852.7
3853.4
3854.1
3854.8
3855.5
3856.2
3856.9
3857.6
3858.3
3859
3859.7
3860.4
3861.1
3861.8
3862.5
3863.2
3863.9
3864.6
3865.3
3866
3866.7
3867.4
3868.1
3868.8
3869.5
3870.2
3870.9
3871.6
3872.3
3873
3873.7
3874.4
3875.1
3875.8
3876.5
3877.2
3877.9
3878.6
3879.3
3880
3880.7
3881.4
3882.1
3882.8
3883.5
3884.2
3884.9
3885.6
3886.3
3887
3887.7
3888.4
3889.1
3889.8
3890.5
3891.2
3891.9
3892.6
3893.3
3894
3894.7
3895.4
3896.1
3896.8
3897.5
3898.2
3898.9
3899.6
3900.3
3901
3901.7
3902.4
3903.1
3903.8
3904.5
3905.2
3905.9
3906.6
3907.3
3908
3908.7
3909.4
3910.1
3910.8
3911.5
3912.2
3912.9
3913.6
3914.3
3915
3915.7
3916.4
3917.1
3917.8
3918.5
3919.2
3919.9
3920.6
3921.3
3922
3922.7
3923.4
3924.1
3924.8
3925.5
3926.2
3926.9
3927.6
3928.3
3929
3929.7
3930.4
3931.1
3931.8
3932.5
3933.2
3933.9
3934.6
3935.3
3936
3936.7
3937.4
3938.1
3938.8
3939.5
3940.2
3940.9
3941.6
3942.3
3943
3943.7
3944.4
3945.1
3945.8
3946.5
3947.2
3947.9
3948.6
3949.3
3950
3950.7
3951.4
3952.1
3952.8
3953.5
3954.2
3954.9
3955.6
3956.3
3957
3957.7
3958.4
3959.1
3959.8
3960.5
3961.2
3961.9
3962.6
3963.3
3964
3964.7
3965.4
3966.1
3966.8
3967.5
3968.2
3968.9
3969.6
3970.3
3971
3971.7
3972.4
3973.1
3973.8
3974.5
3975.2
3975.9
3976.6
3977.3
3978
3978.7
3979.4
3980.1
3980.8
3981.5
3982.2
3982.9
3983.6
3984.3
3985
3985.7
3986.4
