55434
55435
55436
55436
55437
55438
55438
55439
55440
55441
55441
55442
55443
55443
55444
55445
55445
55446
55447
55448
55448
55449
55450
55450
55451
55452
55452
55453
55454
55455
55455
55456
55457
55457
55458
55459
55459
55460
55461
55462
55462
55463
55464
55464
55465
55466
55466
55467
55468
55469
55469
55470
55471
55471
55472
55473
55473
55474
55475
55476
55476
55477
55478
55478
55479
55480
55480
55481
55482
55483
55483
55484
55485
55485
55486
55487
55487
55488
55489
55490
55490
55491
55492
55492
55493
55494
55494
55495
55496
55497
55497
55498
55499
55499
55500
55501
55501
55502
55503
55504
55504
55505
55506
55506
55507
55508
55508
55509
55510
55511
55511
55512
55513
55513
55514
55515
55515
55516
55517
55518
55518
55519
55520
55520
55521
55522
55522
55523
55524
55525
55525
55526
55527
55527
55528
55529
55529
55530
55531
55532
55532
55533
55534
55534
55535
55536
55536
55537
55538
55539
55539
55540
55541
55541
55542
55543
55543
55544
55545
55546
55546
55547
55548
55548
55549
55550
55550
55551
55552
55553
55553
55554
55555
55555
55556
55557
55557
55558
55559
55560
55560
55561
55562
55562
55563
55564
55564
55565
55566
55567
55567
55568
55569
55569
55570
55571
55571
55572
55573
55574
55574
55575
55576
55576
55577
55578
55578
55579
55580
55581
55581
55582
55583
55583
55584
55585
55585
55586
55587
55588
55588
55589
55590
55590
55591
55592
55592
55593
55594
55595
55595
55596
55597
55597
55598
55599
55599
55600
55601
