0	0	0	0	0	0	0	0	0	0	0	0	0	0	0	0	0	0	0	0	0	0	0	0	0	0	0	0	0	0	0	0	0	0	0	0	0	0	0	0	0	0	0	0	0	0	0	0	0	0	0	0	0	0	0	0	0	0	0	0	0	0	0	0	0	0	0	0	0	0	0	0	0	0	0	0	0	0	0	0	0	0	0	0	0	0	0	0	0	0	0	0	0	0	0	0	0	0	0	0	0	0	0	0	0	0	0	0	0	0	0	0	0	0	0	0	0	0	0	0	0	0	0	0	0	0	0	0	0	0	0	0	0	0	0	0	0	0	0	0	0.67308	0.90584	0.90099	0.6693	0	0	0	0	0.71053	0	0	0	0	0	0	0	0	0	0	0	0	0	0	0	0	0	0	0	0	0	0	0	0	0	0	0	0	0	0	0	0	0	0	0	0	0	0	0	0	0	0	0	0	0	0	0	0	0	0	0	0	0	0	0	0	0	0	0	0	0	0	0	0	0	0	0	0	0	0	0	0	0	0	0	0	0	0.67689	0	0	0	0	0	0	0	0	0	0	0.63243	0	0	0	0	0	0	0	0.28554	0	0	0	0	0.77795	0.54443	1.3583	0.57365	0.62884	0.83273
0	0	0	0	0	0	0	0	0	0	0	0	0	0	0	0	0	0	0	0	0	0	0	0	0	0	0	0	0	0	0	0	0	0	0	0	0	0	0	0	0	0	0	0	0	0	0	0	0	0	0	0	0	0	0	0	0	0	0	0	0	0	0	0	0	0	0	0	0	0	0	0	0	0	0	0	0	0	0	0	0	0	0	0	0	0	0	0	0	0	0	0	0	0	0	0	0	0	0	0	0	0	0	0	0	0	0	0	0	0	0	0	0	0	0	0	0	0	0	0	0	0	0	0	0	0	0	0	0	0	0	0	0	0	0	0	0	0	0	0	0	0	0	0	0	0	0	0	0	0	0	0	0	0	0	0	0	0	0	0	0	0	0	0	0	0	0	0	0	0	0	0	0	0	0	0	0	0	0	0	0	0	0	0	0	0	0	0	0	0	0	0	0	0	0	0	0	0	0	0	0	0	0	0	0	0	0	0	0	0	0	0	0	0	0	0	0	0	0	0	0	0	0	0	0	0	0	0	0	0	0	0	0	0	0	0	0	0	0	0	0	0	0	0	0	0	0.3658	0	0	0	0	0	0	0	0	0.73203
0	0	0	0	0	0	0	0	0	0	0	0	0	0	0	0	0	0	0	0	0	0	0	0	0	0	0	0	0	0	0	0	0	0	0	0	0	0	0	0	0	0	0	0	0	0	0	0	0	0	0	0	0	0	0	0	0	0	0	0	0	0	0	0	0	0	0	0	0	0	0	0	0	0	0	0	0	0	0	0	0	0	0	0	0	0	0	0	0	0	0	0	0	0	0	0	0	0	0	0	0	0	0	0	0	0	0	0	0	0	0	0	0	0	0	0	0	0	0	0	0	0	0	0	0	0	0	0	0	0	0	0	0	0	0	0	0	0	0	0	0	0	0	0	0	0	0	0	0	0	0	0	0	0	0	0	0	0.71192	0	0	0	0	0	0	0	0.63212	0	0	0	0	0	0	0	0	0	0	0	0	0	0	0	0	0	0	0	0	0	0	0	0	0	0	0	0	0	0	0	0	0	0	0	0	0	0	0	0	0	0	0	0	0	0	0	0	0	0	0	0	0.52567	0	0	0	0	0	0	0	0.42656	0.42916	0	0	0	0.61113	0.29683	0	0	0	0	0	0	0	0	0	0	0	0	0	0	0.71192	0.51343	0	0.62884	0.96068	0.2019	1.142	1.0844	0.31647
0	0	0	0	0	0	0	0	0	0	0	0	0	0	0	0	0	0	0	0	0	0	0	0	0	0	0	0	0	0	0	0	0	0	0	0	0	0	0	0	0	0	0	0	0	0	0	0	0	0	0	0	0	0	0	0	0	0	0	0	0	0	0	0	0	0	0	0	0	0	0	0	0	0	0	0	0	0	0	0	0	0	0	0	0	0	0	0	0	0	0	0	0	0	0	0	0	0	0	0	0	0	0	0	0	0	0	0	0	0	0	0	0	0	0	0	0	0	0	0	0	0	0	0	0	0	0	0	0	0	0	0	0	0	0	0	0	0	0	0	0	0	1.7277	1.6337	0	0	0	0	0	0	0	0	0	0	0	0	1.4859	0.88656	1.2273	0	0	0	0	0	0	0	0	0	0	0	0	0	0	0	0	0	0	0	0	0	0	0	0	0	0	0	0	0	0	0	0	0	0	0	0	0	0	0	0	0	0	0	0	0	0	0	0	0.60764	0	0	0	0	0	0	0	0	0	0	0	0	0	0	0	0	0	0	0	0	0.65805	0.47253	0	0	1.4932	0.95558	0.38678	0	0	0	0	0	0	0	0	0	0	0	0	0	0	0	0	1.6026	1.2399	0.82177	2.1213	4.2134
0	0	0	0	0	0	0	0	0	0	0	0	0	0	0	0	0	0	0	0	0	0	0	0	0	0	0	0	0	0	0	0	0	0	0	0	0	0	0	0	0	0	0	0	0	0	0	0	0	0	0	0	0	0	0	0	0	0	0	0	0	0	0	0	0	0	0	0	0	0	0	0	0	0	0	0	0	0	0	0	0	0	0	0	0	0	0	0	0	0	0	0	0	0	0	0	0	0	0	0	0	0	0	0	0	0	0	0	0	0	0	0	0	0	0	0	0	0	0	0	0	0	0	0	0	0	0	0	0	0	0	0	0	0	1.7212	0	0	0	0	0	0	0	0	0	0	0	0	0	0	0	0	0	0	0	0	0	0	0.87233	1.4785	0.51343	0	0	0	0	0	0	0	0	0	0	0	0	0	0	0	0	0	0	0	0	0	0	0	0	0	0	0	0	0	0	0	0	0	0	0	0	0	0	0	0	0	0	0	0	0	0	0.70795	0.75679	0.93542	0.35679	0	0	0	0	0	0	0	0	0	0	0	0.50231	0	0	0	0	0	0	0	0	0	0	0.60071	1.2149	1.6796	0.31446	0.26753	0	0	0	0	0	0	0	0	0	0	0	0	0	0	0.46413	0	0.35235	0	0
0	0	0	0	0	0	0	0	0	0	0	0	0	0	0	0	0	0	0	0	0	0	0	0	0	0	0	0	0	0	0	0	0	0	0	0	0	0	0	0	0	0	0	0	0	0	0	0	0	0	0	0	0	0	0	0	0	0	0	0	0	0	0	0	0	0	0	0	0	0	0	0	0	0	0	0	0	0	0	0	0	0	0	0	0	0	0	0	0	0	0	0	0	0	0	0	0	0	0	0	0	0	0	0	0	0	0	0	0	0	0	0	0	0	0	0	0	0	0	0	0	0	0	0	0	0	0	0	0	0	0	0	0	0	0	0	0	0	0	0	0	0	0	0	0	0	0	0	0	0	0	0	0	0	0	0	0	0	0	0	0	0	0	0	0	0	0	0	0	0	0	0	0	0	0	0	0	0	0	0	0	0	0	0	0	0	0	0	0	0	0	0	0	0	0	0	0	0	0	0	0	0	0	0	0	0	0	0	0.54761	0.86763	1.1481	0	0	0	0	0	0	0.66179	0	0	0	0	0	0	0	0	0	0	0	0	0	0	0	0	0	0.51343	0	0.80841	0	0	0	0.26986	0	0	0	0	0	0	0	0	0	0	0	0.46413	0.50741	0
0	0	0	0	0	0	0	0	0	0	0	0	0	0	0	0	0	0	0	0	0	0	0	0	0	0	0	0	0	0	0	0	0	0	0	0	0	0	0	0	0	0	0	0	0	0	0	0	0	0	0	0	0	0	0	0	0	0	0	0	0	0	0	0	0	0	0	0	0	0	0	0	0	0	0	0	0	0	0	0	0	0	0	0	0	0	0	0	0	0	0	0	0	0	0	0	0	0	0	0	0	0	0	0	0	0	0	0	0	0	0	0	0	0	0	0	0	0	0	0	0	0	0	0	0	0	0	0	0	0	0	0	0	0	0	0	0	0	0	0	0	0	0	0	0	0	0	0	0	0	0	0	0	0	0	0	0	0	0	0	0	0	0	0	0	0	0	0	0	0	0	0	0.50443	0	0	0	0	0	0	0	0	0	0	0	0	0	0	0	0	0	0	0	0	0	0	0	0	0	0	0	0	0	0	0	0	0	0	0	0	0.55081	0.5605	0	0	0	0	0	0.34146	1.1245	0.52257	0.41631	0	0.31246	1.0564	0	0	0	0	0	0	0	0	0	0	0	0	2.6943	1.5346	0	0	0	0	0	0	0	0	0	0	0	0	0	0	0	0	0	0	0
0	0	0	0	0	0	0	0	0	0	0	0	0	0	0	0	0	0	0	0	0	0	0	0	0	0	0	0	0	0	0	0	0	0	0	0	0	0	0	0	0	0	0	0	0	0	0	0	0	0	0	0	0	0	0	0	0	0	0	0	0	0	0	0	0	0	0	0	0	0	0	0	0	0	0	0	0	0	0	0	0	0	0	0	0	0	0	0	0	0	0	0	0	0	0	0	0	0	0	0	0	0	0	0	0	0	0	0	0	0	0	0	0	0	0	0	0	0	0	0	0	0	0	0	0	0	0	0	0	0	0	0	0	0	0	0	0	0	0	0	0	0	0	0	0	0	0	0	0	0	0	0	0	0	0	0	0	0	0.46413	0	0.60764	1.298	0	0	0	0	0	0	0	0	0	0.34796	0.86295	0.38917	0	0	0	0	0	0	0	0	0	0	0	0	0	0	0	0	0	0	0	0	0	0	0	0	0	0	0	0	0	0	0	0	0	0	0	0	0	0.18584	0	0	0	0	0	0	0.55403	0	0.42398	0.2555	0.76098	0	0	0	0.93542	0	0	0	0	0	0	0	0	0	1.1362	0	0.52565	1.298	0.46136	0	0	0	0	0	0	0	0	0	0	0	0	0	0	0
0	0	0	0	0	0	0	0	0	0	0	0	0	0	0	0	0	0	0	0	0	0	0	0	0	0	0	0	0	0	0	0	0	0	0	0	0	0	0	0	0	0	0	0	0	0	0	0	0	0	0	0	0	0	0	0	0	0	0	0	0	0	0	0	0	0	0	0	0	0	0	0	0	0	0	0	0	0	0	0	0	0	0	0	0	0	0	0	0	0	0	0	0	0	0	0	0	0	0	0	0	0	0	0	0	0	0	0	0	0	0	0	0	0	0	0	0	0	0	0	0	0	0	0	0	0	0	0	0	0	0	0	0	0	0	0	0	0	0	0	0	0	0	0	0	0	0	0	0	0	0.90138	0.99297	0	0	0	0	0	0	0	0.92053	1.5381	2.6439	1.1304	0.54761	0	0	0	0	0	1.2087	0.62884	1.4495	0	0	0	0	0	0	0	0	0	0	0	0	0	0	0	0	0	0	0	0	0	0	0	0	0	0	0	0	0	0	0	0	0	0.60071	0.2874	0	0	0	0	0	0.84903	0	0	0	0	0	0.75679	0	0	0	0.35235	0.19507	0	0.47536	0.79524	0.31446	0	0	0	0	0	0	0	0	0	0	0	1.3583	2.4787	0.53811	0	0	0	1.2028	0.78807	0	0	0	0	0.55081	0	0	0	0
0	0	0	0	0	0	0	0	0	0	0	0	0	0	0	0	0	0	0	0	0	0	0	0	0	0	0	0	0	0	0	0	0	0	0	0	0	0	0	0	0	0	0	0	0	0	0	0	0	0	0	0	0	0	0	0	0	0	0	0	0	0	0	0	0	0	0	0	0	0	0	0	0	0	0	0	0	0	0	0	0	0	0	0	0	0	0	0	0	0	0	0	0	0	0	0	0	0	0	0	0	0	0	0	0	0	0	0	0	0	0	0	0	0	0	0	0	0	0	0	0	0	0	0	0	0	0	0	0	0	0	0	0	0	0	0	0	0	0	0	0	0	1.0509	1.2025	0.23435	0	0	0	0	0	0	0	0	0	0	0	0	0	0	0	0.41886	0.6884	0.64331	0.50741	0	0	0	0	0	0.91561	0.97611	0	0	0	0.23435	0.29683	0	0	0	0	0	0	0	0	0	0	0	0	0	0	0	0	0	0	0	0	0	0	0	0	0	0	0	0	0.85829	0	0	0	0	0	0	0	0.74846	0	0.87705	0	0	0.31446	0.73611	0	0.58705	0.84903	0	0.21035	0	0.54443	0	0	0	0	0	0	0	0	0	0	0	0	0	0	0	0.54126	0	0	0	0	0	0	0	0	0	0	0.86763	1.1963	0.3844	0
0	0	0	0	0	0	0	0	0	0	0	0	0	0	0	0	0	0	0	0	0	0	0	0	0	0	0	0	0	0	0	0	0	0	0	0	0	0	0	0	0	0	0	0	0	0	0	0	0	0	0	0	0	0	0	0	0	0	0	0	0	0	0	0	0	0	0	0	0	0	0	0	0	0	0	0	0	0	0	0	0	0	0	0	0	0	0	0	0	0	0	0	0	0	0	0	0	0	0	0	0	0	0	0	0	0	0	0	0	0	0	0	0	0	0	0	0	0	0	0	0	0	0	0	0	0	0	0	0	0	0	0	0	0	0	0	0	0	0	0	0	0	0	1.178	1.2655	0	0	0	0	0	0	0	0	0	0	0	0	0	0	0	0.31047	0	0	0	0	0	0	0	0	0	0	0	0	0	0.63243	0	0.83986	0	0	0	0	0	0	0	0	0	0	0	0	0	0	0	0	0	0	0	0	0	0	0	0	0	0	0	0.31647	0	0	0	0	0	0	0	0	0	0	0	0	0	0.30849	0.29492	0	1.1129	0	0	0.38203	0.79089	0.39399	0	0	0.25889	0	0	0	0	0	0	0	0	1.5306	0	0	0	0	0.84903	0	0	0	0	0	0	0	0	0	0	0	0
0	0	0	0	0	0	0	0	0	0	0	0	0	0	0	0	0	0	0	0	0	0	0	0	0	0	0	0	0	0	0	0	0	0	0	0	0	0	0	0	0	0	0	0	0	0	0	0	0	0	0	0	0	0	0	0	0	0	0	0	0	0	0	0	0	0	0	0	0	0	0	0	0	0	0	0	0	0	0	0	0	0	0	0	0	0	0	0	0	0	0	0	0	0	0	0	0	0	0	0	0	0	0	0	0	0	0	0	0	0	0	0	0	0	0	0	0	0	0	0	0	0	0	0	0	0	0	0	0	0	0	0	0.26753	0.31849	0	0	0	0	0	0	0	0	0	0	0	0	0	0	0	0	0	0	0	0	0	0	0	0	0	0	1.4351	0	0	0	0	0	0	0	0	0	0	0	0	0	0	0	0	0	0	0	0	0	0	0	0	0	0	0	0	0	0	0	0	0	0	0	0	0	0	0	0	0	0	0	0	0	0	0	0	0	0	0	0	0	0	0.26405	0	0	0	1.1129	0	0	0	0.23592	0.43177	0.34796	0	0	0	1.1538	1.1841	0	0	0	0	0	0	0	0	0.90584	0.35235	0	0.68454	1.0454	0.4985	0	0	0	0	0	0	0	0	0	0	0
0	0	0	0	0	0	0	0	0	0	0	0	0	0.26206	0	0	0	0	0	0	0	0	0	0	0	0	0	0	0	0	0	0	0	0	0	0	0	0	0	0	0	0	0	0	0	0	0	0	0	0	0	0	0	0	0	0	0	0	0	0	0	0	0	0	0	0	0	0	0	0	0	0	0	0	0	0	0	0	0	0	0	0	0	0	0	0	0	0	0	0	0	0	0	0	0	0	0	0	0	0	0	0	0	0	0	0	0	0	0	0	0	0	0	0	0	0	0	0	0	0	0	0	0	0	0	0	0	0	0	0.58367	0.41126	0.82626	0.83986	0.48971	0	0	0	0	0	0	0	0	0	0	0	0	0	0.48971	0.4586	0.37501	0	0	0.52908	0.35884	0	0	0	0	0.31246	0	0.73203	0	0	0	0	0	0.9658	0	0	0	0	0	0	0	0	0	0	0	0	0	0	0	0	0	0	0	0	0	0	0	0	0	0	0	0	0	0	0	0	0.62884	0	0	0	0	0	0	0	0.44609	0.77865	0	0	0	0	0.62526	0.69227	0.37501	0	0	0	0	0	0	0	0.63243	1.1841	0	0	0	0	0.45586	1.1072	0.24883	0	0	0	0	0	0	0	0.74432	1.2784	0.17087	0	0	1.1014	0.62884	0	0	0	0	0	0	0	0	0	0.58367
0	0	0	0	0	0	0	0	0	0	0	0	0	0	0	0	0	0	0	0	0	0	0	0	0	0	0	0	0	0	0	0	0	0	0	0	0	0	0	0	0	0	0	0	0	0	0	0	0	0	0	0	0	0	0	0	0	0	0	0	0	0	0	0	0	0	0	0	0	0	0	0	0	0	0	0	0	0	0	0	0	0	0	0	0	0	0	0	0	0	0	0	0	0	0	0	0	0	0	0	0	0	0	0	0	0	0	0	0	0	0	0	0	0	0	0	0	0	0	0	0	0	0	0	0	0	0	0	0	0	0	0	0	0	0	0	0	0	0	0	0	0	0	0	0	0	0	0	0.50443	0.50146	0	0	0	0	0	0	0.33719	0.83531	4.3963	0.65805	0	0	0	0	0	0	0.83077	0	0	0	0	0	0	0	0	0	0	0	0	0	0	0	0	0	0	0	0	0	0	0.28927	0	0	0	0	0	0	0	0	0	0.61464	0.46136	0	0	0	0	0	0	0	0	0	0	0	0	0	0	0.67359	0.37269	0.2423	0	0	0	0	0.28927	1.0718	0.89135	0	0	0	0	0	0.42398	0.46136	0.33719	0	0	0	0	0	0	0	0	0.61464	0	0.34146	0	0.95558	0.37734	0	0.57034	0	0	0	0	0	0	0
0	0	0	0	0	0	0	0	0	0	0	0	0	0	0	0	0	0	0	0	0	0	0	0	0	0	0	0	0	0	0	0	0	0	0	0	0	0	0	0	0	0	0	0	0	0	0	0	0	0	0	0	0	0	0	0	0	0	0	0	0	0	0	0	0	0	0	0	0	0	0	0	0	0	0	0	0	0	0	0	0	0	0	0	0	0	0	0	0	0	0	0	0	0	0	0	0	0	0	0	0	0	0	0	0	0	0	0	0	0	0	0	0	0	0	0	0	0	0	0	0	0	0	0	0	0	0	0	0	0	0	0	0	0	0	0	0	0	0	0	0	0	0	0	0	0	0	0	0	0	0	0	0	0	0	0	0	0	0.54126	0	0	0	0	0	0	0	0.88656	0	0	0	0	0.67689	2.4143	0.77795	0	0	0	0	0	0	0	0	0	0	0	0	0	0	0	0.35235	0.17208	0	0	0	0	0	0	0	0	0	0	0	0	0	0	0	0	0	0	0	0.58367	0.33932	0	0	0	0	0.25214	0.56704	0	0	0	0.26929	0	0.48681	0	0.29303	0.3658	0	0.32669	0.2837	0	0.62884	0.72393	0	0	0	0	0	0	0	0	0.56377	0.90099	0.73303	0	0.62526	1.5919	0.57365	0	0	0	0	0	0	0	0
0	0	0	0	0	0	0	0	0	0	0	0	0	0	0	0	0	0	0	0	0	0	0	0	0	0	0	0	0	0	0	0	0	0	0	0	0	0	0	0	0	0	0	0	0	0	0	0	0	0	0	0	0	0	0	0	0	0	0	0	0	0	0	0	0	0	0	0	0	0	0	0	0	0	0	0	0	0	0	0	0	0	0	0	0	0	0	0	0	0	0	0	0	0	0	0	0	0	0	0	0	0	0	0	0	0	0	0	0	0	0	0	0	0	0	0	0.49579	0	0	0	0	0	0	0	0	0	0	0	0	0	0	0	0	0	0	0	0	0	0	0	0	0	0	0	0	0	0	0	0	0	0	0	0	0	0	0	0	0	0	0	0	0.24392	0	0	0	0	0	0	0	0	0	0.182	0.63243	0.57034	0.54443	0	0	0	0	0	0	0	0.57365	0	0	0	0	0	0	0	0	0	0	0	0	0	0	0	0	0	0	0	0	0	0	0	0	0	0	0.27642	0	0	0	0	0	0	0	0	0	0.27106	0.61816	0.98651	0	0	0.48971	0	0	0	0.38678	0.63966	0.98651	0	0	0.68454	0	0	0	0	0	0	0	0	0	0	0	0	0	0	0	0	0	0	0	0	0	0
0	0	0	0	0	0	0	0	0	0	0	0	0	0	0	0	0	0	0	0	0	0	0	0	0	0	0	0	0	0	0	0	0	0	0	0	0	0	0	0	0	0	0	0	0	0	0	0	0	0	0	0	0	0	0	0	0	0	0	0	0	0	0	0	0	0	0	0	0	0	0	0	0	0	0	0	0	0	0	0	0	0	0	0	0	0	0	0	0	0	0	0	0	0	0	0	0	0	0	0	0	0	0	0	0	0	0	0	0	0	0	0	0	0	0	0	0	0	0	0	0	0	0	0	0	0	0	0	0	0	0	0	0	0.42281	0	0	0.45313	0.9658	0.8818	0	0.40326	0	0	0	0	0	0	0	0	0	0	0	0	0	0	0	0	0	0	0	0	1.0059	0.97094	0.2837	0	0	0.56377	0.91561	0	0	0	0	0.36353	1.372	1.0509	0	0	0	0	0	0.21615	0.21179	0.28186	0	0	0	0	0	0	0	0	0	0	0	0	0	0	0	0	0	0.46413	0.16611	0	0	0	0	0	0	0	0	0	0	0	0.1558	0	0	0	0	0.26578	0.90099	1.2025	1.2644	0.36808	0	0.51646	0	0	0	0	0.41631	0.78224	0.22814	0	0.55081	0.45586	0.46413	0.91072	0	0	0	0	0	0	0	0	0	0	0.20052	0.20468	0.2555	0.61113	0.38203	0	0	0	0
0	0	0	0	0	0	0	0	0	0	0	0	0	0	0	0	0	0	0	0	0	0	0	0	0	0	0	0	0	0	0	0	0	0	0	0	0	0	0	0	0	0	0	0	0	0	0	0	0	0	0	0	0	0	0	0	0	0	0	0	0	0	0	0	0	0	0	0	0	0	0	0	0	0	0	0	0	0	0	0	0	0	0	0	0	0	0	0	0	0	0	0	0	0	0	0	0	0	0	0	0	0	0	0	0	0	0	0	0	0	0	0	0	0	0	0	0	0	0	0	0	0	0	0	0	0	0	0	0	0	0	0	0	0	0	0.42141	1.2021	1.1129	0.804	0	0	0	0	0	0	0	0	0	0	0	0	0	0	0	0.2019	0.89135	0.89135	0.35015	0	0	0	0.43968	0.71991	0.3658	0	0	0.41378	1.1963	0.9658	0	0	0	0.25214	0.32877	0.89135	0.60764	0	0.71192	0	0	0.25382	0	0	0	0	0	0	0	0	0	0	0	0	0	0	0	0	0	0	0.48971	0.64697	0.32877	0.65065	0.29114	0	0	0	0	0	0	0	0	0.36353	0.23592	0	0	0	0.25889	0.51646	0.43703	0	0	0.28927	0	0.83725	1.0959	0	0	0	0	0	0	0	0	0.2555	0	0.64697	0.79524	0.44502	0	0.35902	0	0	0	0	0	0.66553	6.74	1.4712	2.4594	2.9215	1.1014	0	0	0.69617	0
0	0	0	0	0	0	0	0	0	0	0	0	0	0	0	0	0	0	0	0	0	0	0	0	0	0	0	0	0	0	0	0	0	0	0	0	0	0	0	0	0	0	0	0	0	0	0	0	0	0	0	0	0	0	0	0	0	0	0	0	0	0	0	0	0	0	0	0	0	0	0	0	0	0	0	0	0	0	0	0	0	0	0	0	0	0	0	0	0	0	0	0	0	0	0	0	0	0	0	0	0	0	0	0	0	0	0	0	0	0	0	0	0	0	0	0	0	0	0	0	0	0	0	0	0	0	0	0	0	0	0	0	0	0	0	0	0	0	0	0	0	0	0	0	0	0	0	0	0	0	0	0	0	0	0	0.4586	0.54443	0.39642	0.48393	0	0	1.3927	2.151	0	0	0	0	0.34578	0.29303	0	0	0	0	0	0	0	0	1.055	0.32257	0	0	0	0	0	0	0	0	0	0	0	0	0	0	0	0	0	0	0	0	0	0	0	0	0.45586	0	0	0	0	0	0	0	0	0	0	0.45041	0.61816	0.26578	0.67308	0.56377	0.34362	0	0	0	0	0.16261	0.97611	0.31246	0	0	0.93043	0.18714	0	0	0	0.55726	0.8818	0.43439	0.66179	2.7559	1.0957	0.3658	0.42398	0	0	0	0	0	0.22208	0.34146	2.8598	0.92547	0.2837	0	0	0.70795	0.70795
0	0	0	0	0	0	0	0	0	0	0	0	0	0	0	0	0	0	0	0	0	0	0	0	0	0	0	0	0	0	0	0	0	0	0	0	0	0	0	0	0	0	0	0	0	0	0	0	0	0	0	0	0	0	0	0	0	0	0	0	0	0	0	0	0	0	0	0	0	0	0	0	0	0	0	0	0	0	0	0	0	0	0	0	0	0	0	0	0	0	0	0	0	0	0	0	0	0	0	0	0	0	0	0	0	0	0	0	0	0	0	0	0	0	0	0	0	0	0	0	0	1.7302	0	0	0	0	0	0	0	0	0	0	0	0	0	0	0	0	0	0	0	0	0	0	0	0	0	0	0	0	0	0	0	0	0	0	0	1.172	1.4009	1.774	1.428	6.42	1.2966	0	0	0	0	0	0	0	0	0	0.17698	1.2655	1.2526	0	0	1.4138	1.7208	1.6393	0	1.8982	0	0	1.9303	0	0	0	0	0	0	0	0	0	0	0	0	0	1.3312	1.5791	0	0	0	0	1.3312	1.1481	0	1.0844	0	0	0	0	0	0	0	0	0	0	0	1.3789	0	1.3858	0	0	0	1.9861	1.7375	1.4423	1.298	0	0	0	0	0	0	1.4351	0.22968	0	1.4756	4.9387	1.9767	1.5841	0	0	0	0	0	0	0	0	0	0	0	0	0	1.2149
0	0	0	0	0	0	0	0	0	0	0	0	0	0	0	0	0	0	0	0	0	0	0	0	0	0	0	0	0	0	0	0	0	0	0	0	0	0	0	0	0	0	0	0	0	0	0	0	0	0	0	0	0	0	0	0	0	0	0	0	0	0	0	0	0	0	0	0	0	0	0	0	0	0	0	0	0	0	0	0	0	0	0	0	0	0	0	0	0	0	0	0	0	0	0	0	0	0	0	0	0	0	0	0	0	0	0	0	0	0	0	0	0	0	0	0	0	0	0	0	0	0	0	0	0.32669	0.52565	0.16611	0.15249	0	0	0	0	0	0	0	0	0	0	0	0	0	0	0	0	0	0	0	0	0	0	0	0	0	0	0	0	0	0	0	1.0023	1.4932	1.2273	0	0	0	0	0	0	0	0	0	0.16494	0.23123	1.09	0.45041	0	0	0	0.21179	0	0	0	0	0	0.65213	0	0	0	0	0	0	0	0	0	0	0	0	0	0.57034	0.32462	0.36127	0	0	0.15469	0.28004	0	0.43439	0.82177	0.45586	0	0	0	0.57365	0.182	1.2526	0.66553	0	0	0	0.17208	0	0.32877	0.20609	0	0	0	0.2606	0.57034	0.30261	0.44771	0	0	0	0	0	0	0.3658	0	0	0.36808	1.2463	0.77795	1.6747	0	0	0	0	0	0	0	0	0	0	0	0	0
0	0	0	0	0	0	0	0	0	0	0	0	0	0	0	0	0	0	0	0	0	0	0	0	0	0	0	0	0	0	0	0	0	0	0	0	0	0	0	0	0	0	0	0	0	0	0	0	0	0	0	0	0	0	0	0	0	0	0	0	0	0	0	0	0	0	0	0	0	0	0	0	0	0	0	0	0	0	0	0	0	0	0	0	0	0	0	0	0	0	0	0	0	0	0	0	0	0	0	0	0	0	0	0	0	0	0	0	0	0	0	0	0	0	0	0	0	0	0	0	0	0	0	0	0	0	0	0	0	0	0	0	0	0	0	0	0	0	0	0	0	0	0	0	0	0	0	0	0	0	0	0	0	0	0	0	0	0	0	0	0	0	0	0	0	0	0	0	0	0	0	0	0	0.19642	0	0	0	0	0	0	0	0	0	0	0	0	0	0	0	0	0	0	0	0	0	0	0	0	0	0	0	0	0	0	0	0	0.40132	0.41378	0.33932	0	0	0.21323	0.9658	0.89869	0.61816	0.26232	0	0.57697	0.2555	0	0.40876	0	0	0	0	0	0	1.2655	1.029	1.3178	2.1911	0	0	0	0	0	0	0	0.48681	0	0.19507	0	0.63966	1.1014	0	0	0	0	0	0	0.33932	0.58032	0	0	0	0
0	0	0	0	0	0	0	0	0	0	0	0	0	0	0	0	0	0	0	0	0	0	0	0	0	0	0	0	0	0	0	0	0	0	0	0	0	0	0	0	0	0	0	0	0	0	0	0	0	0	0	0	0	0	0	0	0	0	0	0	0	0	0	0	0	0	0	0	0	0	0	0	0	0	0	0	0	0	0	0	0	0	0	0	0	0	0	0	0	0	0	0	0	0	0	0	0	0	0	0	0	0	0	0	0	0	0	0	0	0	0	0	0	0	0	0	0	0	0	0	0	0	0	0	0	0	0	0	0	0	0	0	0	0	0	0	0	0	0	0	0	0	0	0	0	0	0	0	0	0	0	0	0	0	0	0	0	0	0	0	0	0	0	0	0.22814	0	0	0	0	0	0	0	0	0	0	0	0	0	0.16146	0.40132	0	0	0	0	0	0	0	0	0	0.32877	0	0	0	0	0	0	0	0	0	0	0	0	0	0	0	0	0	0	0	0	0	0.24069	0	0.18584	0	0	0.27106	0.4782	0	0	0	0.24392	0	0	0	0	0.23435	0.27106	0.21762	0.33719	0.48971	0.71991	0	0	0	0	0	0	0.51646	0	0	0.75679	0.82626	1.1119	0.51951	0	0	0	0	0	0	1.2851	0.58032	0	0	0
0	0	0	0	0	0	0	0	0	0	0	0	0	0	0	0	0	0	0	0	0	0	0	0	0	0	0	0	0	0	0	0	0	0	0	0	0	0	0	0	0	0	0	0	0	0	0	0	0	0	0	0	0	0	0	0	0	0	0	0	0	0	0	0	0	0	0	0	0	0	0	0	0	0	0	0	0	0	0	0	0	0	0	0	0	0	0	0	0	0	0	0	0	0	0	0	0	0	0	0	0	0	0	0	0	0	0	0	0	0	0	0	0	0	0	0	0	0	0	0	0	0	0	0	0	0	0	0	0	0	0	0	0	0	0	0	0	0	0	0	0	0	0	0	0	0	0	0	0	0	0	0	0	0	0	0	0	0	0	0	0	0	0.33932	0.31246	4.5287	0.46136	0	2.0075	0	0	0	1.3379	0.20052	0	0	0	0	0.17329	0.7968	0.41126	0	0	0	0	0	0	0	0.35015	0.27642	0	0	0	0	0	0	0	0	0	0	0	0	0	0	0.38976	0	0	0	0	0	0	0	0	0	0	0	0	0	0	0	0	0	0.66553	0.90099	0.2075	0.42141	0.33506	0	0.15918	0.56377	0.18327	0	0	0	0	0	0	0	0	0	0	1.1959	0.79241	0.41378	0.77368	0.83531	0	0	0	0	0	0	0.182	0.23435	0.89135	0	0
0	0	0	0	0	0	0	0	0	0	0	0	0	0	0	0	0	0	0	0	0	0	0	0	0	0	0	0	0	0	0	0	0	0	0	0	0	0	0	0	0	0	0	0	0	0	0	0	0	0	0	0	0	0	0	0	0	0	0	0	0	0	0	0	0	0	0	0	0	0	0	0	0	0	0	0	0	0	0	0	0	0	0	0	0	0	0	0	0	0	0	0	0	0	0	0	0	0	0	0	0	0	0	0	0	0	0	0	0	0	0	0	0	0	0	0	0	0	0	0	0	0	0	0	0	0	0	0	0	0	0	0	0	0.44609	0	0	0	0	0	0	0	0	0	0	0	0	0	0	0	0	0	0	0	0	0	0	0	0	0	0	0	0.33506	0.29875	0.52565	0.84444	1.0903	0.53497	2.6201	0	0	0	1.055	1.272	0.62884	0	0	0	0	0.26405	0	0.6693	0.20329	0.65434	0	0	0	0.17823	0.9658	0.6884	0	0	0	0	0	0	0	0	0	0	0	0	0.27467	0	0	0	0	0	0	0	0.51222	0	0	0	0.19778	0.66553	0	0	0	0.16848	0	0	0.3399	0.34578	0	0.33086	0.40876	0.62526	0.28554	0.72393	0.83986	0	0	0	0	0.36134	0	0	0	0	0	0.21469	0.44502	0.79241	0.62526	1.8727	0	0	0	0	0	0	0.45586	1.1841	0.50443	2.0022	1.8407
0	0	0	0	0	0	0	0	0	0	0	0	0	0	0	0	0	0	0	0	0	0	0	0	0	0	0	0	0	0	0	0	0	0	0	0	0	0	0	0	0	0	0	0	0	0	0	0	0	0	0	0	0	0	0	0	0	0	0	0	0	0	0	0	0	0	0	0	0	0	0	0	0	0	0	0	0	0	0	0	0	0	0	0	0	0	0	0	0	0	0	0	0	0	0	0	0	0	0	0	0	0	0	0	0	0	0	0	0	0	0	0	0	0	0	0	0	0	0	0	0	0	0	0	0	0	0	0.52257	0	0	0	0	0	0	0	0	0	0	0	0	0.29683	0.76943	0.23435	0	0	0	0	0	0	0	0	0	0	0	0	0	0	0	0	0	0	0	0	0	0	0.53185	0.62111	0.19373	0	0	0	0.32257	1.3031	1.2526	0.23592	0	0	0	0	0	1.6828	1.09	0.39886	0	0	0	0.33506	0.41631	0.33295	0	0	0	0	0	0	0	0	0	0	0.17087	0.52506	0	0	0	0.24336	0	0	0	0	0	0	0	0.17698	0	0	0	0	0.22058	0	0	0	0	0	0	0	0	0	0.33295	0.58367	0.90357	0.71991	0.20892	0	0	0	0	0	0	0	0	0.30456	0.79089	3.1507	1.6587	0.95051	0.6217	0	0	0	0.19373	0	0	0	0	0	0.41378
0	0	0	0	0	0	0	0	0	0	0	0	0	0	0	0	0	0	0	0	0	0	0	0	0	0	0	0	0	0	0	0	0	0	0	0	0	0	0	0	0	0	0	0	0	0	0	0	0	0	0	0	0	0	0	0	0	0	0	0	0	0	0	0	0	0	0	0	0	0	0	0	0	0	0	0	0	0	0	0	0	0	0	0	0	0	0	0	0	0	0	0	0	0	0	0	0	0	0	0	0	0	0	0	0	0	0	0	0	0	0	0	0	0	0	0	0	0	0	0	0	0	0	0.37147	0	0	0.44502	0.57034	0	0	0	0	0	0	0	0	0	0	0	0	0	0.44502	0.94546	0.65065	0	0	0	0	0	0	0	0	0	0	0	0	0	0	0	0	0	0	0	0	0	0	0	0	0	0	0	0.20892	0.51343	0.37734	0	0	0	0	0	0	0.32669	0.5037	0	0	0	0	0	0	0	0	0	0.66553	2.9874	0.62526	0	0.27106	0.62526	0.72393	0	0.7652	1.1003	0	0	0	0	0	0	0	0	0	0	0	0	0.1924	0.37038	0	0	0	0	0	0	0	0	0	0	0	0	0	0.33295	0.35456	0	0	0	0	0.5376	1.3386	0	0	0.39886	0.51951	1.2336	1.5649	0.62526	2.19	0.3658	0	0	0	0.36808	0.33295	0	0	0	0	1.5101	0.37269
0	0	0	0	0	0	0	0	0	0	0	0	0	0	0	0	0	0	0	0	0	0	0	0	0	0	0	0	0	0	0	0	0	0	0	0	0	0	0	0	0	0	0	0	0	0	0	0	0	0	0	0	0	0	0	0	0	0	0	0	0	0	0	0	0	0	0	0	0	0	0	0	0	0	0	0	0	0	0	0	0	0	0	0	0	0	0	0	0	0	0	0	0	0	0	0	0	0	0	0	0	0	0	0	0	0	0	0	0	0	0	0	0	0	0	0	0	0	0	0	0	0	0	0	0	0.43703	0.3658	0	0	0	0	0	0	0	0	0	0	0	0	0	0	0	0	1.09	0.81729	0	0	0	0	0	0	0	0	0	0	0	0	0	0	0	0	0	0	0	0	0	0	0	0	0	0	0	0	0	0	0	0	0	0	0	0	0	0	0	0	0	0	0	0	0	0	0.45313	2.8851	0.90099	0.40379	0.67308	2.1696	7.3171	1.0844	1.2211	1.166	0	0	0	0	0	0	0	0	0	0	0	0	0	0	0	0	0	0.15805	0	0	0	0	0	0	0	0	0	0.24718	0.2606	0	0	0	0.57697	0.78804	0.1558	0	0	0	0.24555	0	0	0	0.53811	0.83077	1.0236	0	0	0.20052	0.2375	0	0	0	0	0.52257	0.89135
0	0	0	0	0	0	0	0	0	0	0	0	0	0	0	0	0	0	0	0	0	0	0	0	0	0	0	0	0	0	0	0	0	0	0	0	0	0	0	0	0	0	0	0	0	0	0	0	0	0	0	0	0	0	0	0	0	0	0	0	0	0	0	0	0	0	0	0	0	0	0	0	0	0	0	0	0	0	0	0	0	0	0	0	0	0	0	0	0	0	0	0	0	0	0	0	0	0	0	0	0	0	0	0	0	0	0	0	0	0	0	0	0	0	0	0	0	0	0	0	0	0	0	0	0	0	0	0	0	0	0	0	0	0	0	0	0	0	0	0	0	0	0	0	0	0	0	0	0	0	0	0	0	0	0	0	0	0	0	0	0	0	0	0	0	0	0	0	0	0	0	0	0	0	0	0	0	0	0	0	0	0	0	0	0	0	0	0	0	0	0	0	0.32877	0.83077	1.16	1.4438	1.3447	2.4814	0.27822	0.21323	0	0	0	0	0	0	0.20468	0	0	0	0	0	0	0	0	0	0.21469	0.61816	0	0	0	1.3163	0.8818	0	0	0	0	0	0.30067	0.41886	0	0	0	0	0	0	0	0	0	0	0	0	0.25048	0	0.21615	0.31446	1.172	0.90099	0.89616	1.2526	0.37968	0	0	0.19642	1.2526	0
0	0	0	0	0	0	0	0	0	0	0	0	0	0	0	0	0	0	0	0	0	0	0	0	0	0	0	0	0	0	0	0	0	0	0	0	0	0	0	0	0	0	0	0	0	0	0	0	0	0	0	0	0	0	0	0	0	0	0	0	0	0	0	0	0	0	0	0	0	0	0	0	0	0	0	0	0	0	0	0	0	0	0	0	0	0	0	0	0	0	0	0	0	0	0	0	0	0	0	0	0	0	0	0	0	0	0	0	0	0	0	0	0	0	0	0	0	0	0	0	0	0	0	0	0	0	0	0	0	0	0	0	0	0	0	0	0	0	0	0	0	0	0	0	0	0	0	0.21179	0.70401	0.66553	0	0	0	0	0	0	0	0	0	0	0	0	0	0	0	0	0	0	0	0	0	0	0	0	0	0	0	0	0	0	0	0	0	0	0	0	0	0	0	0	0	0	0	0.54761	0.46413	0.57365	0.62526	0.77795	0	0	0	0	0	0	0	0	0.48971	0.62526	0	0	0.71967	0	0	0	0	0	0	0	0	0	0	0.53497	0.66179	0	0	0	0	0	0.34146	0.89135	0.72393	0.21469	0	0	0	0	0	0.22208	0.43177	0	0	0	0.57697	0.90584	0	0	0.72797	1.1245	1.3447	3.5201	1.6043	0.72393	0	0.4985	3.2489	0.90099
0	0	0	0	0	0	0	0	0	0	0	0	0	0	0	0	0	0	0	0	0	0	0	0	0	0	0	0	0	0	0	0	0	0	0	0	0	0	0	0	0	0	0	0	0	0	0	0	0	0	0	0	0	0	0	0	0	0	0	0	0	0	0	0	0	0	0	0	0	0	0	0	0	0	0	0	0	0	0	0	0	0	0	0	0	0	0	0	0	0	0	0	0	0	0	0	0	0	0	0	0	0	0	0	0	0	0	0	0	0	0	0	0	0	0	0	0	0	0	0	0	0	0	0	0	0	0	0	0	0	0	0	0	0	0	0	0	0	0	0	0	0	0	0	0	0	0	0	0	0	0	0	0.42398	1.0619	0.2555	0	0	0	0	0	0	0	0	0	0	0	0	0	0	0	0	0	0.4586	0.70401	0.42398	0.62884	1.4952	0	0	0	0	0	0	0	0	0	0	0	0	0	0	0	0	0	0	0	0	0	0	0	0	0	0	0	0	0	0.60417	0.32877	0	0	0	0	0	0	0	0	0	0	0	0	0	0	0	0	0	0	0	0	0	0	0.34362	1.2655	0	0	0.79524	0	0	0	0.41378	0	0	0.32462	1.5879	1.0351	0	0	0	0	0.43703	0.61113	1.5481	1.1479	0	0	0.54443	0.51343
0	0	0	0	0	0	0	0	0	0	0	0	0	0	0	0	0	0	0	0	0	0	0	0	0	0	0	0	0	0	0	0	0	0	0	0	0	0	0	0	0	0	0	0	0	0	0	0	0	0	0	0	0	0	0	0	0	0	0	0	0	0	0	0	0	0	0	0	0	0	0	0	0	0	0	0	0	0	0	0	0	0	0	0	0	0	0	0	0	0	0	0	0	0	0	0	0	0	0	0	0	0	0	0	0	0	0	0	0	0	0	0	0	0	0	0	0	0	0	0	0.57506	0	0	0	0	0	0	0	0	0	0	0	0	0	0	0	0	0	0	0	0	0	0	0	0	0	0	0	0	0	0	0	0	0.15249	0	0	0	0	0	0	0	0	0	0	0	0	0	0	0	0	0	0	0	0.32053	2.19	1.8144	2.6995	0.8818	0	0	0	0	0	0	0	0	0	0	0	0	0	0	0	0	0	0	0	0	0	0	0	0	0	0	0	0	0	0	0	0	0	0.39642	0	0	0	0	0	0	0	0	0	0	0.45812	0	0	0	0	0	0	0.32669	0.95558	0	0	0	0.65805	0.31647	0	0	0	0	0	0	0.90584	0.39886	0	0	0	0	0	0	0	0	0	0	0	1.2463
0	0	0	0	0	0	0	0	0	0	0	0	0	0	0	0	0	0	0	0	0	0	0	0	0	0	0	0	0	0	0	0	0	0	0	0	0	0	0	0	0	0	0	0	0	0	0	0	0	0	0	0	0	0	0	0	0	0	0	0	0	0	0	0	0	0	0	0	0	0	0	0	0	0	0	0	0	0	0	0	0	0	0	0	0	0	0	0	0	0	0	0	0	0	0	0	0	0	0	0	0	0	0	0	0	0	0	0	0	0	0	0	0	0	0	0	0	0	0	0	0	0	0	0	0	0	0	0	0	0	0	0	0	0	0	0	0	0	0	0	0	0	0	0	0	0	0	0	0	0	0	0	0	0	0	0	0	0	0	0	0	0	0	0	0	0	0	0	0	0	0	0	0	0	0.21615	0.58367	0.44234	0.49263	0	0	0	0.52257	0.2191	1.0509	0	0	0	0	0	0	0	0	0	0	0	0	0	0	0	0.78224	0	0	0	0	0	0.26578	0	0	0	0	0	0.43703	0.43177	0	0	0	0	1.3626	0.45207	0	0	0	0	1.1043	0	0	0	0	0	0.45041	1.2399	0	0	0	0.16729	0	0.28554	0	0	0	0	0	0	0.40627	0	0	0	0	0	0	0	0	0	0	0.66553	0.84903
0	0	0	0	0	0	0	0	0	0	0.24155	0	0	0	0	0	0	0	0	0	0	0	0	0	0	0	0	0	0	0	0	0	0	0	0	0	0	0	0	0	0	0	0	0	0	0	0	0	0	0	0	0	0	0	0	0	0	0	0	0	0	0	0	0	0	0	0	0	0	0	0	0	0	0	0	0	0	0	0	0	0	0	0	0	0	0	0	0	0	0	0	0	0	0	0	0	0	0	0	0	0	0	0	0	0	0	0	0	0	0	0	0	0	0	0	0	0	0	0	0	0	0	0	0	0	0	0	0	0	0	0.2375	0	0	0	0	0	0	0	0	0	0	0	0	0	0	0	0	0	0	0	0	0	0	0	0	0	0	0	0	0	0	0	0	0	0	0	0	0	0	0	0	0	0	0.22208	0	0	0	0.31047	0.46136	1.0509	1.7758	4.6471	1.9767	0.67308	0	0.16377	0.66553	0.72894	0.41126	1.7544	0.2606	0	0	0	0	0	0	0	0	0.57034	0.31047	0	0	0	0	0.18327	0.18327	0	0	0	0	0	0	0	0	0	0	0	0	0	0	0	0	0	0	0	0	1.4639	0.39886	1.9861	0.97094	0.43439	0	0	0	0	1.0454	0	0.21179	0.37038	0	0	0	0.50443	0	0	0	0	0	0	0	0	0	0	0.56377	0.20609
0	0	0	0	0	0	0	0	0	0	0	0	0	0	0	0	0	0	0	0	0	0	0	0	0	0	0	0	0	0	0	0	0	0	0	0	0	0	0	0	0	0	0	0	0	0	0	0	0	0	0	0	0	0	0	0	0	0	0	0	0	0	0	0	0	0	0	0	0	0	0	0	0	0	0	0	0	0	0	0	0	0	0	0	0	0	0	0	0	0	0	0	0	0	0	0	0	0	0	0	0	0	0	0	0	0	0	0	0	0	0	0	0	0	0	0	0	0	0	0	0	0	0	0	0	0.60494	0	0	0.43703	1.1362	1.1129	0	0	0	0	0	0	0	0	0	0	0	0	0	0	0	0	0	0	0	0	0	0	0	0	0	0	0	0	0	0	0	0	0	0	0	0	0	0.6884	0	0.19914	0.42398	0	0	0	0	0	0	0.66553	0.97094	1.0399	0.9813	0.72393	0	1.2087	4.6877	1.8941	2.06	1.5573	1.1304	0	0	0	0	0	0	0	0	0	0	0.97611	0.84903	0	0.29492	0	0	0	0	0	0	0	0	0.27283	0.18975	0	0	0	0	0	0	0	0	0	0	0	0.39158	1.2087	4.5141	3.6431	0.21469	0	0.41378	0	0	0	0	0	0.7159	1.0675	1.8317	0.90584	0	0	1.6796	0.68127	0	0	0	0	0	0	0	0	0	0	0
0	0	0	0	0	0	0	0	0	0	0	0	0	0	0	0	0	0	0	0	0	0	0	0	0	0	0	0	0	0	0	0	0	0	0	0	0	0	0	0	0	0	0	0	0	0	0	0	0	0	0	0	0	0	0	0	0	0	0	0	0	0	0	0	0	0	0	0	0	0	0	0	0	0	0	0	0	0	0	0	0	0	0	0	0	0	0	0	0	0	0	0	0	0	0	0	0	0	0	0	0	0	0	0	0	0	0	0	0	0	0	0	0	0	0	0	0	0	0	0	0	0	0	0	0	0	0	0	1.178	0.50741	0	0	0	0	0	0	0	0	0	0	0	0	0	0	0	0	0	0	0	0	0	0	0	0	0	0	0	0.47352	0.52908	0	0.90099	0	0	0	0	0	0	0.80841	2.072	0.68454	0	0	0	0	0	0	0	0	0	0	0	0	0	0	0.86295	1.0791	0.81284	0.53497	0.22814	0	0	0	0	0	0	0.90584	0.46692	0	0	0	0.47253	1.5006	1.7125	1.2526	0.74846	0	0	0	0	0	0	0.51343	0.76098	0.83267	0	0	0	0	0	0.92451	0	0	0	0	0	0.42141	0.37269	0.25382	0.42656	0	0	0	0	0	0	0	0	0.39158	1.0129	0.31647	0.52565	0	0	0.20052	0.31849	0	0	0	0	0	0.32669	0.91072	0	0	0	0
0	0	0	0	0	0	0	0	0	0	0	0	0	0	0	0	0	0	0	0	0	0	0	0	0	0	0	0	0	0	0	0	0	0	0	0	0	0	0	0	0	0	0	0	0	0	0	0	0	0	0	0	0	0	0	0	0	0	0	0	0	0	0	0	0	0	0	0	0	0	0	0	0	0	0	0	0	0	0	0	0	0	0	0	0	0	0	0	0	0	0	0	0	0	0	0	0	0	0	0	0	0	0	0	0	0	0	0	0	0	0	0	0	0	0	0	0	0	0	0	0	0	0	0	0	0	0	0	0.30652	0	0	0	0	0	0	0	0	0	0	0	0	0	0	0	0	0	0	0	0	0	0	0	0	0	0	0	0	0	0	0	0.30456	0.37968	0	0	0	0	0.40132	0.90584	0.29683	0	0	0	0	0	0	0	0	0	0	0	0	0	0	0	0	0	0	0	0	0	0	0	0	0	0	0.54443	0.45041	0	0	0	0	0.35902	1.9551	1.5573	1.9503	1.4712	0.98651	0	0	0	0	0.70795	1.2784	1.1902	0.54126	0	0	0	0	0	0	0	0	0	0	0	0	0	0	0	0.9658	0.39399	0	0	0	0	0	0	0.41886	0	0	0	0	0	0	0	0	0	0.17329	1.0731	2.839	2.4935	0.71991	0.84903	3.8182	0
0	0	0	0	0	0	0	0	0	0	0	0	0	0	0	0	0	0	0	0	0	0	0	0	0	0	0	0	0	0	0	0	0	0	0	0	0	0	0	0	0	0	0	0	0	0	0	0	0	0	0	0	0	0	0	0	0	0	0	0	0	0	0	0	0	0	0	0	0	0	0	0	0	0	0	0	0	0	0	0	0	0	0	0	0	0	0	0	0	0	0	0	0	0	0	0	0	0	0	0	0	0	0	0	0	0	0	0	0	0	0	0	0	0	0	0	0	0	0	0	0	0	0	0	0	0	0	0	0	0	0	0	0	0	0	0	0	0	0	0	0	0	0	0	0	0	0	0	0	0.29868	0	0	0	0	0	0	0	0.55701	0	0	0	0	0	0	0	0	0	0.27988	0	0	0	0	0	0	0	0	0	0	0	0	0	0	0	0	0	0	0	0	0	0	0	0	0	0	0	0.49556	0.85829	0.93542	0	0	0	0	0	0.37968	0.94546	0.65434	0.6693	0	0	0	0	0	0.43703	0.93542	2.55	0	0	0	0	0	0	0	0	0	0	0	0	1.0316	0	0	0.70795	1.2399	0	0	0	0	0	0	0	0	0	0	0	0	0	0	0	0	0	0.35679	1.2983	1.8672	0	0	0.74021	0.17698
0	0	0	0	0	0	0	0	0	0	0	0	0	0	0	0	0	0	0	0	0	0	0	0	0	0	0	0	0	0	0	0	0	0	0	0	0	0	0	0	0	0	0	0	0	0	0	0	0	0	0	0	0	0	0	0	0	0	0	0	0	0	0	0	0	0	0	0	0	0	0	0	0	0	0	0	0	0	0	0	0	0	0	0	0	0	0	0	0	0	0	0	0	0	0	0	0	0	0	0	0	0	0	0	0	0	0	0	0	0	0	0	0	0	0	0	0	0	0	0	0	0	0	0	0	0	0	0	0	0	0	0	0	0	0	0	0	0	0	0	0	0	0	0	0	0	0	0	0	0	0	0	0	0	0	0	0	0	0	0	0	0	0	0	0	0	0	0	0	0	0	0	0	0	0	0	0	0	0	0	0	0	0	0	0	0	0	0	0	0	0	0	0	0	0.67689	3.7217	1.6915	0	0	0	0	0	0	0	0	0	0	0	0	0	0	0	0	0	0.80174	2.3463	0	0	0	0	0	0	0	0	0	0	0	0	0	0	0	1.887	1.5533	0.40132	0	0	0.43968	4.448	0.31647	0	1.4382	0	0	0	0	0	0	0	0	0	0.43177	1.1014	0	0	0	0
0	0	0	0	0	0	0	0	0	0	0	0	0	0	0	0	0	0	0	0	0	0	0	0	0	0	0	0	0	0	0	0	0	0	0	0	0	0	0	0	0	0	0	0	0	0	0	0	0	0	0	0	0	0	0	0	0	0	0	0	0	0	0	0	0	0	0	0	0	0	0	0	0	0	0	0	0	0	0	0	0	0	0	0	0	0	0	0	0	0	0	0	0	0	0	0	0	0	0	0	0	0	0	0	0	0	0	0	0	0	0	0	0	0	0	0	0	0	0	0	0	0	0	0	0	0	0	0	0	0	0	0	0	0	0	0	0	0	0	0	0	0	0	0	0	0	0	0	0	0	0	0	0	0	0	0	0	0	0	0	0	0	0	0	0	0	0	0	0	0	0	0	0	0	0	0	0	0	0	0	0	0	0	0	0	0.67689	0.89135	0	0	0	0	1.258	2.5616	0.40379	1.4567	0.53185	0	0	0	0	0	0	0	0	0	0	0	0	0	0	0	0	0	0.29683	1.6832	0.42398	0	0	0	0	0	0	0	0	0	0	0	0.35143	0	0	0	0.29683	5.3527	1.6393	0.57365	1.5457	0.36353	1.178	0	0	0	0	0	0	0	0	0	0	0	0	0.35456	1.2211	0.61816	0.58367	0	0
0	0	0	0	0	0	0	0	0	0	0	0	0	0	0	0	0	0	0	0	0	0	0	0	0	0	0	0	0	0	0	0	0	0	0	0	0	0	0	0	0	0	0	0	0	0	0	0	0	0	0	0	0	0	0	0	0	0	0	0	0	0	0	0	0	0	0	0	0	0	0	0	0	0	0	0	0	0	0	0	0	0	0	0	0	0	0	0	0	0	0	0	0	0	0	0	0	0	0	0	0	0	0	0	0	0	0	0	0	0	0	0	0	0	0	0	0	0	0	0	0	0	0	0	0	0	0	0	0	0	0	0	0	0	0	0	0	0	0	0	0	0	0	0	0	0	0	0	0	0	0	0	0	0	0	0	0	0	0	0	0	0	0	0	0	0	0	0	0	0	0	0	0	0	0	0	0	0	0	0	0	0	0	0	0	0.37501	1.6427	0	0	0	0	0	0.48393	0.55726	0	0	0	0	0	0	0	0	0	0	0	0.19642	0.88656	1.4396	1.178	0	1.4325	0.64331	0	0	0	0	0	0	0	0	0	0	0	0	0	0	0	0	0	0	0	0	0.48393	1.2516	1.2719	0.804	0	0	0	0	0	0	0	0	0.20892	0.58705	0.2019	0	0	0	1.0662	0	0	0.61464	0	0
0	0	0	0	0	0	0	0	0	0	0	0	0	0	0	0	0	0	0	0	0	0	0	0	0	0	0	0	0	0	0	0	0	0	0	0	0	0	0	0	0	0	0	0	0	0	0	0	0	0	0	0	0	0	0	0	0	0	0	0	0	0	0	0	0	0	0	0	0	0	0	0	0	0	0	0	0	0	0	0	0	0	0	0	0	0	0	0	0	0	0	0	0	0	0	0	0	0	0	0	0	0	0	0	0	0	0	0	0	0	0	0	0	0	0	0	0	0	0	0	0	0	0	0	0	0	0	0	0	0	0	0	0	0	0	0	0	1.0141	0	0	0	0	0	0	0	0	0	0	0	0	0	0	0	0	1.3117	0	0	0	0	0	0	0	0	0	0	0	0	0	0	0	0	0	0	0	0	0	0	0	0	0	0	0	0	0	0	0	0.65434	0.17208	0	0	0	0	0	0	0	0	0	0	0	0	0.40379	0.26753	0	0	0	0	0	0	0.24555	0.96068	1.7292	1.4932	0.60764	0	0	0	0	0	0	0	0	0	0	0	0	0	0	0	0.82177	0	0	0	0	0	0	0	0	0	0	0	0	0	0	0	0	0.96068	1.4567	0.33719	0.68454	0	0.44234	0	0	0	0	0
0	0	0	0	0	0	0	0	0	0	0	0	0	0	0	0	0	0	0	0	0	0	0	0	0	0	0	0	0	0	0	0	0	0	0	0	0	0	0	0	0	0	0	0	0	0	0	0	0	0	0	0	0	0	0	0	0	0	0	0	0	0	0	0	0	0	0	0	0	0	0	0	0	0	0	0	0	0	0	0	0	0	0	0	0	0	0	0	0	0	0	0	0	0	0	0	0	0	0	0	0	0	0	0	0	0	0	0	0	0	0	0	0	0	0	0	0	0	0	0	0	0	0	0	0	0	0	0	0	0	0.81201	0	0	0	0	0	0	0	0	0	0	0	0	0	0	0	0	0	0	0	0	0	0	0	0	0	0	0	0	0	0	0	0	0	0	0	0	0	0	0	0	0	0	0	0	0	0	0	0	0	0	0	0	0	0	0	0	0	0	0	0	0	0	0	0	0	0	0	0	0.29303	1.8851	2.0726	0.7159	0	0.27822	0.80841	0	0	0	0	0	0	0	0	0	0	0	0	0	0	0	0	0.89616	0	0	0	0	0	1.5421	0	0	0	0	0	0	0	0	0	0	0	0.3844	2.0154	1.7487	0.65434	0	0	0.31849	2.1014	3.1306	2.063	0	0	0	0	0	0
0	0	0	0	0	0	0	0	0	0	0	0	0	0	0	0	0	0	0	0	0	0	0	0	0	0	0	0	0	0	0	0	0	0	0	0	0	0	0	0	0	0	0	0	0	0	0	0	0	0	0	0	0	0	0	0	0	0	0	0	0	0	0	0	0	0	0	0	0	0	0	0	0	0	0	0	0	0	0	0	0	0	0	0	0	0	0	0	0	0	0	0	0	0	0	0	0	0	0	0	0	0	0	0	0	0	0	0	0	0	0	0	0	0	0	0	0	0	0	0	0	0	0	0	0	0	0	0	0	0	0	0	0	0	0	0	0	0	0	0	0	0	0	0	0	0	0	0	0	0	0	0	0	0	0	0	0	0	0	0	0	0	0	0	0	0	0	0	0	0	0	0	0.81284	0.45313	0	0	0.42281	0.26594	0	0	0	0	0	0	0	0	0	0	0	0	0	0	0	0	0	0	0	0	0	0	0.39886	0.71192	0.92547	0	1.4859	3.2183	0	0	0	0	0	0	0	0	0	0	0	0	0	0	0	0.29683	1.9595	1.1188	0.33719	0	0.61464	0.65805	0	0	0	0	0	0	0	0	0	0	0	0	0	0	0.25048	2.6579	2.2017	0.41126	0	0.36127	0.35902	0	0	0	0	0.48106	0.79961	0
0	0	0	0	0	0	0	0	0	0	0	0	0	0	0	0	0	0	0	0	0	0	0	0	0	0	0	0	0	0	0	0	0	0	0	0	0	0	0	0	0	0	0	0	0	0	0	0	0	0	0	0	0	0	0	0	0	0	0	0	0	0	0	0	0	0	0	0	0	0	0	0	0	0	0	0	0	0	0	0	0	0	0	0	0	0	0	0	0	0	0	0	0	0	0	0	0	0	0	0	0	0	0	0	0	0	0	0	0	0	0	0	0	0	0	0	0	0	0	0	0	0	0	0	0	0	0	0	0	0	0	0	0	0	0	0	0	0	0	0	0	0	0	0	0	0	0	0	0	0	0	0	0	0	0	0	0	0	0	0	0.28811	0	0	0	0	0	0	0	0	0	0	0	0.25889	0	0	0	0	0	0	0	0	0	0	0	0	0	0	0	0	0	0	0	0	0	0.54761	0	0	0	0	0	0	0.29492	0.79961	0.79089	0.52874	0.66553	0	0	0	0	0	0	0	0	0	0	0	0	0	0	0	0	0	0	0.62884	1.0569	0.997	0	0	0	0	0	0	0	0	0	0	0	0	0	0	0	0	0	0	0	0	0	0	0	0	0	0.37038	0.70008	1.4932	1.9032
0	0	0	0	0	0	0	0	0	0	0	0	0	0	0	0	0	0	0	0	0	0	0	0	0	0	0	0	0	0	0	0	0	0	0	0	0	0	0	0	0	0	0	0	0	0	0	0	0	0	0	0	0	0	0	0	0	0	0	0	0	0	0	0	0	0	0	0	0	0	0	0	0	0	0	0	0	0	0	0	0	0	0	0	0	0	0	0	0	0	0	0	0	0	0	0	0	0	0	0	0	0	0	0	0	0	0	0	0	0	0	0	0	0	0	0	0	0	0	0	0	0	0	0	0	0	0	0	0	0	0	0	0	0	0	0	0	0	0	0	0	0	0	0	0	0	0	0	0	0	0	0	0	0	0	0	0	0	0	0	0	0	0	0	0	0	0	0	0	0	0	0	0	0	0	0	0	0	0	0	0	0	0	0	0	0	0	0	0	0	0	0	0	0	1.029	0	0	0	0	0	0.40132	0	0	0	0	0	0	0	0	0.51951	0.5605	0	0	0	0	0	0	0	0	0	0	0	0	0	0	0	0	0	0	0	0	0	0	0	0	0	0	0	0	0	0	0	0	0	0	0	0	0	0	0	0	0	1.0957	5.4239	2.3259	0.66179
0	0	0	0	0	0	0	0	0	0	0	0	0	0	0	0	0	0	0	0	0	0	0	0	0	0	0	0	0	0	0	0	0	0	0	0	0	0	0	0	0	0	0	0	0	0	0	0	0	0	0	0	0	0	0	0	0	0	0	0	0	0	0	0	0	0	0	0	0	0	0	0	0	0	0	0	0	0	0	0	0	0	0	0	0	0	0	0	0	0	0	0	0	0	0	0	0	0	0	0	0	0	0	0	0	0	0	0	0	0	0	0	0	0	0	0	0	0	0	0	0	0	0	0	0	0	0	0	0	0	0	0	0	0	0	0	0	0	0	0	0	0	0	0	0	0	0	0	0	0	0	0	0	0	0	0	0	0	0	0	0	0	0	0	0	0.44234	0.71192	0.81284	0.63604	0	0	0	0	0	0	0	0	0	0	0	0	0	0	0	0	0	0	0	0	0	0.71093	0.56779	0	0.30261	0	0	0	0	0	0	0	0	0	0	0	0	0.69227	0	0	0.73203	0.39399	0	0	0	0	0	0	0	0	0	0	0	0	0	0	0	0	0	0	0	0	0	0	0	0	0	0	0	0	0	1.3112	0	0	0	0	0	0	0	0	0	0	0	1.1072	0.70008	0.36808	0.41126
0	0	0	0	0	0	0	0	0	0	0	0	0	0	0	0	0	0	0	0	0	0	0	0	0	0	0	0	0	0	0	0	0	0	0	0	0	0	0	0	0	0	0	0	0	0	0	0	0	0	0	0	0	0	0	0	0	0	0	0	0	0	0	0	0	0	0	0	0	0	0	0	0	0	0	0	0	0	0	0	0	0	0	0	0	0	0	0	0	0	0	0	0	0	0	0	0	0	0	0	0	0	0	0	0	0	0	0	0	0	0	0	0	0	0	0	0	0	0	0	0	0	0	0	0	0	0	0	0	0	0	0	0	0	0	0	0	0	0	0	0	0	0	0	0	0	0	0	0	0	0.96845	0	0	0	0	0	0	0	0	0	0	0	0	0	0	0	0.44502	0.29492	0	0	0	0	0	0	0	0	0	0	0	0	0	0	0	0	0	0	0	0	0	0	0	0	0	0	0	0	0	0	0	0	0	0	0	0	0	0	2.6995	1.0236	0.84444	0.97611	0	0	0	0	0	0	0	0	0	0	0	0	0	0	0	0	0	0	0	0	0	0	0	0	0	0	0	0	0	0	0.45586	0.78655	0	0	0	0	0	0	0	0	0	0	0	0	0	0
0	0	0	0	0	0	0	0	0	0	0	0	0	0	0	0	0	0	0	0	0	0	0	0	0	0	0	0	0	0	0	0	0	0	0	0	0	0	0	0	0	0	0	0	0	0	0	0	0	0	0	0	0	0	0	0	0	0	0	0	0	0	0	0	0	0	0	0	0	0	0	0	0	0	0	0	0	0	0	0	0	0	0	0	0	0	0	0	0	0	0	0	0	0	0	0	0	0	0	0	0	0	0	0	0	0	0	0	0	0	0	0	0	0	0	0	0	0	0	0	0	0	0	0	0	0	0	0	0	0	0	0	0	0	0	0	0	0	0	0	0	0	0	0	0	0	0	0	0	0	0	0	0	0	0	0	0	0	0	0	0	0	0	0	0	0	0	0	0	0	0	0	0	0	0	0	0	0	0	0	0	0	0	0	0	0	0	0	0	0	0	0	0	0	0	0	0	0	0	0	0	0	0	0	0	0	0	0	0	0	0	0	0	0	0	0	0	0	0	0	0	0.44771	0.78655	0.57697	0	0	0	0	0	0	0	0	0.38678	0.6217	0.63604	0	0	0	0	0	0.44234	0.83531	0	0	0	0	0	0	0	0	0	0	0	0	0	0
