22763
22764
22764
22765
22766
22766
22767
22768
22769
22769
22770
22771
22771
22772
22773
22773
22774
22775
22776
22776
22777
22778
22778
22779
22780
22780
22781
22782
22783
22783
22784
22785
22785
22786
22787
22787
22788
22789
22790
22790
22791
22792
22792
22793
22794
22794
22795
22796
22797
22797
22798
22799
22799
22800
22801
22801
22802
22803
22804
22804
22805
22806
22806
22807
22808
22808
22809
22810
22811
22811
22812
22813
22813
22814
22815
22815
22816
22817
22818
22818
22819
22820
22820
22821
22822
22822
22823
22824
22825
22825
22826
22827
22827
22828
22829
22829
22830
22831
22832
22832
22833
22834
22834
22835
22836
22836
22837
22838
22839
22839
22840
22841
22841
22842
22843
22843
22844
22845
22846
22846
22847
22848
22848
22849
22850
22850
22851
22852
22853
22853
22854
22855
22855
22856
22857
22857
22858
22859
22860
22860
22861
22862
22862
22863
22864
22864
22865
22866
22867
22867
22868
22869
22869
22870
22871
22871
22872
22873
22874
22874
22875
22876
22876
22877
22878
22878
22879
22880
22881
22881
22882
22883
22883
22884
22885
22885
22886
22887
22888
22888
22889
22890
22890
22891
22892
22892
22893
22894
22895
22895
22896
22897
22897
22898
22899
22899
22900
22901
22902
22902
22903
22904
22904
22905
22906
22906
22907
22908
22909
22909
22910
22911
22911
22912
22913
22913
22914
22915
22916
22916
22917
22918
22918
22919
22920
22920
22921
22922
22923
22923
22924
22925
22925
22926
22927
22927
22928
22929
22930
22930
22931
22932
22932
22933
22934
22934
22935
22936
22937
22937
22938
22939
22939
22940
22941
22941
22942
22943
22944
22944
22945
22946
22946
22947
22948
22948
22949
22950
22951
22951
22952
22953
22953
22954
22955
22955
22956
22957
22958
22958
22959
22960
22960
22961
22962
22962
22963
22964
22965
22965
22966
22967
22967
22968
22969
22969
22970
22971
22972
22972
22973
22974
22974
22975
22976
22976
22977
22978
22979
22979
22980
22981
22981
22982
22983
22983
22984
22985
22986
22986
22987
22988
22988
22989
22990
22990
22991
22992
22993
22993
22994
22995
22995
22996
22997
22997
22998
22999
23000
23000
23001
23002
23002
23003
23004
23004
23005
23006
23007
23007
23008
23009
23009
23010
23011
23011
23012
23013
23014
23014
23015
23016
23016
23017
23018
23018
23019
23020
23021
23021
23022
23023
23023
23024
23025
23025
23026
23027
23028
23028
23029
23030
23030
23031
23032
23032
23033
23034
23035
23035
23036
23037
23037
23038
23039
23039
23040
23041
23042
23042
23043
23044
23044
23045
23046
23046
23047
23048
23049
23049
23050
23051
23051
23052
23053
23053
23054
23055
23056
23056
23057
23058
23058
23059
23060
23060
23061
23062
23063
23063
23064
23065
23065
23066
23067
23067
23068
23069
23070
23070
23071
23072
23072
23073
23074
23074
23075
23076
23077
23077
23078
23079
23079
23080
23081
23081
23082
23083
23084
23084
23085
23086
23086
23087
23088
23088
23089
23090
23091
23091
23092
23093
23093
23094
23095
23095
