51929
51930
51930
51931
51932
51933
51933
51934
51935
51935
51936
51937
51937
51938
51939
51940
51940
51941
51942
51942
51943
51944
51944
51945
51946
51947
51947
51948
51949
51949
51950
51951
51951
51952
51953
51954
51954
51955
51956
51956
51957
51958
51958
51959
51960
51961
51961
51962
51963
51963
51964
51965
51965
51966
51967
51968
51968
51969
51970
51970
51971
51972
51972
51973
51974
51975
51975
51976
51977
51977
51978
51979
51979
51980
51981
51982
51982
51983
51984
51984
51985
51986
51986
51987
51988
51989
51989
51990
51991
51991
51992
51993
51993
51994
51995
51996
51996
51997
51998
51998
51999
52000
52000
52001
52002
52003
52003
52004
52005
52005
52006
52007
52007
52008
52009
52010
52010
52011
52012
52012
52013
52014
52014
52015
52016
52017
52017
52018
52019
52019
52020
52021
52021
52022
52023
52024
52024
52025
52026
52026
52027
52028
52028
52029
52030
52031
52031
52032
52033
52033
52034
52035
52035
52036
52037
52038
52038
52039
52040
52040
52041
52042
52042
52043
52044
52045
52045
52046
52047
52047
52048
52049
52049
52050
52051
52052
52052
52053
52054
52054
52055
52056
52056
52057
52058
52059
52059
52060
52061
52061
52062
52063
52063
52064
52065
52066
52066
52067
52068
52068
52069
52070
52070
52071
52072
52073
52073
52074
52075
52075
52076
52077
52077
52078
52079
52080
52080
52081
52082
52082
52083
52084
52084
52085
52086
52087
52087
52088
52089
52089
52090
52091
52091
52092
52093
52094
52094
52095
52096
52096
52097
52098
52098
52099
52100
52101
52101
52102
52103
52103
52104
52105
52105
52106
52107
52108
52108
52109
52110
52110
52111
52112
52112
52113
52114
52115
52115
52116
52117
52117
52118
52119
52119
52120
52121
52122
52122
52123
52124
52124
52125
52126
52126
52127
52128
52129
52129
52130
52131
52131
52132
52133
52133
52134
52135
52136
52136
52137
52138
52138
52139
52140
52140
52141
52142
52143
52143
52144
52145
52145
52146
52147
52147
52148
52149
52150
52150
52151
52152
52152
52153
52154
52154
52155
52156
52157
52157
52158
52159
52159
52160
52161
52161
52162
52163
52164
52164
52165
52166
52166
52167
52168
52168
52169
52170
52171
52171
52172
52173
52173
52174
52175
52175
52176
52177
52178
52178
52179
52180
52180
52181
52182
52182
52183
52184
52185
52185
52186
52187
52187
52188
52189
52189
52190
52191
52192
52192
52193
52194
52194
52195
52196
52196
52197
52198
52199
52199
52200
52201
52201
52202
52203
52203
52204
52205
52206
52206
52207
52208
52208
52209
52210
52210
52211
52212
52213
52213
52214
52215
52215
52216
52217
52217
52218
52219
52220
52220
52221
52222
52222
52223
52224
52224
52225
52226
52227
52227
52228
52229
52229
52230
52231
52231
52232
52233
52234
52234
52235
52236
52236
52237
52238
52238
52239
52240
52241
52241
52242
52243
52243
52244
52245
52245
52246
52247
52248
52248
52249
52250
52250
52251
52252
52252
52253
52254
52255
52255
52256
52257
52257
52258
52259
52259
52260
52261
52262
52262
52263
52264
52264
52265
52266
52266
52267
52268
52269
52269
52270
52271
52271
52272
52273
52273
52274
52275
52276
52276
