14159
14160
14160
14161
14162
14162
14163
14164
14165
14165
14166
14167
14167
14168
14169
14169
14170
14171
14172
14172
14173
14174
14174
14175
14176
14176
14177
14178
14179
14179
14180
14181
14181
14182
14183
14183
14184
14185
14186
14186
14187
14188
14188
14189
14190
14190
14191
14192
14193
14193
14194
14195
14195
14196
14197
14197
14198
14199
14200
14200
14201
14202
14202
14203
14204
14204
14205
14206
14207
14207
14208
14209
14209
14210
14211
14211
14212
14213
14214
14214
14215
14216
14216
14217
14218
14218
14219
14220
14221
14221
14222
14223
14223
14224
14225
14225
14226
14227
14228
14228
14229
14230
14230
14231
14232
14232
14233
14234
14235
14235
14236
14237
14237
14238
14239
14239
14240
14241
14242
14242
14243
14244
14244
14245
14246
14246
14247
14248
14249
14249
14250
14251
14251
14252
14253
14253
14254
14255
14256
14256
14257
14258
14258
14259
14260
14260
14261
14262
14263
14263
14264
14265
14265
14266
14267
14267
14268
14269
14270
14270
14271
14272
14272
14273
14274
14274
14275
14276
14277
14277
14278
14279
14279
14280
14281
14281
14282
14283
14284
14284
14285
14286
14286
14287
14288
14288
14289
14290
14291
14291
14292
14293
14293
14294
14295
14295
14296
14297
14298
14298
14299
14300
14300
14301
14302
14302
14303
14304
14305
14305
14306
14307
14307
14308
14309
14309
14310
14311
14312
14312
14313
14314
14314
14315
14316
14316
14317
14318
14319
14319
14320
14321
14321
14322
14323
14323
14324
14325
14326
14326
14327
14328
14328
14329
14330
14330
14331
14332
14333
14333
14334
14335
14335
14336
14337
14337
14338
14339
14340
14340
14341
14342
14342
14343
14344
14344
14345
14346
14347
14347
14348
14349
14349
14350
14351
14351
14352
14353
14354
14354
14355
14356
14356
14357
14358
14358
14359
14360
14361
14361
14362
14363
14363
14364
14365
14365
14366
14367
14368
14368
14369
14370
14370
14371
14372
14372
14373
14374
14375
14375
14376
14377
14377
14378
14379
14379
14380
14381
14382
14382
14383
14384
14384
14385
14386
14386
14387
14388
14389
14389
14390
14391
14391
14392
14393
14393
14394
14395
14396
14396
14397
14398
14398
14399
14400
14400
14401
14402
14403
14403
14404
14405
14405
14406
14407
14407
14408
14409
14410
14410
14411
14412
14412
14413
14414
14414
14415
14416
14417
14417
14418
14419
14419
14420
14421
14421
14422
14423
14424
14424
14425
14426
14426
14427
14428
14428
14429
14430
14431
14431
14432
14433
14433
14434
14435
14435
14436
14437
14438
14438
14439
14440
14440
14441
14442
14442
14443
14444
14445
14445
14446
14447
14447
14448
14449
14449
14450
14451
14452
14452
14453
14454
14454
14455
14456
14456
14457
14458
14459
14459
14460
14461
14461
14462
14463
14463
14464
14465
14466
14466
14467
14468
14468
14469
14470
14470
14471
14472
14473
14473
14474
14475
14475
14476
14477
14477
14478
14479
14480
14480
14481
14482
14482
14483
14484
14484
14485
14486
14487
14487
14488
14489
14489
14490
14491
14491
14492
14493
14494
14494
14495
14496
14496
14497
14498
14498
14499
14500
14501
14501
14502
14503
14503
14504
14505
14505
14506
14507
14508
14508
14509
14510
14510
14511
14512
14512
14513
14514
14515
14515
14516
14517
14517
14518
14519
14519
14520
14521
14522
14522
14523
14524
14524
14525
14526
14526
14527
14528
14529
14529
14530
14531
14531
14532
14533
14533
14534
14535
14536
14536
14537
14538
14538
14539
14540
14540
14541
14542
14543
14543
14544
14545
14545
14546
14547
14547
14548
14549
14550
14550
14551
14552
14552
14553
14554
14554
14555
14556
14557
14557
14558
14559
14559
14560
14561
14561
14562
14563
14564
14564
14565
14566
14566
14567
14568
14568
14569
