42706
42706
42707
42708
42709
42709
42710
42711
42711
42712
42713
42713
42714
42715
42716
42716
42717
42718
42718
42719
42720
42720
42721
42722
42723
42723
42724
42725
42725
42726
42727
42727
42728
42729
42730
42730
42731
42732
42732
42733
42734
42734
42735
42736
42737
42737
42738
42739
42739
42740
42741
42741
42742
42743
42744
42744
42745
42746
42746
42747
42748
42748
42749
42750
42751
42751
42752
42753
42753
42754
42755
42755
42756
42757
42758
42758
42759
42760
42760
42761
42762
42762
42763
42764
42765
42765
42766
42767
42767
42768
42769
42769
42770
42771
42772
42772
42773
42774
42774
42775
42776
42776
42777
42778
42779
42779
42780
42781
42781
42782
42783
42783
42784
42785
42786
42786
42787
42788
42788
42789
42790
42790
42791
42792
42793
42793
42794
42795
42795
42796
42797
42797
42798
42799
42800
42800
42801
42802
42802
42803
42804
42804
42805
42806
42807
42807
42808
42809
42809
42810
42811
42811
42812
42813
42814
42814
42815
42816
42816
42817
42818
42818
42819
42820
42821
42821
42822
42823
42823
42824
42825
42825
42826
42827
42828
42828
42829
42830
42830
42831
42832
42832
42833
42834
42835
42835
42836
42837
42837
42838
42839
42839
42840
42841
42842
42842
42843
42844
42844
42845
42846
42846
42847
42848
42849
42849
42850
42851
42851
42852
42853
42853
42854
42855
42856
42856
42857
42858
42858
42859
42860
42860
42861
42862
42863
42863
42864
42865
42865
42866
42867
42867
42868
42869
42870
42870
42871
42872
42872
42873
42874
42874
42875
42876
42877
42877
42878
42879
42879
42880
42881
42881
42882
42883
42884
42884
42885
42886
42886
42887
42888
42888
42889
42890
42891
42891
42892
42893
42893
42894
42895
42895
42896
42897
42898
42898
42899
42900
42900
42901
42902
42902
42903
42904
42905
42905
42906
