16014
16015
16015
16016
16017
16018
16018
16019
16020
16020
16021
16022
16022
16023
16024
16025
16025
16026
16027
16027
16028
16029
16029
16030
16031
16032
16032
16033
16034
16034
16035
16036
16036
16037
16038
16039
16039
16040
16041
16041
16042
16043
16043
16044
16045
16046
16046
16047
16048
16048
16049
16050
16050
16051
16052
16053
16053
16054
16055
16055
16056
16057
16057
16058
16059
16060
16060
16061
16062
16062
16063
16064
16064
16065
16066
16067
16067
16068
16069
16069
16070
16071
16071
16072
16073
16074
16074
16075
16076
16076
16077
16078
16078
16079
16080
16081
16081
16082
16083
16083
16084
16085
16085
16086
16087
16088
16088
16089
16090
16090
16091
16092
16092
16093
16094
16095
16095
16096
16097
16097
16098
16099
16099
16100
16101
16102
16102
16103
16104
16104
16105
16106
16106
16107
16108
16109
16109
16110
16111
16111
16112
16113
16113
16114
16115
16116
16116
16117
16118
16118
16119
16120
16120
16121
16122
16123
16123
16124
16125
16125
16126
16127
16127
16128
16129
16130
16130
16131
16132
16132
16133
16134
16134
16135
16136
16137
16137
16138
16139
16139
16140
16141
16141
16142
16143
16144
16144
16145
16146
16146
16147
16148
16148
16149
16150
16151
16151
16152
16153
16153
16154
16155
16155
16156
16157
16158
16158
16159
16160
16160
16161
16162
16162
16163
16164
16165
16165
16166
16167
16167
16168
16169
16169
16170
16171
16172
16172
16173
16174
16174
16175
16176
16176
16177
16178
16179
16179
16180
16181
16181
16182
16183
16183
16184
16185
16186
16186
16187
16188
16188
16189
16190
16190
16191
16192
16193
16193
16194
16195
16195
16196
16197
16197
16198
16199
16200
16200
16201
16202
16202
16203
16204
16204
16205
16206
16207
16207
16208
16209
16209
16210
16211
16211
16212
16213
16214
16214
16215
16216
16216
16217
16218
16218
