72926
72926
72927
72928
72928
72929
72930
72930
72931
72932
72933
72933
72934
72935
72935
72936
72937
72937
72938
72939
72940
72940
72941
72942
72942
72943
72944
72944
72945
72946
72947
72947
72948
72949
72949
72950
72951
72951
72952
72953
72954
72954
72955
72956
72956
72957
72958
72958
72959
72960
72961
72961
72962
72963
72963
72964
72965
72965
72966
72967
72968
72968
72969
72970
72970
72971
72972
72972
72973
72974
72975
72975
72976
72977
72977
72978
72979
72979
72980
72981
72982
72982
72983
72984
72984
72985
72986
72986
72987
72988
72989
72989
72990
72991
72991
72992
72993
72993
72994
72995
72996
72996
72997
72998
72998
72999
73000
73000
73001
73002
73003
73003
73004
73005
73005
73006
73007
73007
73008
73009
73010
73010
73011
73012
73012
73013
73014
73014
73015
73016
73017
73017
73018
73019
73019
73020
73021
73021
73022
73023
73024
73024
73025
73026
73026
73027
73028
73028
73029
73030
73031
73031
73032
73033
73033
73034
73035
73035
73036
73037
73038
73038
73039
73040
73040
73041
73042
73042
73043
73044
73045
73045
73046
73047
73047
73048
73049
73049
73050
73051
73052
73052
73053
73054
73054
73055
73056
73056
73057
73058
73059
73059
73060
73061
73061
73062
73063
73063
73064
73065
73066
73066
73067
73068
73068
73069
73070
73070
73071
73072
73073
73073
73074
73075
73075
73076
73077
73077
73078
73079
73080
73080
73081
73082
73082
73083
73084
73084
73085
73086
73087
73087
73088
73089
73089
73090
73091
73091
73092
73093
73094
73094
73095
73096
73096
73097
73098
73098
73099
73100
73101
73101
73102
73103
73103
73104
73105
73105
73106
73107
73108
73108
73109
73110
73110
73111
73112
73112
73113
73114
73115
73115
73116
73117
73117
73118
73119
73119
73120
73121
73122
73122
73123
73124
73124
73125
73126
73126
73127
73128
73129
73129
73130
73131
73131
73132
73133
73133
73134
73135
73136
73136
73137
73138
73138
73139
73140
73140
73141
73142
73143
73143
73144
73145
73145
73146
73147
73147
73148
73149
73150
73150
73151
73152
73152
73153
73154
73154
73155
73156
73157
73157
73158
73159
73159
73160
73161
73161
73162
73163
73164
73164
73165
73166
73166
73167
73168
73168
73169
73170
73171
73171
73172
73173
73173
73174
73175
73175
73176
73177
73178
73178
73179
73180
73180
73181
73182
73182
73183
73184
73185
73185
73186
73187
73187
73188
73189
73189
73190
73191
73192
73192
73193
73194
73194
73195
73196
73196
73197
73198
73199
73199
73200
73201
73201
73202
73203
73203
73204
73205
73206
73206
73207
73208
73208
73209
73210
73210
73211
73212
73213
73213
73214
73215
73215
73216
73217
73217
73218
73219
73220
73220
73221
73222
73222
73223
73224
73224
73225
73226
73227
73227
73228
73229
73229
73230
73231
73231
73232
73233
73234
73234
73235
73236
73236
73237
73238
73238
73239
73240
73241
73241
73242
73243
73243
73244
73245
73245
73246
73247
73248
73248
73249
73250
73250
73251
73252
73252
73253
73254
73255
73255
73256
73257
73257
73258
73259
73259
73260
73261
73262
73262
73263
73264
73264
73265
73266
73266
73267
73268
73269
73269
73270
73271
73271
73272
73273
73273
73274
73275
73276
73276
73277
73278
73278
73279
73280
73280
73281
73282
73283
73283
73284
73285
73285
73286
73287
73287
73288
73289
73290
73290
73291
73292
73292
73293
73294
73294
73295
73296
73297
73297
73298
73299
73299
73300
73301
73301
73302
73303
73304
73304
73305
73306
73306
73307
73308
73308
73309
73310
73311
73311
73312
73313
73313
73314
73315
73315
73316
73317
73318
73318
73319
73320
73320
73321
73322
73322
73323
73324
73325
73325
73326
73327
73327
73328
73329
73329
73330
73331
73332
73332
73333
73334
73334
73335
73336
73336
73337
73338
73339
73339
73340
73341
73341
73342
73343
73343
73344
73345
73346
73346
73347
73348
73348
73349
73350
73350
73351
73352
73353
73353
73354
73355
73355
73356
