78437
78438
78439
78440
78440
78441
78442
78442
78443
78444
78444
78445
78446
78447
78447
78448
78449
78449
78450
78451
78451
78452
78453
78454
78454
78455
78456
78456
78457
78458
78458
78459
78460
78461
78461
78462
78463
78463
78464
78465
78465
78466
78467
78468
78468
78469
78470
78470
78471
78472
78472
78473
78474
78475
78475
78476
78477
78477
78478
78479
78479
78480
78481
78482
78482
78483
78484
78484
78485
78486
78486
78487
78488
78489
78489
78490
78491
78491
78492
78493
78493
78494
78495
78496
78496
78497
78498
78498
78499
78500
78500
78501
78502
78503
78503
78504
78505
78505
78506
78507
78507
78508
78509
78510
78510
78511
78512
78512
78513
78514
78514
78515
78516
78517
78517
78518
78519
78519
78520
78521
78521
78522
78523
78524
78524
78525
78526
78526
78527
78528
78528
78529
78530
78531
78531
78532
78533
78533
78534
78535
78535
78536
78537
78538
78538
78539
78540
78540
78541
78542
78542
78543
78544
78545
78545
78546
78547
78547
78548
78549
78549
78550
78551
78552
78552
78553
78554
78554
78555
78556
78556
78557
78558
78559
78559
78560
78561
78561
78562
78563
78563
78564
78565
78566
78566
78567
78568
78568
78569
78570
78570
78571
78572
78573
78573
78574
78575
78575
78576
78577
78577
78578
78579
78580
78580
78581
78582
78582
78583
78584
78584
78585
78586
78587
78587
78588
78589
78589
78590
78591
78591
78592
78593
78594
78594
78595
78596
78596
78597
78598
78598
78599
78600
78601
78601
78602
78603
78603
78604
78605
78605
78606
78607
78608
78608
78609
78610
78610
78611
78612
78612
78613
78614
78615
78615
78616
78617
78617
78618
78619
78619
78620
78621
78622
78622
78623
78624
78624
78625
78626
78626
78627
78628
78629
78629
78630
78631
78631
78632
78633
78633
78634
78635
78636
78636
78637
78638
78638
78639
78640
78640
78641
78642
78643
78643
78644
78645
78645
78646
78647
78647
78648
78649
78650
78650
78651
78652
78652
78653
78654
78654
78655
78656
78657
78657
78658
78659
78659
78660
78661
78661
78662
78663
78664
78664
78665
78666
78666
78667
78668
78668
78669
78670
78671
78671
78672
78673
78673
78674
78675
78675
78676
78677
78678
78678
78679
78680
78680
78681
78682
78682
78683
78684
78685
78685
78686
78687
78687
78688
78689
78689
78690
78691
78692
78692
78693
78694
78694
78695
78696
78696
78697
78698
78699
78699
78700
78701
78701
78702
78703
78703
78704
78705
78706
78706
78707
78708
78708
78709
78710
78710
78711
78712
78713
78713
78714
78715
78715
78716
78717
78717
78718
78719
78720
78720
78721
78722
78722
78723
78724
78724
78725
78726
78727
78727
78728
78729
78729
78730
78731
78731
78732
78733
78734
78734
78735
78736
78736
78737
78738
78738
78739
78740
78741
78741
78742
78743
78743
78744
78745
78745
78746
78747
78748
78748
78749
78750
78750
78751
