79267
79268
79269
79270
79270
79271
79272
79272
79273
79274
79274
79275
79276
79277
79277
79278
79279
79279
79280
79281
79281
79282
79283
79284
79284
79285
79286
79286
79287
79288
79288
79289
79290
79291
79291
79292
79293
79293
79294
79295
79295
79296
79297
79298
79298
79299
79300
79300
79301
79302
79302
79303
79304
79305
79305
79306
79307
79307
79308
79309
79309
79310
79311
79312
79312
79313
79314
79314
79315
79316
79316
79317
79318
79319
79319
79320
79321
79321
79322
79323
79323
79324
79325
79326
79326
79327
79328
79328
79329
79330
79330
79331
79332
79333
79333
79334
79335
79335
79336
79337
79337
79338
79339
79340
79340
79341
79342
79342
79343
79344
79344
79345
79346
79347
79347
79348
79349
79349
79350
79351
79351
79352
79353
79354
79354
79355
79356
79356
79357
79358
79358
79359
79360
79361
79361
79362
79363
79363
79364
79365
79365
79366
79367
79368
79368
79369
79370
79370
79371
79372
79372
79373
79374
79375
79375
79376
79377
79377
79378
79379
79379
79380
79381
79382
79382
79383
79384
79384
79385
79386
79386
79387
79388
79389
79389
79390
79391
79391
79392
79393
79393
79394
79395
79396
79396
79397
79398
79398
79399
79400
79400
79401
79402
79403
79403
79404
79405
79405
79406
79407
79407
79408
79409
79410
79410
79411
79412
79412
79413
79414
79414
79415
79416
79417
79417
79418
79419
79419
79420
79421
79421
79422
79423
79424
79424
79425
79426
79426
79427
79428
79428
79429
79430
79431
79431
79432
79433
79433
79434
79435
79435
79436
79437
79438
79438
79439
79440
79440
79441
79442
79442
79443
79444
79445
79445
79446
79447
79447
79448
79449
79449
79450
79451
79452
79452
79453
79454
79454
79455
79456
79456
79457
79458
79459
79459
79460
79461
79461
79462
79463
79463
79464
79465
79466
79466
79467
79468
79468
79469
79470
79470
79471
79472
79473
79473
79474
79475
79475
79476
79477
79477
79478
79479
79480
79480
79481
79482
79482
79483
79484
79484
79485
79486
79487
79487
79488
79489
79489
79490
79491
79491
79492
79493
79494
79494
79495
79496
79496
79497
79498
79498
79499
79500
79501
79501
79502
79503
79503
79504
79505
79505
79506
79507
79508
79508
79509
79510
79510
79511
79512
79512
79513
79514
79515
79515
79516
79517
79517
79518
79519
79519
79520
79521
79522
79522
79523
79524
79524
79525
79526
79526
79527
79528
79529
79529
79530
79531
79531
79532
79533
79533
79534
79535
79536
79536
79537
79538
79538
79539
79540
79540
79541
79542
79543
79543
79544
79545
79545
79546
79547
79547
79548
79549
79550
79550
79551
79552
79552
79553
79554
79554
79555
79556
79557
79557
79558
79559
79559
79560
79561
79561
79562
79563
79564
79564
79565
79566
79566
79567
79568
79568
79569
79570
79571
79571
79572
79573
79573
79574
79575
79575
79576
79577
79578
79578
79579
79580
79580
79581
79582
79582
79583
79584
