27935
27936
27937
27937
27938
27939
27939
27940
27941
27941
27942
27943
27944
27944
27945
27946
27946
27947
27948
27948
27949
27950
27951
27951
27952
27953
27953
27954
27955
27955
27956
27957
27958
27958
27959
27960
27960
27961
27962
27962
27963
27964
27965
27965
27966
27967
27967
27968
27969
27969
27970
27971
27972
27972
27973
27974
27974
27975
27976
27976
27977
27978
27979
27979
27980
27981
27981
27982
27983
27983
27984
27985
27986
27986
27987
27988
27988
27989
27990
27990
27991
27992
27993
27993
27994
27995
27995
27996
27997
27997
27998
27999
28000
28000
28001
28002
28002
28003
28004
28004
28005
28006
28007
28007
28008
28009
28009
28010
28011
28011
28012
28013
28014
28014
28015
28016
28016
28017
28018
28018
28019
28020
28021
28021
28022
28023
28023
28024
28025
28025
28026
28027
28028
28028
28029
28030
28030
28031
28032
28032
28033
28034
28035
28035
28036
28037
28037
28038
28039
28039
28040
28041
28042
28042
28043
28044
28044
28045
28046
28046
28047
28048
28049
28049
28050
28051
28051
28052
28053
28053
28054
28055
28056
28056
28057
28058
28058
28059
28060
28060
28061
28062
28063
28063
28064
28065
28065
28066
28067
28067
28068
28069
28070
28070
28071
28072
28072
28073
28074
28074
28075
28076
28077
28077
28078
28079
28079
28080
28081
28081
28082
28083
28084
28084
28085
28086
28086
28087
28088
28088
28089
28090
28091
28091
28092
28093
28093
28094
28095
28095
28096
28097
28098
28098
28099
28100
28100
28101
28102
28102
28103
28104
28105
28105
28106
28107
28107
28108
28109
28109
28110
28111
28112
28112
28113
28114
28114
28115
28116
28116
28117
28118
28119
28119
28120
28121
28121
28122
28123
28123
28124
28125
28126
28126
28127
28128
28128
28129
28130
28130
28131
28132
28133
28133
28134
28135
28135
28136
28137
28137
28138
28139
28140
28140
28141
28142
28142
28143
28144
28144
28145
28146
28147
28147
28148
28149
28149
28150
28151
28151
28152
28153
28154
28154
28155
28156
28156
28157
28158
28158
28159
28160
28161
28161
28162
28163
28163
28164
28165
28165
28166
28167
28168
28168
28169
28170
28170
28171
28172
28172
28173
28174
28175
28175
28176
28177
28177
28178
28179
28179
28180
28181
28182
28182
28183
28184
28184
28185
28186
28186
28187
28188
28189
28189
28190
28191
28191
28192
28193
28193
28194
28195
28196
28196
28197
28198
28198
28199
28200
28200
28201
28202
28203
28203
28204
28205
28205
28206
28207
28207
28208
28209
28210
28210
28211
28212
28212
28213
28214
28214
28215
28216
28217
28217
28218
28219
28219
28220
28221
28221
28222
28223
28224
28224
28225
28226
28226
28227
28228
28228
28229
28230
28231
28231
28232
28233
28233
28234
28235
28235
28236
28237
28238
28238
28239
28240
28240
28241
28242
28242
