62553
62554
62555
62555
62556
62557
62557
62558
62559
62559
62560
62561
62562
62562
62563
62564
62564
62565
62566
62566
62567
62568
62569
62569
62570
62571
62571
62572
62573
62573
62574
62575
62576
62576
62577
62578
62578
62579
62580
62580
62581
62582
62583
62583
62584
62585
62585
62586
62587
62587
62588
62589
62590
62590
62591
62592
62592
62593
62594
62594
62595
62596
62597
62597
62598
62599
62599
62600
62601
62601
62602
62603
62604
62604
62605
62606
62606
62607
62608
62608
62609
62610
62611
62611
62612
62613
62613
62614
62615
62615
62616
62617
62618
62618
62619
62620
62620
62621
62622
62622
62623
62624
62625
62625
62626
62627
62627
62628
62629
62629
62630
62631
62632
62632
62633
62634
62634
62635
62636
62636
62637
62638
62639
62639
62640
62641
62641
62642
62643
62643
62644
62645
62646
62646
62647
62648
62648
62649
62650
62650
62651
62652
62653
62653
62654
62655
62655
62656
62657
62657
62658
62659
62660
62660
62661
62662
62662
62663
62664
62664
62665
62666
62667
62667
62668
62669
62669
62670
62671
62671
62672
62673
62674
62674
62675
62676
62676
62677
62678
62678
62679
62680
62681
62681
62682
62683
62683
62684
62685
62685
62686
62687
62688
62688
62689
62690
62690
62691
62692
62692
62693
62694
62695
62695
62696
62697
62697
62698
62699
62699
62700
62701
62702
62702
62703
62704
62704
62705
62706
62706
62707
62708
62709
62709
62710
62711
62711
62712
62713
62713
62714
62715
62716
62716
62717
62718
62718
62719
62720
62720
62721
62722
62723
62723
62724
62725
62725
62726
62727
62727
62728
62729
62730
62730
62731
62732
62732
62733
62734
62734
62735
62736
62737
62737
62738
62739
62739
62740
62741
62741
62742
62743
62744
62744
62745
62746
62746
62747
62748
62748
62749
62750
62751
62751
62752
62753
62753
62754
62755
62755
62756
62757
62758
62758
62759
62760
62760
62761
62762
62762
62763
62764
62765
62765
62766
62767
62767
62768
62769
62769
62770
62771
62772
62772
62773
62774
62774
62775
62776
