81305
81305
81306
81307
81307
81308
81309
81310
81310
81311
81312
81312
81313
81314
81314
81315
81316
81317
81317
81318
81319
81319
81320
81321
81321
81322
81323
81324
81324
81325
81326
81326
81327
81328
81328
81329
81330
81331
81331
81332
81333
81333
81334
81335
81335
81336
81337
81338
81338
81339
81340
81340
81341
81342
81342
81343
81344
81345
81345
81346
81347
81347
81348
81349
81349
81350
81351
81352
81352
81353
81354
81354
81355
81356
81356
81357
81358
81359
81359
81360
81361
81361
81362
81363
81363
81364
81365
81366
81366
81367
81368
81368
81369
81370
81370
81371
81372
81373
81373
81374
81375
81375
81376
81377
81377
81378
81379
81380
81380
81381
81382
81382
81383
81384
81384
81385
81386
81387
81387
81388
81389
81389
81390
81391
81391
81392
81393
81394
81394
81395
81396
81396
81397
81398
81398
81399
81400
81401
81401
81402
81403
81403
81404
81405
81405
81406
81407
81408
81408
81409
81410
81410
81411
81412
81412
81413
81414
81415
81415
81416
81417
81417
81418
81419
81419
81420
81421
81422
81422
81423
81424
81424
81425
81426
81426
81427
81428
81429
81429
81430
81431
81431
81432
81433
81433
81434
81435
81436
81436
81437
81438
81438
81439
81440
81440
81441
81442
81443
81443
81444
81445
81445
81446
81447
81447
81448
81449
81450
81450
81451
81452
81452
81453
81454
81454
81455
81456
81457
81457
81458
81459
81459
81460
81461
81461
81462
81463
81464
81464
81465
81466
81466
81467
81468
81468
81469
81470
81471
81471
81472
81473
81473
81474
81475
81475
81476
81477
81478
81478
81479
81480
81480
81481
81482
81482
81483
81484
81485
81485
81486
81487
81487
81488
81489
81489
81490
81491
81492
81492
81493
81494
81494
81495
81496
81496
81497
81498
81499
81499
81500
81501
81501
81502
81503
81503
81504
81505
81506
81506
81507
81508
81508
81509
81510
81510
81511
81512
81513
81513
81514
81515
81515
81516
81517
81517
81518
81519
81520
81520
81521
81522
81522
81523
81524
81524
81525
81526
81527
81527
81528
81529
81529
81530
81531
81531
81532
81533
81534
81534
81535
81536
81536
81537
81538
81538
81539
81540
81541
81541
81542
81543
81543
81544
81545
81545
81546
81547
81548
81548
81549
81550
81550
81551
81552
81552
81553
81554
81555
81555
81556
81557
81557
81558
81559
81559
81560
81561
81562
81562
81563
81564
81564
81565
81566
81566
