7858.7
7859.4
7860.1
7860.8
7861.5
7862.2
7862.9
7863.6
7864.3
7865
7865.7
7866.4
7867.1
7867.8
7868.5
7869.2
7869.9
7870.6
7871.3
7872
7872.7
7873.4
7874.1
7874.8
7875.5
7876.2
7876.9
7877.6
7878.3
7879
7879.7
7880.4
7881.1
7881.8
7882.5
7883.2
7883.9
7884.6
7885.3
7886
7886.7
7887.4
7888.1
7888.8
7889.5
7890.2
7890.9
7891.6
7892.3
7893
7893.7
7894.4
7895.1
7895.8
7896.5
7897.2
7897.9
7898.6
7899.3
7900
7900.7
7901.4
7902.1
7902.8
7903.5
7904.2
7904.9
7905.6
7906.3
7907
7907.7
7908.4
7909.1
7909.8
7910.5
7911.2
7911.9
7912.6
7913.3
7914
7914.7
7915.4
7916.1
7916.8
7917.5
7918.2
7918.9
7919.6
7920.3
7921
7921.7
7922.4
7923.1
7923.8
7924.5
7925.2
7925.9
7926.6
7927.3
7928
7928.7
7929.4
7930.1
7930.8
7931.5
7932.2
7932.9
7933.6
7934.3
7935
7935.7
7936.4
7937.1
7937.8
7938.5
7939.2
7939.9
7940.6
7941.3
7942
7942.7
7943.4
7944.1
7944.8
7945.5
7946.2
7946.9
7947.6
7948.3
7949
7949.7
7950.4
7951.1
7951.8
7952.5
7953.2
7953.9
7954.6
7955.3
7956
7956.7
7957.4
7958.1
7958.8
7959.5
7960.2
7960.9
7961.6
7962.3
7963
7963.7
7964.4
7965.1
7965.8
7966.5
7967.2
7967.9
7968.6
7969.3
7970
7970.7
7971.4
7972.1
7972.8
7973.5
7974.2
7974.9
7975.6
7976.3
7977
7977.7
7978.4
7979.1
7979.8
7980.5
7981.2
7981.9
7982.6
7983.3
7984
7984.7
7985.4
7986.1
7986.8
7987.5
7988.2
7988.9
7989.6
7990.3
7991
7991.7
7992.4
7993.1
7993.8
7994.5
7995.2
7995.9
7996.6
7997.3
7998
7998.7
7999.4
8000.1
8000.8
8001.5
8002.2
8002.9
8003.6
8004.3
8005
8005.7
8006.4
8007.1
8007.8
8008.5
8009.2
8009.9
8010.6
8011.3
8012
8012.7
8013.4
8014.1
8014.8
8015.5
8016.2
8016.9
8017.6
8018.3
8019
8019.7
8020.4
8021.1
8021.8
8022.5
8023.2
8023.9
8024.6
8025.3
8026
8026.7
8027.4
8028.1
8028.8
8029.5
8030.2
8030.9
8031.6
8032.3
8033
8033.7
8034.4
8035.1
8035.8
8036.5
8037.2
8037.9
8038.6
8039.3
8040
8040.7
8041.4
8042.1
8042.8
8043.5
8044.2
8044.9
8045.6
8046.3
8047
8047.7
8048.4
8049.1
8049.8
8050.5
8051.2
8051.9
8052.6
8053.3
8054
8054.7
