2.0027	1.6873	2.0418	2.0051	2.0271	1.6889	2.3573	2.6979	1.7601	2.0763	3.0322	2.0279	3.0713	2.3819	2.0464	2.0095	2.0706	1.3865	1.3493	1.3483	3.0693	2.7353	2.38	2.0237	3.4104	3.0666	2.7106	2.0795	0.7164	0.30953	-0.38249	0.65756	0.32427	-1.7521	-2.1059	-1.0653	-1.0439	-0.36812	-2.4509	-3.8031	-2.766	-2.7617	-4.4952	-3.4582	-4.15	-3.8307	-4.496	-2.4486	-3.4555	-2.7868	-4.8292	-3.8015	-2.7649	-5.8888	-5.1764	-2.4253	-3.7985	-2.7617	-3.4599	-2.0805	-2.4165	-1.4024	-2.426	-2.7595	-3.1126	-3.4549	-6.5529	-4.5007	-2.4058	-2.4495	-1.0627	-0.72229	-0.0059254	-4.1451
2.7849	2.4357	2.4227	3.4674	2.4615	2.4622	2.813	2.4222	2.4618	1.4396	2.812	2.8164	2.8173	2.7976	2.4607	3.155	2.1093	2.8366	2.4626	3.1566	2.4636	3.1296	2.8353	3.1501	3.4906	3.8409	3.4787	1.0673	1.7591	1.4228	0.051578	0.72925	0.073514	-0.27351	0.052606	0.040611	1.1146	-0.95487	-2.675	-3.7047	-2.3379	-4.4356	-6.1178	-5.7793	-3.7055	-2.3368	-1.9857	-2.6753	-1.3253	-1.645	-2.6745	-1.677	-1.6788	-3.7046	-3.7012	-3.3984	-3.0099	-3.0183	-0.953	-0.64874	-0.29848	0.076042	-0.61376	-1.2935	-1.9805	-5.4237	-7.4958	-2.6823	-1.9942	-2.2715	-0.89105	-1.549	-0.55032	-3.6283
3.9076	3.9042	2.8711	2.5296	3.5603	3.2248	3.2256	3.2262	2.2044	2.8953	2.5442	3.211	2.8933	3.5839	3.2268	3.2349	3.5716	3.2358	3.2491	3.2826	3.5693	3.6004	4.2776	3.9237	4.2604	3.6058	3.9246	2.2047	1.1709	2.5511	2.2054	2.8916	1.5589	0.48583	0.47493	1.2133	0.17817	-1.5805	-3.6471	-3.9726	-3.9722	-5.6747	-5.3338	-7.76	-4.3156	-1.5541	-0.88102	-0.20417	-0.5294	-0.51097	-0.2016	-0.87677	-1.5387	-2.2418	-1.5413	-1.9072	-2.2301	-1.5574	-1.217	-0.50874	0.16392	0.52218	0.52013	1.2129	0.17927	-0.86061	-4.6583	-1.8899	-2.9196	-1.8291	0.26282	-0.44841	-0.77435	-0.80035
4.022	4.6951	4.3896	3.7005	3.7011	4.0519	4.0485	4.0491	4.7136	3.7006	3.7012	3.7018	3.7026	2.9754	4.3989	3.3739	4.7181	4.7146	4.3689	4.7415	4.716	4.3696	4.0143	4.3542	4.3505	4.7393	5.7472	3.3373	2.6575	2.3308	2.3058	2.6397	2.3024	2.3416	2.6783	2.3351	-0.45827	-1.5	-3.2201	-2.1754	-2.1726	-3.5447	-3.9044	-5.624	-3.2077	-0.10264	-0.11014	0.58901	0.23763	0.59087	0.58486	-0.79416	-1.1122	-1.8291	-0.79179	-0.10758	-0.10052	-0.46427	0.27142	0.9244	1.6103	1.951	2.6414	1.9579	1.2761	-3.1666	-3.1935	-1.4806	-0.44667	-0.36221	-0.3784	0.99805	0.29072	0.64098
4.3728	5.0832	4.0539	3.7147	4.4192	4.07	4.4207	5.0876	4.7144	4.4229	4.4191	4.7458	4.7604	4.7608	3.7314	4.0531	4.4521	4.7771	5.0971	5.0992	6.1276	4.4073	5.0883	4.7543	5.4386	4.4149	5.0952	4.4495	2.7299	3.3593	3.3721	3.366	4.0936	3.7583	3.0583	3.0607	1.9915	-0.088217	-5.593	-0.42111	0.28186	-3.5202	-2.4833	-2.8287	-0.071327	1.3034	1.6464	0.95691	1.3018	2.0003	1.3095	-2.1282	-2.804	-1.7869	0.61982	0.9739	1.2972	0.95351	1.6378	0.97588	2.6824	0.96136	3.3873	3.3875	0.63763	-1.8039	-2.1156	0.29494	0.96146	1.6957	1.3559	1.3562	2.0465	0.99282
6.2453	4.5499	5.2167	5.5815	5.2377	5.2209	6.5856	5.58	4.8905	5.9313	4.5517	5.5822	4.5529	5.2391	4.8659	4.9035	5.2647	3.8717	4.8677	5.5818	5.9163	5.226	5.579	5.5602	5.2169	5.2232	4.8711	4.5722	4.5635	3.1702	3.4983	4.1905	2.4826	4.9097	4.2252	3.8779	3.8399	1.7768	0.08458	-1.2946	2.142	1.0889	-1.297	0.76412	0.42485	2.1457	3.1746	2.4597	1.4622	1.8049	1.1155	-0.9559	-3.0096	-1.6387	-0.62539	1.4564	2.8397	1.4638	2.8404	1.8042	1.8068	3.175	4.2156	3.5257	0.10775	-6.4548	-0.59687	2.1432	1.8111	2.4777	3.5142	2.4745	2.8286	4.205
6.2391	5.556	5.2067	6.5877	5.8981	5.559	6.2674	6.2679	5.9241	6.2649	5.9253	5.2358	5.2365	6.617	4.8975	5.2608	5.6151	5.5896	4.8712	5.563	5.9037	5.2134	5.5867	5.9002	6.2446	5.5608	5.6111	5.5833	5.5575	5.2077	5.9018	4.8857	3.5149	4.8686	4.197	4.5193	4.1935	2.4744	1.7685	1.4432	1.7684	2.8032	2.1136	3.8585	2.8149	3.1479	4.1968	4.8711	1.082	1.4329	1.0834	0.74677	-0.96144	0.064859	2.8159	3.5199	4.8732	3.4934	3.1701	2.4644	3.5223	3.8728	3.8829	3.8692	2.4623	-5.0924	2.4905	3.1809	4.2111	3.2376	3.9256	3.5598	3.9263	4.2485
6.6003	5.5649	6.9413	6.9423	6.9489	5.9474	6.5942	6.2547	6.2828	6.2998	5.934	5.9507	6.6371	5.2675	5.9709	5.6266	6.3293	6.2834	6.6376	5.9502	6.2965	6.2939	6.9849	5.9567	7.3252	6.6189	6.9856	5.9456	5.6059	5.602	5.6023	5.6023	5.6031	6.6167	5.2638	4.9018	4.9023	4.9032	3.8974	3.1802	3.5268	4.2078	5.2521	3.8692	4.5638	4.5645	4.2118	4.2123	1.1465	1.8273	2.1778	1.8011	0.79917	1.4898	4.2169	4.2171	4.5918	5.301	3.8743	3.5587	4.6067	4.9471	4.9301	5.6239	4.6084	3.9008	4.2371	4.6051	4.9453	5.6319	4.2483	4.9387	5.6406	5.6331
6.7249	7.4196	7.4202	6.3812	6.4092	7.0718	7.7586	6.0391	7.0696	7.0742	6.7346	6.409	5.7196	6.7601	7.4481	6.7901	6.7573	6.734	7.0742	6.0445	7.4489	7.0986	7.4495	6.4092	6.7878	6.3794	6.4037	6.7299	6.7564	6.0667	6.3831	6.757	7.0912	6.055	7.4421	6.4025	5.373	5.3738	3.6542	5.3751	5.7233	6.0667	5.7065	6.0638	5.7144	6.399	5.3763	3.6505	2.6214	5.0461	4.3427	3.3154	1.2458	3.6641	5.725	6.4152	6.4022	5.7125	5.0467	6.0774	6.0733	6.4137	7.1042	6.4141	6.4148	7.1049	5.7254	6.7596	5.7198	6.7503	5.7024	6.7467	6.0709	6.3974
7.745	8.0958	7.3887	6.3773	6.7215	7.0684	7.0691	7.0557	7.7318	7.7465	8.0968	7.0713	6.718	7.4085	8.125	7.4133	7.7538	7.7499	8.0962	7.4105	7.7753	7.7743	8.7855	7.7513	7.412	7.7456	6.7182	7.0681	7.4162	6.3726	6.719	7.4169	7.4177	7.4176	7.4268	6.7731	7.0753	6.386	6.4004	6.0374	7.0779	7.0929	6.0531	6.0543	7.4167	6.0513	6.0524	4.6566	5.3375	6.0544	5.7148	5.0259	5.0001	4.9963	6.041	6.4035	6.0281	6.7323	6.055	7.0833	6.3934	7.0836	7.0842	6.7298	8.4506	7.0807	7.415	7.0892	7.0817	6.0937	7.1063	6.7828	7.7869	7.1032
7.4496	8.4484	7.7967	7.4099	8.4879	8.1049	7.8132	7.1238	7.4642	8.4912	7.7971	7.8055	7.7983	8.1526	9.1694	8.5034	7.8	8.1404	8.1482	8.4867	8.185	8.186	7.4479	8.4952	8.5231	7.4557	8.5025	8.1401	7.1186	7.1066	8.1431	8.1434	8.1504	7.8102	7.8444	8.1883	7.138	6.7767	6.773	7.1077	7.4482	7.4332	7.7995	7.4346	7.809	7.8021	6.7731	6.063	6.0638	6.7546	7.4588	6.4222	6.4303	6.4308	7.8117	7.1218	7.1182	8.8386	8.1488	7.1331	7.8232	7.4873	7.8241	8.5139	7.4609	7.8344	8.161	8.1753	7.8354	7.8783	8.24	6.8704	7.5232	7.8735
8.8634	8.5242	8.5287	8.5253	7.8317	7.8364	9.2132	7.8337	7.8341	8.865	7.839	7.8398	8.8697	8.8663	8.1867	8.8669	8.5274	8.8678	10.252	8.8722	8.1849	9.2559	8.8692	8.8912	8.229	8.5254	8.5238	8.1898	8.1842	8.8646	8.5545	8.558	8.8618	8.2164	7.8659	8.9033	8.8635	7.5218	7.1449	7.859	8.8457	9.2408	7.8608	8.8483	8.8926	8.5096	9.5845	7.4811	8.5558	7.8622	7.8625	7.8636	7.5239	8.8945	8.2191	8.2155	8.56	8.8741	8.5521	8.8965	8.5566	9.9367	9.2213	8.531	8.558	8.8981	8.5586	8.8948	8.8687	7.8393	9.2434	7.5239	8.2144	8.8947
9.1452	9.836	8.8404	8.8076	8.8372	8.4881	8.8387	8.8054	8.4558	9.1806	8.4908	8.4915	9.1817	8.4539	8.8382	9.8622	9.5227	9.8631	8.4832	9.5237	9.8641	9.203	8.5142	9.2099	9.5541	9.5207	9.1654	9.5153	9.522	9.1991	9.2004	9.5128	9.1921	8.503	9.5481	9.1644	9.1652	9.1995	9.5742	9.5511	9.5178	10.229	9.9124	9.9138	9.2242	9.5512	9.576	9.2265	9.5535	8.5383	8.884	9.2252	9.2255	10.256	9.2269	10.581	9.9174	8.8877	9.2015	9.8877	9.5517	9.8918	9.8887	9.5522	9.5493	9.8932	9.8936	10.23	8.8561	9.2045	9.551	9.2015	9.2019	9.2023
9.4828	9.1436	9.478	9.4852	9.4792	9.4757	10.506	9.8169	9.1435	9.8321	8.4621	9.1527	9.4929	9.8334	9.8338	10.166	10.18	10.181	10.514	10.521	9.8314	10.175	10.516	9.8532	10.512	10.512	10.513	10.173	10.173	10.864	9.478	10.175	9.8211	9.4748	10.172	9.4796	10.167	9.477	10.508	10.512	9.4792	9.8244	11.2	10.171	10.515	10.513	10.174	9.824	9.8248	9.4858	9.8298	10.867	10.177	10.541	10.542	10.202	10.178	9.8288	11.232	9.5131	10.187	10.539	10.54	9.8492	10.89	10.54	10.541	10.185	10.201	9.516	9.8359	10.543	10.543	10.543
9.8357	9.4727	10.177	9.8243	9.4883	9.8254	10.525	10.526	9.4862	10.527	9.487	10.172	9.8378	9.8384	9.4888	10.168	9.8289	10.519	9.4793	10.164	9.824	10.164	9.8386	10.873	10.851	10.851	10.526	10.176	10.852	10.867	11.203	9.4874	10.528	10.524	11.895	10.865	11.215	10.866	10.527	11.211	11.218	11.553	10.523	11.21	11.55	11.225	10.876	10.537	11.894	10.879	10.539	10.19	11.239	10.55	11.24	10.877	11.227	11.921	10.891	11.922	11.242	11.228	10.888	11.578	10.889	10.549	11.583	11.244	11.924	10.901	10.895	10.565	11.242	10.216
10.427	10.778	10.428	10.453	10.113	10.114	10.11	10.111	10.451	10.425	9.7354	10.802	11.116	11.117	11.117	11.457	10.11	9.3977	10.424	10.775	10.775	10.779	11.119	10.45	10.087	10.422	12.147	10.446	11.807	11.808	10.088	11.802	11.453	10.773	11.823	12.489	11.45	11.11	11.452	12.142	12.167	11.454	11.138	10.795	11.479	12.166	12.167	11.478	11.828	10.799	12.52	11.144	11.141	11.48	11.831	11.141	11.485	11.836	11.142	11.146	12.176	11.832	11.833	11.142	12.173	10.453	11.484	11.484	11.818	11.805	11.456	11.456	11.802	11.83
10.133	10.814	10.148	10.149	10.829	10.49	10.83	10.486	10.146	10.827	10.487	12.208	10.488	10.132	11.853	11.853	11.159	11.159	11.849	11.85	11.16	11.161	11.875	11.525	11.876	11.521	10.856	11.522	11.523	11.183	12.579	10.863	11.548	11.185	11.545	11.895	12.576	11.896	11.871	12.578	12.578	11.9	12.93	11.875	12.211	11.522	12.213	11.887	12.228	12.215	11.889	12.906	13.26	12.566	12.566	12.566	11.537	12.227	12.567	11.538	11.888	11.887	12.558	11.884	12.558	12.908	13.249	12.22	13.603	12.284	11.945	11.251	12.971	12.282
11.136	10.447	10.131	10.448	10.132	10.473	11.853	11.849	11.159	11.85	10.82	10.821	11.851	10.822	10.822	11.856	11.512	11.852	12.192	12.193	11.163	11.514	12.194	11.854	11.509	11.532	11.859	12.185	11.876	11.535	11.545	10.862	11.193	11.883	12.198	12.198	12.199	12.199	13.24	12.891	12.892	12.917	12.916	13.608	12.574	11.885	11.546	12.576	12.577	12.891	13.241	12.552	11.889	12.548	11.859	11.859	13.239	11.86	12.543	11.52	11.86	13.924	11.851	13.23	12.541	12.881	13.921	14.262	13.922	13.627	13.977	12.6	12.244	12.244
11.294	11.295	10.979	11.637	10.29	11.321	11.317	12.007	11.657	10.978	11.658	10.979	12.013	11.663	11.324	12.01	12.7	12.01	12.351	12.701	11.321	10.982	11.662	12.356	11.323	11.322	12.704	13.393	12.014	12.358	12.048	12.381	12.724	10.986	13.736	12.706	12.707	13.047	12.709	14.079	12.733	12.361	12.711	12.382	13.072	13.073	12.733	13.764	12.734	13.075	13.069	13.42	13.066	12.726	13.757	13.067	13.757	12.728	13.067	12.378	13.382	13.032	13.029	12.688	13.379	13.379	13.379	14.06	14.06	15.515	14.485	13.791	12.762	12.085
10.737	12.118	11.799	11.443	11.783	11.076	10.749	12.13	12.13	11.091	12.821	12.116	11.075	12.116	12.116	12.112	12.453	12.453	11.423	12.114	11.764	11.765	11.78	12.131	12.145	11.793	12.106	12.446	12.797	12.465	13.171	12.48	11.47	13.541	13.499	14.189	13.85	13.5	12.822	13.535	13.196	12.507	13.192	14.914	13.884	12.855	13.196	12.506	13.197	12.831	12.831	13.512	13.858	12.478	12.829	12.479	12.829	13.86	13.493	13.154	12.814	13.49	12.811	12.46	12.811	13.841	13.841	13.842	14.532	15.257	14.913	14.223	13.194	12.187
11.772	10.743	10.759	11.418	11.753	12.444	11.414	11.755	12.785	11.756	11.756	11.07	12.45	12.447	11.757	12.787	12.447	13.138	12.448	12.449	12.789	11.759	12.823	12.853	11.827	13.885	13.511	12.82	12.141	12.815	12.475	12.839	11.822	13.853	13.163	13.504	12.815	13.164	13.166	13.856	13.19	12.157	14.217	14.558	13.188	14.559	13.19	13.191	13.191	13.495	13.845	13.152	13.492	13.842	13.843	13.843	14.183	13.188	13.187	12.498	12.493	13.184	14.555	14.554	13.525	12.495	13.544	13.18	13.869	14.206	13.866	13.867	14.207	12.828
12.245	10.526	11.25	11.246	12.626	11.597	12.277	12.278	12.278	11.939	11.938	11.923	11.922	12.609	12.609	13.3	13.3	12.26	12.261	11.231	11.944	12.285	12.971	12.632	13.349	13.322	13.663	13.662	12.634	12.284	12.958	12.954	12.614	12.615	13.305	14.336	13.647	13.306	13.652	12.961	13.988	14.679	14.679	12.62	14.68	13.991	12.962	13.313	12.296	13.677	13.332	14.013	14.364	12.984	14.015	13.675	13.675	13.669	13.328	14.355	14.695	14.355	13.666	11.946	12.977	13.667	12.3	13.357	14.393	14.041	13.678	12.988	13.339	13.339
12.134	11.78	12.13	12.821	12.471	11.782	12.132	11.443	12.133	11.786	11.106	11.783	13.163	12.824	12.474	13.164	13.855	12.135	11.105	12.469	12.125	13.845	13.155	12.816	13.156	13.867	11.804	13.497	12.831	12.827	14.547	13.858	14.198	13.509	13.859	13.86	13.171	12.824	14.196	14.191	13.852	13.503	14.193	13.854	14.194	13.505	12.809	13.15	13.485	14.866	14.176	14.177	13.837	13.838	12.458	14.592	14.241	14.243	14.237	14.929	14.238	13.899	14.24	13.209	12.87	14.24	12.843	13.18	13.893	14.22	13.551	13.901	13.192	12.852
12.432	13.113	12.773	12.434	12.434	10.715	11.055	11.398	12.088	12.434	13.115	13.115	13.115	13.116	12.776	12.087	11.77	13.14	12.106	12.479	13.512	13.85	12.798	12.108	12.459	12.459	13.122	13.118	14.159	12.779	13.12	13.81	13.471	12.441	12.444	13.125	13.811	14.852	15.193	14.163	13.124	13.125	13.125	12.799	13.139	13.83	13.486	14.517	13.487	13.842	14.178	13.139	12.442	13.812	13.813	14.499	14.848	14.159	14.849	15.19	13.47	12.78	13.133	13.483	13.82	14.51	13.82	13.131	14.171	14.182	13.832	12.112	13.506	13.156
10.873	11.564	11.9	12.59	12.59	13.621	12.591	12.252	12.252	12.252	12.245	11.551	12.242	12.242	11.893	13.273	12.583	12.584	12.244	11.904	11.914	11.917	12.612	13.954	13.605	13.955	13.266	11.212	12.276	11.929	12.596	14.316	13.648	13.287	13.978	13.628	13.629	13.282	13.283	13.969	13.62	13.971	14.311	13.282	12.933	12.933	12.956	13.307	14.333	14.333	14.334	13.994	12.955	15.025	13.995	13.646	13.649	13.649	13.645	13.995	13.645	13.996	13.996	12.956	12.617	12.26	12.94	15.006	13.627	15.067	15.067	14.038	12.998	12.659
12.299	10.919	12.98	11.95	12.981	11.951	11.261	11.262	11.605	12.971	12.971	13.321	13.662	12.632	12.973	12.633	11.626	12.996	12.653	11.963	13.023	12.69	13.344	12.654	12.995	12.655	11.292	13.372	12.332	13.676	13.676	12.986	12.68	12.668	12.308	13.341	14.032	14.029	14.029	13.34	14.72	13.681	13.682	12.992	12.336	13.366	13.012	14.053	13.704	14.054	13.015	12.675	13.365	13.366	12.668	14.384	14.735	14.045	14.386	15.075	15.416	13.696	14.736	12.68	14.75	14.746	14.057	13.707	14.397	14.378	15.408	13.688	12.319	12.332
11.319	10.979	12.006	12.006	12.697	12.697	12.697	12.697	13.378	12.348	11.659	12.682	12.678	13.358	11.989	12.679	12.33	13.02	12.33	12.71	12.372	12.377	12.341	13.371	14.061	13.372	13.059	12.369	11.678	11.317	13.032	11.677	11.685	13.066	14.771	13.725	15.106	12.36	12.36	12.707	13.387	13.388	14.429	14.079	12.71	13.391	12.734	13.074	14.105	13.76	14.452	14.102	14.102	13.413	14.793	13.413	12.707	13.386	14.423	15.452	14.763	15.113	14.423	14.764	13.384	12.705	12.705	12.704	13.045	14.515	14.515	14.166	14.166	13.827
11.521	12.891	11.862	10.505	12.221	12.221	12.572	12.572	13.263	13.943	12.913	13.263	12.575	12.597	12.594	12.934	13.624	12.244	12.263	13.309	12.63	12.285	13.27	12.576	12.916	12.941	13.291	13.969	12.578	12.579	13.608	12.583	12.919	12.579	14.3	13.27	13.271	13.953	14.302	13.614	13.274	12.913	13.604	13.265	12.915	13.606	13.607	14.297	13.268	12.91	12.912	13.257	14.287	14.628	13.938	13.938	13.259	12.908	12.91	13.962	15.339	15.339	14.999	15.34	14.65	14.65	14.651	13.961	11.902	12.861	13.211	14.932	13.892	13.213
12.16	12.84	11.812	12.501	12.162	13.181	12.832	12.152	12.493	12.492	12.153	12.833	13.184	13.202	11.475	12.144	12.485	12.145	13.175	12.509	13.552	12.173	12.487	12.51	13.887	12.507	13.197	14.228	13.228	12.537	13.199	12.17	12.17	12.85	13.891	13.891	13.202	13.543	13.543	11.824	12.188	11.825	13.559	13.216	12.866	13.557	13.557	12.527	12.869	13.221	13.559	13.219	12.868	12.529	13.559	13.909	13.56	14.589	13.561	14.25	13.874	13.525	14.55	13.521	14.552	13.522	13.183	14.212	13.523	12.187	12.527	13.903	14.934	12.864
12.646	11.266	12.297	12.647	11.608	11.608	12.992	11.607	12.988	12.648	12.649	11.609	12.675	10.955	11.611	11.264	11.601	11.951	13.321	13.013	11.99	11.633	12.293	13.673	13.017	12.673	12.673	12.324	12.364	11.674	11.324	11.987	12.677	12.68	13.014	12.677	14.048	13.019	13.709	13.711	12.681	13.362	13.022	13.023	11.292	12.673	14.044	13.354	12.675	13.014	12.689	11.999	12.354	13.026	12.686	11.646	14.057	13.026	15.087	14.407	14.408	13.022	14.052	13.708	13.018	12.678	12.329	13.359	13.36	13	13.34	14.381	12.997	13.691
11.954	11.24	11.265	12.295	12.986	12.296	12.297	11.956	12.293	12.626	12.627	11.587	12.628	10.908	12.279	11.932	11.933	12.625	11.93	11.969	13.691	14.012	13.651	13.311	13.652	12.272	12.652	11.995	12.695	12.328	12.303	12.995	12.305	12.656	12.657	12.307	12.303	12.978	12.978	12.639	13.329	12.98	12.981	13.332	12.982	11.972	12.662	13.352	13.353	12.663	13.004	13.694	12.682	12.665	12.661	12.625	13.656	13.995	15.036	13.316	12.966	12.967	13.657	13.351	13.687	12.274	12.658	12.308	13.349	12.979	12.653	12.653	13.67	12.286
11.428	12.458	11.77	11.769	11.43	11.43	11.431	12.111	12.095	11.751	11.412	10.738	12.783	11.062	11.753	12.093	12.094	12.094	10.783	12.169	12.832	13.155	12.466	13.169	12.117	12.48	11.777	11.489	11.448	12.842	12.818	12.82	12.82	11.791	12.822	12.132	12.466	12.479	11.433	12.464	13.155	12.805	12.466	12.14	12.116	13.158	12.113	13.517	12.138	12.828	12.139	12.489	13.179	12.824	12.49	12.13	13.511	13.17	13.861	12.481	13.185	12.482	12.822	12.482	12.147	12.832	11.463	11.803	12.834	11.454	12.134	12.099	12.825	12.485
12.137	10.757	10.755	11.108	11.105	11.449	12.14	10.743	11.111	11.094	11.091	10.741	10.758	11.431	12.462	11.092	12.147	11.457	12.177	12.177	11.804	12.144	12.145	12.145	12.836	12.146	11.142	10.789	12.157	12.158	12.848	12.159	12.159	11.82	11.821	12.161	11.822	12.158	11.129	11.804	11.804	12.144	11.805	11.489	11.806	11.457	12.516	13.207	11.838	12.517	10.798	12.179	11.489	12.179	11.839	12.503	12.85	13.189	12.85	12.16	13.191	12.501	12.175	12.162	12.176	11.482	11.483	11.469	12.513	12.534	11.854	11.504	12.221	12.194
11.013	10.319	11.01	10.32	10.298	11.324	10.985	10.985	11.676	10.646	10.642	10.982	11.677	11.327	10.294	11.348	11.033	10.33	11.352	11.689	11.339	11	11.34	11	11.341	11.365	11.366	10.686	10.332	11.364	11.363	11.715	11.025	10.686	11.027	12.057	12.058	11.028	11.348	12.039	11.009	11.7	11.01	11.701	11.355	11.706	11.702	11.352	11.703	11.353	11.354	11.35	12.044	11.705	11.355	12.045	12.392	11.705	12.736	11.352	12.046	12.397	11.357	12.047	11.712	11.704	11.705	11.358	11.359	11.369	12.059	11.376	11.393	11.38
11.543	10.513	10.174	10.17	9.8209	10.539	10.889	10.889	10.2	10.89	10.887	10.56	10.538	10.229	10.219	11.593	10.575	10.915	11.594	11.229	10.2	11.23	11.231	10.545	9.8518	10.542	10.913	11.263	10.226	10.544	10.89	9.8394	11.236	10.896	10.531	10.531	11.238	11.235	10.879	10.896	11.236	11.561	10.547	10.532	10.216	10.907	10.552	10.529	11.244	11.244	10.214	10.215	10.905	11.929	10.216	11.575	11.926	10.581	11.265	10.93	10.903	11.238	11.271	10.898	11.613	11.608	11.609	10.579	11.269	11.66	10.63	11.66	11.304	11.321
10.08	9.7306	10.745	10.082	10.422	9.7063	11.087	10.747	10.748	9.7472	9.7042	10.394	10.439	9.7488	10.1	9.7926	10.441	10.79	10.787	10.801	10.801	10.802	10.452	10.096	10.097	10.453	10.098	10.8	10.435	10.436	10.786	10.787	10.431	10.092	9.425	10.433	10.434	10.43	9.7466	10.097	10.438	11.122	10.782	10.093	10.457	10.118	10.804	10.114	10.455	9.765	9.7597	10.116	9.7664	11.147	10.807	9.763	10.798	11.18	10.475	10.454	10.448	10.799	9.7592	10.45	10.1	10.446	10.441	10.107	10.791	10.351	11.391	10.352	10.396	10.702
9.3721	10.402	9.3671	9.4009	10.398	10.772	9.3747	9.7086	9.0151	9.739	9.7059	10.08	8.6768	9.7406	9.7631	9.7776	10.105	9.7378	10.079	10.383	9.7631	9.6935	9.698	9.3543	9.3551	9.6951	9.3518	10.386	9.6928	9.3813	9.6975	10.039	10.729	10.04	9.7245	10.065	9.3535	9.3817	9.6985	9.3828	9.7373	9.3839	10.414	9.7252	10.429	9.7356	10.076	9.05	10.427	10.077	9.7415	10.768	10.082	9.7389	10.425	9.7426	10.429	9.7617	9.7399	10.076	8.7103	9.0548	10.085	9.3933	10.428	9.4015	10.082	10.082	10.079	10.383	9.7069	10.047	9.0175	10.394
9.7519	9.4061	8.7169	9.407	8.7384	9.4299	9.0913	8.7463	9.0649	8.715	9.7709	9.3935	8.7044	8.7044	9.4262	8.7527	9.0381	9.7416	8.7025	9.0789	9.0962	9.7673	9.0479	9.0482	8.6989	9.0508	8.6956	8.7019	9.0528	8.6974	8.7313	8.0251	8.3928	9.3898	8.4039	9.0465	9.0812	9.3878	9.3885	8.4066	8.7335	9.0978	9.4243	8.7352	9.7845	8.7456	9.0958	9.4362	9.0969	8.7469	8.4053	9.4243	9.0821	9.0923	8.7931	9.462	8.7763	9.4413	7.6999	8.744	8.7303	8.0671	9.4349	8.7409	8.7417	9.0915	9.0786	9.4323	9.4265	9.4493	8.7369	8.7374	10.113	10.114
8.5803	8.5868	8.9276	8.2727	8.2813	9.6407	8.274	7.917	8.2395	8.5973	8.258	7.8904	8.5751	8.2591	8.6287	8.284	8.2564	8.2561	7.907	8.261	9.2877	8.598	7.5686	8.2628	8.5991	8.9354	8.9402	7.5664	7.9051	8.6019	7.5722	7.5697	8.5975	7.5701	8.5947	8.935	8.5958	7.9125	7.5609	7.9013	7.9159	8.5985	8.2623	8.9355	7.5592	8.2641	8.2642	8.6046	7.9076	7.9292	8.5922	8.289	8.6162	8.2911	7.8994	7.9509	8.2641	8.2778	7.9283	7.9148	8.2787	8.2751	7.9391	8.9555	7.9262	7.9261	7.927	8.6169	7.9411	8.6315	8.3077	8.2878	7.9541	7.9544
8.3439	8.0081	8.0128	7.6882	8.0533	7.6839	9.0624	9.0401	8.3508	7.6609	8.3456	7.6618	7.3503	8.3528	7.6591	7.3468	7.0077	7.6536	7.3484	7.6546	7.6891	7.0094	6.9718	7.686	7.6866	8.0368	8.0216	8.0378	7.6888	6.6595	7.3499	6.9906	8.0208	8.0217	7.6884	7.6727	8.3634	7.6901	7.0085	7.6888	7.352	8.3757	7.3461	7.3469	7.3468	7.6877	7.6879	8.0383	8.379	7.6891	8.0354	8.0359	8.04	8.0367	7.0447	7.011	7.3855	8.0416	6.9997	7.0419	7.3819	7.3826	7.0427	7.383	8.0276	8.0736	4.6006	6.3544	7.3806	7.385	7.3701	8.0415	8.7156	8.3697
6.8897	6.8878	7.2342	6.8805	7.9149	6.5665	6.2385	6.9177	7.2622	7.2672	7.6087	7.5989	7.6079	6.538	6.5387	7.2287	7.5696	6.8832	6.8865	6.5442	6.1867	6.537	7.2353	7.228	7.5686	6.1965	6.5397	6.5475	6.8886	6.8849	5.8553	6.8827	6.2244	6.5476	6.872	7.2225	6.5331	6.5775	6.8906	6.5465	5.5036	6.8877	7.222	6.5488	6.5765	7.2612	6.8737	6.578	6.5743	6.9145	5.8789	6.5479	6.9158	6.8987	7.6337	6.5707	6.2274	6.9069	6.9073	6.5738	7.2577	7.2584	6.5685	6.9088	6.9034	6.5694	3.8137	5.1859	5.8764	6.5806	6.5924	6.5812	6.5814	6.9156
5.8622	6.5703	6.8972	6.5712	5.8578	6.2579	7.3054	6.9569	6.9664	7.6219	7.61	7.9539	6.9246	6.921	6.2316	6.5493	6.9003	5.8861	6.5805	6.5805	5.8913	5.8576	5.5521	5.8849	6.2431	6.2095	5.8562	5.904	5.8913	6.5481	5.9063	6.5497	5.9076	6.2585	5.909	6.9634	6.2558	5.9202	6.5832	6.2573	5.9082	6.6122	6.2589	6.9634	6.6134	5.9199	6.6102	5.5667	5.2411	6.6114	5.908	6.6125	7.2665	5.5693	5.9555	4.8532	5.8976	6.2699	6.2966	6.9384	6.2345	7.2791	6.5892	6.2391	5.5836	5.8958	4.5267	5.5428	5.8971	5.5174	5.8515	5.8581	5.1783	5.8587
5.7362	5.7528	6.4311	6.0813	5.7541	6.469	6.1478	5.771	6.1241	5.7632	6.4539	6.104	6.7947	5.7649	6.0816	6.0774	5.7621	5.7357	6.0767	6.079	5.0737	5.0739	4.3606	5.0821	5.045	6.0755	4.7442	5.0843	4.384	5.0745	5.7389	5.0738	5.4336	5.0845	5.7749	5.4355	5.0722	5.0866	5.0873	5.7636	5.4384	5.0885	4.7585	5.7892	5.0716	5.7624	5.0865	5.4507	6.1313	5.1054	5.792	5.1021	5.7886	4.7451	4.7594	4.4132	4.0561	5.79	6.4803	5.8084	5.7865	6.4949	5.115	5.4477	5.466	4.4259	5.8068	5.486	4.4272	4.4598	4.1453	4.1163	4.8143	4.1169
5.4414	5.4418	6.1463	5.8022	6.8327	5.8031	5.8035	5.4538	5.782	5.4783	5.8291	6.1453	5.7793	5.4296	4.7863	4.7402	4.7873	4.787	3.7557	5.138	5.0927	4.0808	4.7853	4.106	4.1181	3.4147	4.4596	4.1059	4.1095	4.1214	4.7401	4.1187	3.769	4.7861	4.7865	5.0933	4.4614	4.7881	4.4487	4.436	4.4531	4.7932	5.1361	4.4605	4.4468	4.8014	4.4479	4.796	4.436	3.7463	4.1191	4.4374	4.4599	3.0579	3.0807	3.7707	4.7951	4.1029	3.4088	4.4355	5.8317	5.1339	5.4664	4.7805	3.0611	3.4148	3.4077	4.4339	4.4382	4.1623	3.4449	3.7991	3.1233	4.4898
5.4023	4.7128	3.7048	4.6898	4.3741	5.0483	4.7087	4.7152	5.0452	4.7054	4.3722	5.0523	4.7068	6.0871	4.7014	4.7354	4.3686	5.0441	4.015	3.6864	4.0435	4.3599	3.7045	3.689	4.0458	3.7064	3.353	3.7008	3.0144	4.0286	3.3217	4.0465	3.6907	4.0139	4.0481	4.0444	4.0423	4.3929	3.3535	3.0159	4.0307	3.3546	4.0475	3.6919	4.0416	3.0123	4.0427	3.7055	4.7375	3.7016	3.6905	3.7087	2.6627	2.665	3.0155	2.6478	2.6737	3.3561	3.3563	4.043	4.0468	4.0551	3.3473	3.0099	2.6644	2.672	3.3552	3.3628	3.7133	3.3798	2.6976	3.0442	3.3807	3.037
3.2591	4.2934	4.2902	3.6028	3.9467	3.947	3.9751	3.5977	3.2581	3.2621	4.3205	4.2892	3.9774	4.2858	4.2863	3.9741	4.3149	3.6008	3.6018	3.6255	3.6304	4.0175	4.7049	3.6562	3.2571	2.9077	2.9124	3.2903	3.2876	2.598	3.2926	4.3192	2.9234	2.5842	3.6145	2.9413	2.6015	2.2582	2.6027	2.5804	2.9232	2.5995	2.2563	2.9182	2.6008	2.6015	2.9419	2.6023	3.6167	3.2666	3.2669	2.9113	3.6016	3.6081	2.5723	2.5785	2.919	2.5729	2.5689	2.9094	2.5817	2.9438	2.5764	2.2643	2.605	1.9187	1.2256	1.9116	3.6321	1.2399	2.9626	1.5906	1.9372	1.9337
2.8457	3.182	3.5301	3.1828	2.5032	2.8435	3.5102	2.4804	2.8447	3.535	2.8413	3.1576	3.1658	2.4999	3.5305	2.8406	3.5176	2.8436	1.4602	2.1504	2.5426	2.8814	2.845	1.8085	2.1253	1.4621	1.813	1.7827	1.8101	1.7843	2.1251	1.8121	2.1527	3.5072	2.8174	1.4755	2.4977	2.8521	3.1789	2.5128	2.5023	3.1562	2.5144	2.151	2.1651	2.4977	3.192	2.8524	2.8267	2.5133	1.8235	2.1503	2.1268	1.8108	2.8248	1.4709	1.4576	1.8229	1.7955	1.4597	1.4721	2.8403	0.78043	1.8042	1.1296	2.1473	1.1179	1.1304	1.1309	0.48871	0.84522	0.84704	0.83979	1.1526
1.677	2.0037	2.368	2.0007	2.0321	2.3648	2.7228	2.6918	2.3659	2.0262	1.6719	2.3745	2.3751	2.3712	2.3578	2.0318	2.3664	1.6764	0.68816	1.7079	2.0737	1.3705	1.6816	1.6761	0.65283	1.3311	0.65572	1.6847	1.3396	2.0301	2.0342	1.6772	1.6853	1.3321	1.6724	1.3455	1.687	2.3776	1.3405	1.0007	1.6849	2.3751	1.6857	1.3461	2.3603	1.6708	1.0075	1.6879	1.0042	0.65456	1.0048	1.3292	0.98945	1.0059	1.0065	1.6865	0.64068	1.3309	1.3506	0.66102	0.2971	-0.37733	-0.36467	1.0119	1.3526	-0.36381	0.64673	0.65928	0.32348	0.28134	-0.063489	0.28691	0.29863	0.96517
1.2749	1.233	1.251	1.929	1.918	1.9159	1.2525	1.5724	1.589	1.2492	1.5898	1.25	1.9144	1.5771	0.90127	0.88407	1.2458	0.55829	0.89686	0.89939	-0.44804	0.23967	-0.14232	0.21351	0.5628	1.5906	1.2477	0.89795	0.88531	0.55941	0.90776	0.88694	1.2551	0.89764	1.9318	1.2524	0.55868	0.55934	1.2499	0.57516	1.5985	0.90864	0.90919	1.5955	1.2496	0.20869	0.55924	1.2535	0.56395	0.21059	1.2523	0.89867	0.5589	0.57294	0.56586	0.21577	0.22383	0.56022	0.90652	-0.11561	0.21051	0.22073	-0.11912	0.20489	0.22176	-0.45075	-0.4676	-1.1476	-0.80705	-0.12917	-0.11258	-1.1662	-0.48225	-0.8296
