69464
69464
69465
69466
69467
69467
69468
69469
69469
69470
69471
69471
69472
69473
69474
69474
69475
69476
69476
69477
69478
69478
69479
69480
69481
69481
69482
69483
69483
69484
69485
69485
69486
69487
69488
69488
69489
69490
69490
69491
69492
69492
69493
69494
69495
69495
69496
69497
69497
69498
69499
69499
69500
69501
69502
69502
69503
69504
69504
69505
69506
69506
69507
69508
69509
69509
69510
69511
69511
69512
69513
69513
69514
69515
69516
69516
69517
69518
69518
69519
69520
69520
69521
69522
69523
69523
69524
69525
69525
69526
69527
69527
69528
69529
69530
69530
69531
69532
69532
69533
69534
