19694
19694
19695
19696
19696
19697
19698
19699
19699
19700
19701
19701
19702
19703
19703
19704
19705
19706
19706
19707
19708
19708
19709
19710
19710
19711
19712
19713
19713
19714
19715
19715
19716
19717
19717
19718
19719
19720
19720
19721
19722
19722
19723
19724
19724
19725
19726
19727
19727
19728
19729
19729
19730
19731
19731
19732
19733
19734
19734
19735
19736
19736
19737
19738
19738
19739
19740
19741
19741
19742
19743
19743
19744
19745
19745
19746
19747
19748
19748
19749
19750
19750
19751
19752
19752
19753
19754
19755
19755
19756
19757
19757
19758
19759
19759
19760
19761
19762
19762
19763
19764
19764
19765
19766
19766
19767
19768
19769
19769
19770
19771
19771
19772
19773
19773
19774
19775
19776
19776
19777
19778
19778
19779
19780
19780
19781
19782
19783
19783
19784
19785
19785
19786
19787
19787
19788
19789
19790
19790
19791
19792
19792
19793
19794
19794
19795
19796
19797
19797
19798
19799
19799
19800
19801
19801
19802
19803
19804
19804
19805
19806
19806
19807
19808
19808
19809
19810
19811
19811
19812
19813
19813
19814
19815
19815
19816
19817
19818
19818
19819
19820
19820
19821
19822
19822
19823
19824
19825
19825
19826
19827
19827
19828
19829
19829
19830
19831
19832
19832
19833
19834
19834
19835
19836
19836
19837
19838
19839
19839
19840
19841
19841
19842
19843
19843
19844
19845
19846
19846
19847
19848
19848
19849
19850
19850
19851
19852
19853
19853
19854
19855
19855
19856
19857
19857
19858
19859
19860
19860
19861
19862
19862
19863
19864
19864
19865
19866
19867
19867
19868
19869
19869
19870
19871
19871
19872
19873
19874
19874
19875
19876
19876
19877
19878
19878
19879
19880
19881
19881
19882
19883
19883
19884
19885
19885
19886
19887
19888
19888
19889
19890
19890
19891
19892
19892
19893
19894
19895
19895
19896
19897
19897
19898
19899
19899
19900
19901
19902
19902
19903
19904
19904
19905
19906
19906
19907
19908
19909
19909
19910
19911
19911
19912
19913
19913
