56171
56171
56172
56173
56173
56174
56175
56176
56176
56177
56178
56178
56179
56180
56180
56181
56182
56183
56183
56184
56185
56185
56186
56187
56187
56188
56189
56190
56190
56191
56192
56192
56193
56194
56194
56195
56196
56197
56197
56198
56199
56199
56200
56201
56201
56202
56203
56204
56204
56205
56206
56206
56207
56208
56208
56209
56210
56211
56211
56212
56213
56213
56214
56215
56215
56216
56217
56218
56218
56219
56220
56220
56221
56222
56222
56223
56224
56225
56225
56226
56227
56227
56228
56229
56229
56230
56231
56232
56232
56233
56234
56234
56235
56236
56236
56237
56238
56239
56239
56240
56241
56241
56242
56243
56243
56244
56245
56246
56246
56247
56248
56248
56249
56250
56250
56251
56252
56253
56253
56254
56255
56255
56256
56257
56257
56258
56259
56260
56260
56261
56262
56262
56263
