0	0	0	0.29164	0.20124	0	0	0	0	0	0	0	0	0	0	0	0	0	0	0	0	0	0	0	0	0	0	0	0	0	0	0	0	0	0	0	0	0	0	0	0	0	0	0	0	0	0	0	0	0.80793	0	0	0	0	0	0	0	0	0	0	0	0	0	0	0	0	0	0	0	0	0	0	0	0	0	0	0	0	0	0	0	0	0	0	0	0	0	0	0	0	0	0	0	0	0	0	0	0	0	0	0	0	0	0	0	0	0	0	0	0	0	0	0	0	0	0	0	0	0	0	0	0	0	0	0	0	0	0	0	0	0	0	0	0	0	0	0	0	0	0	0	0	0	0	0	0	0	0	0	0	0	0	0	0	0	0	0	0	0	0	0	0	0	0	0	0	0	0	0	0	0	0	0	0	0	0	0	0	0	0	0	0	0	0	0	0	0	0	0	0	0
0	0	0	0.47931	0	0	0	0	0	0	0	0	0	0	0.17151	0.35115	0	0	0	0	0	0	0	0	0	0	0	0	0	0	0	0	0	0	0	0	0	0	0	0	0	0	0	0	0	0	0	0	0.40933	0.65706	0	0	0	0	0	0	0.20247	0.45596	0	0	0	0	0	0.17657	0.16166	0	0	0	0	0	0	0	0	0	0	0	0	0	0	0	0	0	0	0	0	0	0	0	0	0	0	0	0	0	0	0	0	0	0	0	0	0	0	0	0	0	0	0	0	0	0	0	0	0	0	0	0	0	0	0	0	0	0	0	0	0	0	0	0	0	0	0	0	0	0	0	0.22639	0	0	0	0	0	0	0	0	0	0	0	0	0	0	0	0	0	0	0	0	0	0	0	0	0	0	0	0	0	0	0	0	0	0	0	0.62069	0	0	0	0	0	0	0	0	0	0	0	0	0	0	0	0	0	0
0	0	0	0.24243	0.23939	0.3266	0	0	0	0	0	0	0	0	0	0	0.43441	0.22426	0	0	0	0	0	0	0	0	0	0	0	0	0	0	0	0	0	0	0	0	0	0	0	0	0	0	0	0	0	0.49061	0.24603	0.31576	0	0	0	0	0	0	0.37108	0.63169	0.42742	0	0	0	0	0.42742	0.26177	0	0	0	0	0	0	0	0	0	0	0	0	0	0	0	0	0	0	0	0	0	0	0	0	0	0	0	0	0	0	0	0	0	0	0	0	0	0	0	0	0	0	0	0	0	0	0	0	0	0	0	0	0	0	0	0	0	0	0	0	0	0	0	0	0	0	0	0	0	0	0	0	0.31822	0	0	0	0	0	0	0	0	0	0	0	0	0	0	0.91584	0.42167	0	0	0	0	0	0	0	0	0	0	0	0	0	0	0	0	0	0	0	0	0	0	0	0	0	0	0	0	0	0	0	0	0	0	0	0	0
0	0	0	0	0.16938	0.28075	0.44843	0.29498	0.14973	0	0	0	0	0	0	0	0.19169	0.1962	0	0	0	0	0	0	0	0	0	0	0	0	0	0	0	0	0	0	0	0	0	0	0	0	0	0	0	0	0	0	0	0	0	0	0	0	0	0	0.18933	0	0.1962	0.38139	0.28402	0	0	0	0.2512	0	0	0	0	0	0	0	0	0	0	0	0	0	0	0	0	0	0	0	0	0	0	0	0	0	0	0	0	0	0	0	0	0	0	0	0	0	0	0	0	0	0	0	0	0	0	0	0	0	0	0	0	0	0	0	0	0	0	0	0	0	0	0	0	0	0	0	0	0	0	0	0	0	0	0	0	0	0	0	0	0	0	0	0	0	0	0	0	0	0	0	0	0	0	0	0	0	0	0	0	0	0	0	0	0	0	0	0	0	0	0	0	0	0	0	0	0	0	0	0	0	0	0	0	0	0
0	0	0	0	0	0.59159	0.86637	0.22798	0	0	0	0	0	0	0	0	0	0	0.28016	0.23379	0	0	0	0	0	0	0	0	0	0	0	0	0	0	0	0	0	0	0	0	0	0	0	0	0	0	0	0	0	0	0	0	0	0	0	0	0	0	0	0	0.40258	0	0	0	0	0	0	0	0	0	0	0	0	0	0.31854	0.23661	0	0	0	0	0	0	0	0	0	0	0	0	0	0	0.33587	0.31557	0	0	0	0	0	0	0	0	0	0	0	0	0	0	0	0	0	0	0	0	0	0	0	0	0	0	0.27772	0.99977	0.16759	0.21686	0	0	0	0	0	0	0	0	0	0	0	0	0	0	0	0	0	0	0	0	0	0	0.24806	0.66924	0	0	0	0	0	0	0	0	0	0	0	0	0	0	0	0	0	0.15408	0.17085	0	0	0	0	0	0	0	0	0	0	0	0	0	0	0	0	0	0	0	0	0	0	0	0	0	0
0	0	0	0	0	0	0	0	0	0	0	0	0	0	0	0	0	0	0.29727	0	0	0	0	0	0	0	0	0	0	0	0	0	0	0	0	0	0	0	0	0	0	0	0	0	0	0	0	0	0	0	0	0	0	0	0	0	0	0	0	0	0	0	0	0	0	0	0	0	0	0	0	0	0	0	0	0	0	0	0	0	0	0	0	0	0	0	0	0	0	0	0.21636	0.12294	0	0	0	0	0	0	0	0	0	0	0	0	0	0	0	0.3899	0.28021	0	0	0	0	0	0	0	0.23132	1.4706	0.32512	0.37608	0	0	0	0	0	0	0	0	0	0	0	0	0	0	0	0	0	0	0	0	0	0	0	0	0	0	0	0	0	0	0	0.37538	0	0	0	0	0	0	0	0	0	0	0	1.4512	0	0	0	0	0	0	0	0	0	0	0	0	0	0	0	0	0	0	0	0	0	0	0	0	0	0	0
0	0	0.25771	0	0.20361	0.19521	0	0	0	0	0	0	0	0	0	0	0	0	0	0	0	0	0	0	0	0	0	0	0	0	0	0	0	0	0	0	0	0	0	0	0	0	0	0	0	0	0	0	0	0	0	0	0.13855	0.20606	0	0	0	0	0	0	0	0	0	0	0	0.15264	0.29667	0.4415	0	0	0	0	0	0	0	0	0	0	0	0	0	0	0	0	0	0	0	0	0	0	0	0	0.1576	0	0	0	0	0	0	0	0	0	0	0	0	0	0	0	0	0	0	0	0	0	0	0	0.40767	0.28268	0	0	0	0	0	0	0	0	0	0	0	0	0	0	0	0	0	0	0	0	0	0	0	0	0	0	0	0	0	0	0	0	0.36485	0.72181	0	0	0	0	0	0	0	0	0.36034	0.81075	1.1782	1.4248	0	0	0	0	0	0	0	0	0	0	0	0	0	0	0.30988	0.38681	0	0	0	0	0	0	0	0	0	0	0
0	0.30921	0.72864	0.18258	0.59153	0.2722	0	0	0	0	0	0	0	0	0	0	0	0	0	0	0	0	0	0	0	0	0	0	0.20732	0	0	0	0	0	0	0	0	0	0	0	0	0	0	0	0	0	0	0	0	0	0	0	0	0.24945	0	0	0	0	0	0	0	0	0	0	0	0	0.16313	0.29915	0	0	0	0	0	0	0	0	0	0	0	0	0	0	0	0	0	0	0	0	0	0	0	0	0	0	0	0	0	0	0	0	0	0	0	0	0	0	0	0	0	0	0	0	0	0	0	0	0	0	0	0	0	0	0	0	0.26282	0	0	0	0	0	0	0	0	0	0	0	0	0	0	0	0	0	0	0	0	0	0	0	0	0	0	0	0	0	0	0	0	0.68036	0.5155	0	0.30862	0.35558	0.53204	0	0	0	0	0	0	0	0	0	0	0	0.24976	0.54372	0	0	0	0	0	0	0	0	0.2208	0.2222	0	0	0	0	0
0	0.3494	0	0	0	0.58205	0	0	0	0	0	0.30132	0	0	0	0	0	0	0	0	0	0	0	0	0	0	0	0	0.77337	0	0	0	0	0	0	0	0	0	0	0	0	0	0	0	0	0	0	0	0	0	0	0	0	0.13559	0	0	0	0.36051	0.4511	0.86877	0.22958	0	0	0	0	0	0	0	0	0	0	0	0	0	0	0	0	0	0	0	0	0	0	0	0	0	0	0	0	0	0	0	0	0	0	0	0	0	0	0	0	0	0	0	0	0	0	0	0	0	0	0	0	0	0	0	0	0	0	0	0	0	0	0	0.84863	0	0	0	0	0	0	0	0	0	0	0	0	0	0	0	0	0	0	0	0	0	0	0	0	0	0	0	0	0	0	0	0	0	0	0.17085	0	0	0.50199	0	0	0	0	0.24091	0	0	0	0	0	0	0	0	0	0	0	0	0	0	0	0	0.15727	0.50626	0.40896	0.45989	0.29367	0	0
0	0	0	0	0	0.17064	0	0	0	0	0	0	0	0	0	0	0	0	0	0	0	0	0	0	0	0	0	0.16238	0.46788	0	0	0	0	0	0	0	0	0	0	0	0	0	0	0	0	0	0	0	0	0	0	0	0	0	0	0	0	0	0.18474	0.22695	0	0	0	0	0	0	0	0	0	0	0	0	0	0	0	0	0	0	0	0	0	0	0	0	0	0	0	0	0	0	0	0	0	0	0	0	0	0	0	0	0	0	0	0	0	0	0	0	0	0	0	0	0	0	0	0	0	0	0	0	0	0	0	0.34058	0.5717	0.18585	0	0	0	0	0	0	0	0	0	0	0	0.18674	0.46074	0.70441	0	0	0	0	0	0	0	0	0	0	0.35405	0	0	0	0	0	0	0	0.2209	0	0	0	0	0	0	0	0	0	0.29283	0	0	0	0	0	0	0	0	0	0.18606	0	0	0	0	0	0	0.24116	0.29048	0.21662	0.66172	0	0
0	0	0	0	0.17582	0	0	0	0	0	0	0	0	0	0	0	0	0	0	0	0.37312	0.17151	0	0	0	0	0	0	0.13384	0	0	0.20618	0	0	0	0	0	0	0	0	0	0	0	0	0	0	0	0	0	0	0	0	0	0	0	0	0	0	0	0	0	0	0	0	0	0	0	0	0	0	0	0	0	0	0	0	0	0	0	0	0	0	0	0	0	0	0	0	0	0	0	0	0	0	0	0	0	0	0	0	0	0	0	0	0	0	0	0	0	0	0	0	0	0	0	0	0	0	0	0	0	0	0	0	0	0.39208	0.29112	0	0	0	0	0	0	0	0	0	0	0	0	0	0	0	0	0	0	0	0	0	0	0	0	0	0	0	0	0	0	0	0	0	0	0	0	0.38399	0.17527	0	0	0.1903	1.0436	0	0	0	0	0	0	0	0	0.36742	0	0	0	0	0.23926	0	0	0	0	0	0.38568	0	0
0	0	0	0	0	0	0	0	0	0	0	0	0	0	0	0	0.16607	0	0	0	0.27454	0.16137	0	0	0	0	0	0	0	0	0.68365	0.36705	0.20494	0.37108	0.38555	0	0	0	0	0	0	0	0	0	0	0	0	0	0	0	0	0	0	0	0	0	0	0	0	0	0	0	0	0	0	0	0	0	0	0	0	0	0	0	0	0.18444	0	0	0	0	0	0	0	0	0	0	0	0	0	0	0	0	0	0	0	0	0.3031	0.22838	0	0	0	0	0	0	0	0	0	0	0	0	0	0	0	0	0	0	0	0	0	0	0	0	0	0	0	0	0.20953	0.36239	0	0	0	0	0	0	0	0	0	0	0	0	0	0	0	0	0	0	0	0	0	0	0	0	0	0	0	0	0	0	0	0	0	0	0	0	0.17602	0	0	0.22363	1.5801	0.16652	0	0	0	0	0	0	0	0	0	0	0	0	0	0	0	0	0	0	0	0	0
0	0	0	0	0	0	0	0	0	0	0	0	0	0	0	0	0	0	0	0	0.1675	0	0	0	0	0	0	0	0	0	0.16728	0	0	0	0.33213	0.14185	0	0	0	0	0	0	0	0	0.14368	0	0	0	0	0	0	0	0	0	0	0	0	0	0	0	0	0	0	0	0	0	0	0	0	0	0	0	0	0	0.24799	0.62279	0	0	0	0	0	0	0	0	0	0	0	0	0	0	0	0	0	0	0	0	0	0.32036	0.17437	0	0	0	0	0	0	0	0	0	0	0	0	0	0	0	0.15308	0	0	0	0	0	0	0	0	0	0	0	0	0	0	0	0	0	0	0.42478	0	0	0	0	0	0	0	0	0	0	0	0	0	0	0	0	0	0	0	0	0	0.26484	0.2209	0	0	0	0	0	0	0	0	0	0	0.34569	0.77908	0.37699	0	0	0	0	0	0	0	0	0	0	0	0	0	0	0	0	0	0	0	0	0
0	0	0	0	0	0	0	0	0	0	0	0	0	0	0	0	0	0	0	0	0	0	0	0	0	0	0.40246	0.19364	0	0	0	0	0	0	0.40055	0.62524	0	0	0	0	0	0	0	0.15461	0.19641	0	0	0	0	0	0	0	0	0	0	0	0	0	0	0	0	0	0	0.28567	0	0	0	0.29444	0	0	0	0	0	0	0	0	0	0	0	0.26253	0	0	0	0	0	0	0	0	0	0	0	0	0	0	0	0	0	0	0	0	0	0	0	0	0	0	0	0	0	0	0	0	0	0	0	0	0	0	0	0	0	0	0	0	0	0	0	0	0	0	0	0	0.225	0.70889	0.38125	0	0	0	0	0	0	0	0	0	0	0	0	0	0	0	0	0	0	0	0.47021	0.4914	0	0	0	0	0	0	0	0	0	0	0	0	0.52931	0.33667	0	0	0	0	0	0	0	0	0	0	0	0	0	0	0	0	0	0	0	0	0
0	0	0	0	0	0	0	0	0	0.20167	0	0	0	0	0	0	0	0	0	0	0	0	0	0	0	0	0	0	0	0	0	0	0	0	0	0	0	0	0	0	0	0	0	0	0	0	0	0	0	0	0	0	0	0	0	0	0	0	0	0	0	0	0	0	0	0	0.25121	0.35651	0	0	0	0	0	0	0	0	0	0	0	0	0	0	0	0	0	0	0	0	0	0	0	0	0	0	0	0	0	0	0	0	0.3362	0	0	0	0	0	0	0	0	0	0	0	0	0	0	0	0	0	0	0	0	0	0	0	0.15408	0	0	0	0	0	0	0	0	0.43169	0.62928	0	0	0	0	0	0.89191	0	0	0	0	0	0	0	0	0	0	0	0	0	0	0	0	0	0	0	0	0	0	0	0	0	0	0	0	0.24646	0	0	0	0	0	0	0	0	0	0	0	0	0	0	0	0	0	0	0	0	0
0	0	0	0	0	0	0	0	0.19001	0	0	0	0	0	0	0	0	0	0	0	0	0	0	0	0	0	0	0	0	0	0	0	0	0	0	0	0	0	0	0	0	0	0	0	0	0	0	0	0	0	0	0	0	0	0	0	0	0	0	0	0	0	0	0	0	0	0	0	0	0	0	0	0	0	0	0	0	0	0	0	0	0	0	0	0	0.21249	0.50976	0.34668	0.33775	0	0	0	0	0	0	0	0	0	0	0	0.38812	0	0	0	0	0	0	0	0	0	0	0	0	0	0	0	0	0	0	0	0	0	0	0	0.55786	0.61884	0	0	0	0	0	0	0	0	0	0	0	0	0	0	0	0	0	0	0	0	0	0	0	0	0	0	0	0	0	0	0	0	0	0	0	0	0	0	0	0	0	0	0.29801	0.74596	0	0	0	0	0	0	0	0	0	0	0	0	0	0.241	0	0.72718	0	0	0	0	0
0	0	0	0	0	0	0	0	0	0	0	0	0	0	0	0	0	0	0	0	0	0	0	0	0	0	0	0	0	0	0	0	0	0	0	0	0	0	0	0	0	0	0	0	0	0	0	0	0	0	0	0	0	0	0	0	0	0	0	0	0	0	0	0	0	0	0	0	0	0	0	0	0	0	0	0	0	0	0	0	0	0	0	0	0	0.36051	0.54443	0.40933	0.37687	0	0	0	0	0	0	0	0	0	0	0	0	0	0	0.14128	0	0	0.24387	0.28235	0	0	0	0	0	0	0	0	0	0	0	0	0	0	0	0	0.17305	1.4709	0	0	0	0	0	0	0	0	0	0	0	0	0	0	0	0	0	0	0	0	0	0	0	0	0	0	0	0	0	0	0	0.34431	0	0	0	0	0	0	0	0	0	0	0	0	0	0	0	0	0	0	0	0	0	0	0	0	0	0.26963	0.17263	0.2222	0	0	0	0	0
0	0	0	0	0	0	0	0	0	0	0	0	0	0	0	0	0	0	0	0	0	0	0	0	0	0	0	0	0	0	0	0	0	0.30447	0	0	0	0	0	0	0	0	0	0	0	0	0	0	0	0	0	0	0	0	0	0	0	0	0	0	0	0	0	0	0	0	0.22975	0.22838	0	0	0	0.15808	0.62524	0	0	0	0	0	0	0	0	0	0	0	0	0	0	0	0	0	0.17996	0	0	0	0	0	0	0	0	0	0	0	0.39623	1.4448	0.34535	0	0	0	0	0	0	0	0	0	0	0	0.23197	0.27283	0	0	0	0	0	0	0	0.65578	0.17162	0	0	0	0	0	0	0	0	0	0	0	0	0	0	0	0	0	0	0	0	0	0	0	0	0	0	0	0.2064	0.48878	0.28435	0	0	0.24204	0.24058	0	0	0	0	0	0	0	0	0	0	0	0	0	0	0	0	0	0	0	0	0	0	0	0	0	0	0	0	0	0
0	0	0	0	0	0	0	0	0	0	0	0	0	0	0	0	0	0	0	0	0	0	0	0	0	0	0	0	0	0	0	0	0	0.37745	0	0	0	0	0	0	0.24678	0.20995	0	0	0	0	0	0	0	0	0	0	0	0	0	0	0.36657	0	0	0	0	0	0	0	0	0	0.33519	0.34474	0	0	0	0.22565	0	0	0	0	0	0	0	0	0	0	0	0	0	0	0	0	0	0	0	0.18569	0	0	0	0	0	0	0	0	0	0	0.30522	0.38769	0.26797	0	0	0	0	0	0	0	0	0	0	0	0	0.16545	0	0	0	0	0	0	0.28268	0	0	0	0	0	0	0	0	0.25846	0.92458	0	0	0	0	0	0	0	0	0	0	0	0	0	0	0	0	0	0	0	0	0	0	0	0	0.22363	0.33412	0.37067	0.68531	0	0	0	0	0	0	0	0	0	0	0.32749	0	0	0	0	0.34715	0.22726	0	0	0	0.42285	0.40206	0	0	0	0	0	0
0	0	0	0	0	0	0	0	0	0	0	0	0	0.30484	0	0	0	0	0	0	0	0	0	0	0	0	0	0	0	0	0	0	0	0	0	0	0	0	0	0	0.64965	0.51823	0.65578	0	0	0	0	0	0.28409	0	0	0	0	0	0.6901	0.55802	0.36777	0	0	0	0	0	0	0	0	0	0.16064	0	0	0	0	0	0	0	0	0	0	0	0	0	0	0	0	0.25418	0	0	0	0	0	0	0	0	0	0	0	0	0	0	0	0	0	0	0	0.15708	0	0	0	0	0	0	0	0	0	0	0	0	0	0.83109	0.21158	0	0	0	0	0.225	0.46573	0	0	0	0	0	0	0	0	0	0	0	0	0	0	0	0	0	0	0.327	0	0	0	0	0	0	0	0	0	0	0	0	0	0.1903	0.36071	0	0	0	0.63819	0.25656	0	0	0	0	0	0	0	0	0	0	0	0	0	0	0	0	0	0	0	0	0.81415	0.16812	0	0	0	0.25506	0.655
0	0	0	0	0	0	0	0	0	0	0	0	0	0	0	0	0	0	0	0	0	0	0	0	0	0	0	0	0	0	0	0	0	0.19284	0.40923	0.13765	0	0.30802	0.41882	0	0	0	0	0	0	0	0	0.84331	0.58497	0	0	0.14461	0	0	0	0	0	0	0	0	0	0	0	0	0	0	0	0	0	0	0	0	0	0	0	0	0	0	0	0	0	0	0.73531	0.52883	0	0	0	0	0	0	0	0	0	0	0	0	0	0	0	0	0	0	0	0	0	0	0	0	0	0	0.34504	0	0	0	0	0	0	0.33846	0	0	0	0	0.26656	0.327	0	0	0	0	0	0	0	0	0	0	0	0	0	0	0	0	0	0	0.25095	0.58505	0.1511	0	0	0	0	0	0	0	0	0	0	0	0.19514	0	0	0	0	0	0.68722	0.7447	0	0	0	0	0	0	0	0	0.26963	0	0	0	0	0	0	0	0	0	0	0	0	0.26307	0	0	0	0.53793	1.4699
0	0	0	0	0	0	0	0	0	0	0	0	0	0	0	0	0	0	0	0	0	0	0	0	0	0	0	0	0	0	0	0	0	0	0.18216	0	0	0	0	0	0	0	0	0	0	0	0	0	0	0.23104	0.49127	0.33964	0	0	0	0	0	0	0	0	0	0	0	0	0	0	0	0	0	0	0	0	0	0	0	0	0	0	0	0	0	0.34153	0.25387	0	0	0	0	0	0	0	0	0	0	0	0	0	0	0	0	0	0	0	0	0	0	0	0	0	0	0.85651	0	0	0	0	0	0	0.501	0	0	0	0	0	0	0	0	0	0	0	0	0	0	0	0	0	0	0	0	0	0	0	0	0	0	0	0	0	0	0	0	0	0	0	0	0	0.24653	0	0	0	0	0	0	0	0.51805	0.3346	0	0	0	0	0	0	0	0.62036	0.56814	0	0	0	0	0	0	0	0	0	0	0.34512	0.53139	0.54684	0	0	0	0.19194	0.36456
0	0	0	0	0	0	0	0	0	0	0	0	0	0	0	0	0	0	0	0	0	0	0	0	0	0	0	0	0	0	0	0	0	0	0	0	0	0	0	0	0	0	0	0	0	0.407	0	0	0	0.24972	0.91508	0	0	0	0	0	0	0	0	0	0	0	0	0	0	0	0	0	0	0	0	0	0	0	0	0	0	0	0	0	0	0	0	0	0	0	0	0	0	0	0	0	0	0	0	0	0	0	0	0	0	0	0	0	0	0	0	0	0	0	0	0	0	0	0	0	0	0	0	0	0	0	0	0	0	0	0	0	0	0.25095	0	0	0	0	0	0	0	0	0	0	0	0	0	0	0	0	0	0	0	0	0	0	0	0	0	0	0	0	0	0	0	0.35025	0.43322	0.34852	0	0	0	0	0	0	0	0	0	0	0	0	0	0	0	0	0	0	0	0.25166	0.54984	0.74623	0.28316	0	0	0	0
0	0	0	0	0	0	0	0	0	0	0	0	0	0	0	0	0	0	0	0	0	0	0	0	0	0	0	0	0	0	0	0	0	0	0	0	0	0	0	0	0	0	0	0	0.5756	0	0	0	0	0	0	0	0	0	0	0	0	0	0	0	0	0	0	0	0	0	0	0	0	0	0	0	0	0	0	0	0	0	0	0	0	0	0	0	0	0	0	0	0	0	0	0	0	0	0	0	0	0	0	0	0	0	0	0	0	0	0	0.2834	0.25685	0.14128	0	0	0	0	0	0	0	0	0	0	0	0	0	0	0	0	0	0	0	0.18051	0	0	0	0	0	0	0	0	0	0	0	0	0	0	0	0	0	0	0	0	0	0	0	0	0	0	0	0	0	0	0	0.30485	0	0	0	0	0	0	0	0	0	0.30556	0	0	0	0	0	0	0	0	0	0	0	0	0	0.27752	0	0	0	0	0
