59878
59878
59879
59880
59881
59881
59882
59883
59883
59884
59885
59885
59886
59887
59888
59888
59889
59890
59890
59891
59892
59892
59893
59894
59895
59895
59896
59897
59897
59898
59899
59899
59900
59901
59902
59902
59903
59904
59904
59905
59906
59906
59907
59908
59909
59909
59910
59911
59911
59912
59913
59913
59914
59915
59916
59916
59917
59918
59918
59919
59920
59920
59921
59922
59923
59923
59924
59925
59925
59926
59927
59927
59928
59929
59930
59930
59931
59932
59932
59933
59934
59934
59935
59936
59937
59937
59938
59939
59939
59940
59941
59941
59942
59943
59944
59944
59945
59946
59946
59947
59948
59948
59949
59950
59951
59951
59952
59953
59953
59954
59955
59955
59956
59957
59958
59958
59959
59960
59960
59961
59962
59962
59963
59964
59965
59965
59966
59967
59967
59968
59969
59969
59970
59971
59972
59972
59973
59974
59974
59975
59976
59976
59977
59978
59979
59979
59980
59981
59981
59982
59983
59983
59984
59985
59986
59986
59987
59988
59988
59989
59990
59990
59991
59992
59993
59993
59994
59995
59995
59996
59997
59997
59998
59999
60000
60000
60001
60002
60002
60003
60004
60004
60005
60006
60007
60007
60008
60009
60009
60010
60011
