13463
13464
13464
13465
13466
13466
13467
13468
13468
13469
13470
13471
13471
13472
13473
13473
13474
13475
13475
13476
13477
13478
13478
13479
13480
13480
13481
13482
13482
13483
13484
13485
13485
13486
13487
13487
13488
13489
13489
13490
13491
13492
13492
13493
13494
13494
13495
13496
13496
13497
13498
13499
13499
13500
13501
13501
13502
13503
13503
13504
13505
13506
13506
13507
13508
13508
13509
13510
13510
13511
13512
13513
13513
13514
13515
13515
13516
13517
13517
13518
13519
13520
13520
13521
13522
13522
13523
13524
13524
13525
13526
13527
13527
13528
13529
13529
13530
13531
13531
13532
13533
13534
13534
13535
13536
13536
13537
13538
13538
13539
13540
13541
13541
13542
13543
13543
13544
13545
13545
13546
13547
13548
13548
13549
13550
13550
13551
13552
13552
13553
13554
13555
13555
13556
13557
13557
13558
13559
13559
13560
13561
13562
13562
13563
13564
13564
13565
13566
13566
13567
13568
13569
13569
13570
13571
13571
13572
13573
13573
13574
13575
13576
13576
13577
13578
13578
13579
13580
13580
13581
13582
13583
13583
13584
13585
13585
13586
13587
13587
13588
13589
13590
13590
13591
13592
13592
13593
13594
13594
13595
13596
13597
13597
13598
13599
13599
13600
13601
13601
13602
13603
13604
13604
13605
13606
13606
13607
13608
13608
13609
13610
13611
13611
13612
13613
13613
13614
13615
13615
13616
13617
13618
13618
13619
13620
13620
13621
13622
13622
13623
13624
13625
13625
13626
13627
