81001
81002
81003
81003
81004
81005
81005
81006
81007
81008
81008
81009
81010
81010
81011
81012
81012
81013
81014
81015
81015
81016
81017
81017
81018
81019
81019
81020
81021
81022
81022
81023
81024
81024
81025
81026
81026
81027
81028
81029
81029
81030
81031
81031
81032
81033
81033
81034
81035
81036
81036
81037
81038
81038
81039
81040
81040
81041
81042
81043
81043
81044
81045
81045
81046
81047
81047
81048
81049
81050
81050
81051
81052
81052
81053
81054
81054
81055
81056
81057
81057
81058
81059
81059
81060
81061
81061
81062
81063
81064
81064
81065
81066
81066
81067
81068
81068
81069
81070
81071
81071
81072
81073
81073
81074
81075
81075
81076
81077
81078
81078
81079
81080
81080
81081
81082
81082
81083
81084
81085
81085
81086
81087
81087
81088
81089
81089
81090
81091
81092
81092
81093
81094
81094
81095
81096
81096
81097
81098
81099
81099
81100
81101
81101
81102
81103
81103
81104
81105
81106
81106
81107
81108
81108
81109
81110
81110
81111
81112
81113
81113
81114
81115
81115
81116
81117
81117
81118
81119
81120
81120
81121
81122
81122
81123
81124
81124
81125
81126
81127
81127
81128
81129
81129
81130
81131
81131
81132
81133
81134
81134
81135
81136
81136
81137
81138
81138
81139
81140
81141
81141
81142
81143
81143
81144
81145
81145
81146
81147
81148
81148
81149
81150
81150
81151
81152
81152
81153
81154
81155
81155
81156
81157
81157
81158
81159
81159
81160
81161
81162
81162
81163
81164
81164
81165
81166
81166
81167
81168
81169
81169
81170
81171
81171
81172
81173
81173
81174
81175
81176
81176
81177
81178
81178
81179
81180
81180
81181
81182
81183
81183
81184
81185
81185
81186
81187
81187
81188
81189
81190
81190
81191
81192
81192
81193
81194
81194
81195
81196
81197
81197
81198
81199
81199
81200
81201
81201
81202
81203
81204
81204
81205
81206
81206
81207
81208
81208
81209
81210
81211
81211
81212
81213
81213
81214
81215
81215
81216
81217
81218
81218
81219
81220
81220
81221
81222
81222
81223
81224
81225
81225
81226
81227
81227
81228
81229
81229
81230
81231
81232
81232
81233
81234
81234
81235
81236
81236
81237
81238
81239
81239
81240
81241
81241
81242
81243
81243
81244
81245
81246
81246
81247
81248
81248
81249
81250
81250
81251
81252
81253
81253
81254
81255
81255
81256
81257
81257
81258
81259
81260
81260
81261
81262
81262
81263
81264
81264
81265
81266
81267
81267
81268
81269
81269
81270
81271
81271
81272
81273
81274
81274
81275
81276
81276
81277
81278
81278
81279
81280
81281
81281
81282
81283
81283
81284
81285
81285
81286
81287
81288
81288
81289
81290
81290
81291
81292
81292
81293
81294
81295
81295
81296
81297
81297
81298
81299
81299
81300
81301
81302
81302
81303
81304
81304
81305
81306
81306
81307
81308
81309
81309
81310
81311
81311
81312
81313
81313
81314
81315
81316
81316
81317
81318
81318
81319
81320
81320
81321
81322
81323
81323
81324
81325
81325
81326
81327
81327
81328
81329
81330
81330
81331
81332
81332
81333
81334
81334
81335
81336
81337
81337
81338
81339
81339
81340
81341
81341
81342
81343
81344
81344
81345
81346
81346
81347
81348
81348
81349
81350
81351
81351
81352
81353
81353
81354
81355
81355
81356
81357
81358
81358
81359
81360
81360
81361
81362
81362
81363
81364
81365
81365
81366
81367
81367
81368
81369
81369
81370
81371
81372
81372
81373
81374
81374
81375
81376
81376
81377
81378
81379
81379
81380
81381
81381
81382
81383
81383
81384
81385
81386
81386
81387
81388
81388
81389
81390
81390
81391
81392
81393
81393
81394
81395
81395
81396
81397
81397
81398
81399
81400
81400
81401
81402
81402
81403
81404
81404
81405
81406
81407
81407
81408
81409
81409
81410
81411
81411
81412
81413
81414
81414
81415
81416
81416
81417
81418
81418
81419
81420
81421
81421
81422
81423
81423
81424
81425
