52512
52513
52514
52514
52515
52516
52517
52517
52518
52519
52519
52520
52521
52521
52522
52523
52524
52524
52525
52526
52526
52527
52528
52528
52529
52530
52531
52531
52532
52533
52533
52534
52535
52535
52536
52537
52538
52538
52539
52540
52540
52541
52542
52542
52543
52544
52545
52545
52546
52547
52547
52548
52549
52549
52550
52551
52552
52552
52553
52554
52554
52555
52556
52556
52557
52558
52559
52559
52560
52561
52561
52562
52563
52563
52564
52565
52566
52566
52567
52568
52568
52569
52570
52570
52571
52572
52573
52573
52574
52575
52575
52576
52577
52577
52578
52579
52580
52580
52581
52582
52582
52583
52584
52584
52585
52586
52587
52587
52588
52589
52589
52590
52591
52591
52592
52593
52594
52594
52595
52596
52596
52597
52598
52598
52599
52600
52601
52601
52602
52603
52603
52604
52605
52605
52606
52607
52608
52608
52609
52610
52610
52611
52612
52612
52613
52614
52615
52615
52616
52617
52617
52618
52619
52619
52620
52621
52622
52622
52623
52624
52624
52625
52626
52626
52627
52628
52629
52629
52630
52631
52631
52632
52633
52633
52634
52635
52636
52636
52637
52638
52638
52639
52640
52640
52641
52642
52643
52643
52644
52645
52645
52646
52647
52647
52648
52649
52650
52650
52651
52652
52652
52653
52654
52654
52655
52656
52657
52657
52658
52659
52659
52660
52661
52661
52662
52663
52664
52664
52665
52666
52666
52667
52668
52668
52669
52670
52671
52671
52672
52673
52673
52674
52675
52675
52676
52677
52678
52678
52679
52680
52680
52681
52682
52682
52683
52684
52685
52685
52686
52687
52687
52688
52689
52689
52690
52691
52692
52692
52693
52694
52694
52695
52696
52696
52697
52698
52699
52699
52700
52701
52701
52702
52703
52703
52704
52705
52706
52706
52707
52708
52708
52709
52710
52710
52711
52712
52713
52713
52714
52715
52715
52716
52717
52717
52718
52719
52720
52720
52721
52722
52722
52723
52724
52724
52725
52726
52727
52727
52728
52729
52729
52730
52731
52731
52732
52733
52734
52734
52735
52736
52736
52737
52738
52738
52739
52740
52741
52741
52742
52743
52743
52744
52745
52745
52746
52747
52748
52748
52749
52750
52750
52751
52752
52752
52753
52754
52755
52755
52756
52757
52757
52758
52759
52759
52760
52761
52762
52762
52763
52764
52764
52765
52766
52766
52767
52768
52769
52769
52770
52771
52771
52772
52773
52773
52774
52775
52776
52776
52777
52778
52778
52779
52780
52780
52781
52782
52783
52783
52784
