53972
53973
53973
53974
53975
53976
53976
53977
53978
53978
53979
53980
53980
53981
53982
53983
53983
53984
53985
53985
53986
53987
53987
53988
53989
53990
53990
53991
53992
53992
53993
53994
53994
53995
53996
53997
53997
53998
53999
53999
54000
54001
54001
54002
54003
54004
54004
54005
54006
54006
54007
54008
54008
54009
54010
54011
54011
54012
54013
54013
54014
54015
54015
54016
54017
54018
54018
54019
54020
54020
54021
54022
54022
54023
54024
54025
54025
54026
54027
54027
54028
54029
54029
54030
54031
54032
54032
54033
54034
54034
54035
54036
54036
54037
54038
54039
54039
54040
54041
54041
54042
54043
54043
54044
54045
54046
54046
54047
54048
54048
54049
54050
54050
54051
54052
54053
54053
54054
54055
54055
54056
54057
54057
54058
54059
54060
54060
54061
54062
54062
54063
54064
54064
54065
54066
54067
54067
54068
54069
54069
54070
54071
54071
54072
54073
54074
54074
54075
54076
54076
54077
54078
54078
54079
54080
54081
54081
54082
54083
54083
54084
54085
54085
54086
54087
54088
54088
54089
54090
54090
54091
54092
54092
54093
54094
54095
54095
54096
54097
54097
54098
54099
54099
