4117.9
4118.6
4119.3
4120
4120.7
4121.4
4122.1
4122.8
4123.5
4124.2
4124.9
4125.6
4126.3
4127
4127.7
4128.4
4129.1
4129.8
4130.5
4131.2
4131.9
4132.6
4133.3
4134
4134.7
4135.4
4136.1
4136.8
4137.5
4138.2
4138.9
4139.6
4140.3
4141
4141.7
4142.4
4143.1
4143.8
4144.5
4145.2
4145.9
4146.6
4147.3
4148
4148.7
4149.4
4150.1
4150.8
4151.5
4152.2
4152.9
4153.6
4154.3
4155
4155.7
4156.4
4157.1
4157.8
4158.5
4159.2
4159.9
4160.6
4161.3
4162
4162.7
4163.4
4164.1
4164.8
4165.5
4166.2
4166.9
4167.6
4168.3
4169
4169.7
4170.4
4171.1
4171.8
4172.5
4173.2
4173.9
4174.6
4175.3
4176
4176.7
4177.4
4178.1
4178.8
4179.5
4180.2
4180.9
4181.6
4182.3
4183
4183.7
4184.4
4185.1
4185.8
4186.5
4187.2
4187.9
4188.6
4189.3
4190
4190.7
4191.4
4192.1
4192.8
4193.5
4194.2
4194.9
4195.6
4196.3
4197
4197.7
4198.4
4199.1
4199.8
4200.5
4201.2
4201.9
4202.6
4203.3
4204
4204.7
4205.4
4206.1
4206.8
4207.5
4208.2
4208.9
4209.6
4210.3
4211
4211.7
4212.4
4213.1
4213.8
4214.5
4215.2
4215.9
4216.6
4217.3
4218
4218.7
4219.4
4220.1
4220.8
4221.5
4222.2
4222.9
4223.6
4224.3
4225
4225.7
4226.4
4227.1
4227.8
4228.5
4229.2
4229.9
4230.6
4231.3
4232
4232.7
4233.4
4234.1
4234.8
4235.5
4236.2
4236.9
4237.6
4238.3
4239
4239.7
4240.4
4241.1
4241.8
4242.5
4243.2
4243.9
4244.6
4245.3
4246
4246.7
4247.4
4248.1
4248.8
4249.5
4250.2
4250.9
4251.6
4252.3
4253
4253.7
4254.4
4255.1
4255.8
4256.5
4257.2
4257.9
4258.6
4259.3
4260
4260.7
4261.4
4262.1
4262.8
4263.5
4264.2
4264.9
4265.6
4266.3
4267
4267.7
4268.4
4269.1
4269.8
4270.5
4271.2
4271.9
4272.6
4273.3
4274
4274.7
4275.4
4276.1
4276.8
4277.5
4278.2
4278.9
4279.6
4280.3
4281
4281.7
4282.4
4283.1
4283.8
4284.5
4285.2
4285.9
4286.6
4287.3
4288
4288.7
4289.4
4290.1
4290.8
4291.5
4292.2
4292.9
4293.6
4294.3
4295
4295.7
4296.4
4297.1
4297.8
4298.5
4299.2
4299.9
4300.6
4301.3
4302
4302.7
4303.4
4304.1
4304.8
4305.5
4306.2
4306.9
4307.6
4308.3
4309
4309.7
4310.4
4311.1
4311.8
4312.5
4313.2
4313.9
4314.6
4315.3
4316
4316.7
4317.4
4318.1
4318.8
4319.5
4320.2
4320.9
4321.6
4322.3
4323
4323.7
4324.4
4325.1
4325.8
4326.5
4327.2
4327.9
4328.6
4329.3
4330
4330.7
4331.4
4332.1
4332.8
4333.5
4334.2
4334.9
4335.6
4336.3
4337
4337.7
4338.4
4339.1
4339.8
4340.5
4341.2
4341.9
4342.6
4343.3
4344
4344.7
4345.4
4346.1
