7334
7334.7
7335.4
7336.1
7336.8
7337.5
7338.2
7338.9
7339.6
7340.3
7341
7341.7
7342.4
7343.1
7343.8
7344.5
7345.2
7345.9
7346.6
7347.3
7348
7348.7
7349.4
7350.1
7350.8
7351.5
7352.2
7352.9
7353.6
7354.3
7355
7355.7
7356.4
7357.1
7357.8
7358.5
7359.2
7359.9
7360.6
7361.3
7362
7362.7
7363.4
7364.1
7364.8
7365.5
7366.2
7366.9
7367.6
7368.3
7369
7369.7
7370.4
7371.1
7371.8
7372.5
7373.2
7373.9
7374.6
7375.3
7376
7376.7
7377.4
7378.1
7378.8
7379.5
7380.2
7380.9
7381.6
7382.3
7383
7383.7
7384.4
7385.1
7385.8
7386.5
7387.2
7387.9
7388.6
7389.3
7390
7390.7
7391.4
7392.1
7392.8
7393.5
7394.2
7394.9
7395.6
7396.3
7397
7397.7
7398.4
7399.1
7399.8
7400.5
7401.2
7401.9
7402.6
7403.3
7404
7404.7
7405.4
7406.1
7406.8
7407.5
7408.2
7408.9
7409.6
7410.3
7411
7411.7
7412.4
7413.1
7413.8
7414.5
7415.2
7415.9
7416.6
7417.3
7418
7418.7
7419.4
7420.1
7420.8
7421.5
7422.2
7422.9
7423.6
7424.3
7425
7425.7
7426.4
7427.1
7427.8
7428.5
7429.2
7429.9
7430.6
7431.3
7432
7432.7
7433.4
7434.1
7434.8
