71666
71666
71667
71668
71668
71669
71670
71671
71671
71672
71673
71673
71674
71675
71675
71676
71677
71678
71678
71679
71680
71680
71681
71682
71682
71683
71684
71685
71685
71686
71687
71687
71688
71689
71689
71690
71691
71692
71692
71693
71694
71694
71695
71696
71696
71697
71698
71699
71699
71700
71701
71701
71702
71703
71703
71704
71705
71706
71706
71707
71708
71708
71709
71710
71710
71711
71712
71713
71713
71714
71715
71715
71716
71717
71717
71718
71719
71720
71720
71721
71722
71722
71723
71724
71724
71725
71726
71727
71727
71728
71729
71729
71730
71731
71731
71732
71733
71734
71734
71735
71736
71736
71737
71738
71738
71739
71740
71741
71741
71742
71743
71743
71744
71745
71745
71746
71747
71748
71748
71749
71750
71750
71751
71752
71752
71753
71754
71755
71755
71756
71757
71757
71758
71759
71759
71760
71761
71762
71762
71763
71764
71764
71765
71766
71766
71767
71768
71769
71769
71770
71771
71771
71772
71773
71773
71774
71775
71776
71776
71777
71778
71778
71779
71780
71780
71781
71782
71783
71783
71784
71785
71785
71786
71787
71787
71788
71789
71790
71790
71791
71792
71792
71793
71794
71794
71795
71796
71797
71797
71798
71799
71799
71800
71801
71801
71802
71803
71804
71804
71805
71806
71806
71807
71808
71808
71809
71810
71811
71811
71812
71813
71813
71814
71815
71815
71816
