79600
79601
79601
79602
79603
79603
79604
79605
79606
79606
79607
79608
79608
79609
79610
79610
79611
79612
79613
79613
79614
79615
79615
79616
79617
79617
79618
79619
79620
79620
79621
79622
79622
79623
79624
79624
79625
79626
79627
79627
79628
79629
79629
79630
79631
79631
79632
79633
79634
79634
79635
79636
79636
79637
79638
79638
79639
79640
79641
79641
79642
79643
79643
79644
79645
79645
79646
79647
79648
79648
79649
79650
79650
79651
79652
79652
79653
79654
79655
79655
79656
79657
79657
79658
79659
79659
79660
79661
79662
79662
79663
79664
79664
79665
79666
79666
79667
79668
79669
