7321.7
7322.4
7323.1
7323.8
7324.5
7325.2
7325.9
7326.6
7327.3
7328
7328.7
7329.4
7330.1
7330.8
7331.5
7332.2
7332.9
7333.6
7334.3
7335
7335.7
7336.4
7337.1
7337.8
7338.5
7339.2
7339.9
7340.6
7341.3
7342
7342.7
7343.4
7344.1
7344.8
7345.5
7346.2
7346.9
7347.6
7348.3
7349
7349.7
7350.4
7351.1
7351.8
7352.5
7353.2
7353.9
7354.6
7355.3
7356
7356.7
7357.4
7358.1
7358.8
7359.5
7360.2
7360.9
7361.6
7362.3
7363
7363.7
7364.4
7365.1
7365.8
7366.5
7367.2
7367.9
7368.6
7369.3
7370
7370.7
7371.4
7372.1
7372.8
7373.5
7374.2
7374.9
7375.6
7376.3
7377
7377.7
7378.4
7379.1
7379.8
7380.5
7381.2
7381.9
7382.6
7383.3
7384
7384.7
7385.4
7386.1
7386.8
7387.5
7388.2
7388.9
7389.6
7390.3
7391
7391.7
7392.4
7393.1
7393.8
7394.5
7395.2
7395.9
7396.6
7397.3
7398
7398.7
7399.4
7400.1
7400.8
7401.5
7402.2
7402.9
7403.6
7404.3
7405
7405.7
7406.4
7407.1
7407.8
7408.5
7409.2
7409.9
7410.6
7411.3
7412
7412.7
7413.4
7414.1
7414.8
7415.5
7416.2
7416.9
7417.6
7418.3
7419
7419.7
7420.4
7421.1
7421.8
7422.5
7423.2
7423.9
7424.6
7425.3
7426
7426.7
7427.4
7428.1
7428.8
7429.5
7430.2
7430.9
7431.6
7432.3
7433
7433.7
7434.4
7435.1
7435.8
7436.5
7437.2
7437.9
7438.6
7439.3
7440
7440.7
