60474
60474
60475
60476
60476
60477
60478
60479
60479
60480
60481
60481
60482
60483
60483
60484
60485
60486
60486
60487
60488
60488
60489
60490
60490
60491
60492
60493
60493
60494
60495
60495
60496
60497
60497
60498
60499
60500
60500
60501
60502
60502
60503
60504
60504
60505
60506
60507
60507
60508
60509
60509
60510
60511
60511
60512
60513
60514
60514
60515
60516
60516
60517
60518
60518
60519
60520
60521
60521
60522
60523
60523
60524
60525
60525
60526
60527
60528
60528
60529
60530
60530
60531
60532
60532
60533
60534
60535
60535
60536
60537
60537
60538
60539
60539
60540
60541
60542
60542
60543
60544
60544
60545
60546
60546
60547
60548
60549
60549
60550
60551
60551
60552
60553
60553
60554
60555
60556
60556
60557
60558
60558
60559
