3568.6
3569.3
3570
3570.7
3571.4
3572.1
3572.8
3573.5
3574.2
3574.9
3575.6
3576.3
3577
3577.7
3578.4
3579.1
3579.8
3580.5
3581.2
3581.9
3582.6
3583.3
3584
3584.7
3585.4
3586.1
3586.8
3587.5
3588.2
3588.9
3589.6
3590.3
3591
3591.7
3592.4
3593.1
3593.8
3594.5
3595.2
3595.9
3596.6
3597.3
3598
3598.7
3599.4
3600.1
3600.8
3601.5
3602.2
3602.9
3603.6
3604.3
3605
3605.7
3606.4
3607.1
3607.8
3608.5
3609.2
3609.9
3610.6
3611.3
3612
3612.7
3613.4
3614.1
3614.8
3615.5
3616.2
3616.9
3617.6
3618.3
3619
3619.7
3620.4
3621.1
3621.8
3622.5
3623.2
3623.9
3624.6
3625.3
3626
3626.7
3627.4
3628.1
3628.8
3629.5
3630.2
3630.9
3631.6
3632.3
3633
3633.7
3634.4
3635.1
3635.8
3636.5
3637.2
3637.9
3638.6
3639.3
3640
3640.7
3641.4
3642.1
3642.8
3643.5
3644.2
3644.9
3645.6
3646.3
3647
3647.7
3648.4
3649.1
3649.8
3650.5
3651.2
3651.9
3652.6
3653.3
3654
3654.7
3655.4
3656.1
3656.8
3657.5
3658.2
3658.9
3659.6
3660.3
3661
3661.7
3662.4
3663.1
3663.8
3664.5
3665.2
3665.9
3666.6
3667.3
3668
3668.7
3669.4
3670.1
3670.8
3671.5
3672.2
3672.9
3673.6
3674.3
3675
3675.7
3676.4
3677.1
3677.8
3678.5
3679.2
3679.9
3680.6
3681.3
3682
3682.7
3683.4
3684.1
3684.8
3685.5
3686.2
3686.9
3687.6
3688.3
3689
3689.7
3690.4
3691.1
3691.8
3692.5
3693.2
3693.9
3694.6
3695.3
3696
3696.7
3697.4
3698.1
3698.8
3699.5
3700.2
3700.9
3701.6
3702.3
3703
3703.7
3704.4
3705.1
3705.8
3706.5
3707.2
3707.9
3708.6
3709.3
3710
3710.7
3711.4
3712.1
3712.8
3713.5
3714.2
3714.9
3715.6
3716.3
3717
3717.7
3718.4
3719.1
3719.8
3720.5
3721.2
3721.9
3722.6
3723.3
3724
3724.7
3725.4
3726.1
3726.8
3727.5
