4987.4
4988.1
4988.8
4989.5
4990.2
4990.9
4991.6
4992.3
4993
4993.7
4994.4
4995.1
4995.8
4996.5
4997.2
4997.9
4998.6
4999.3
5000
5000.7
5001.4
5002.1
5002.8
5003.5
5004.2
5004.9
5005.6
5006.3
5007
5007.7
5008.4
5009.1
5009.8
5010.5
5011.2
5011.9
5012.6
5013.3
5014
5014.7
5015.4
5016.1
5016.8
5017.5
5018.2
5018.9
5019.6
5020.3
5021
5021.7
5022.4
5023.1
5023.8
5024.5
5025.2
5025.9
5026.6
5027.3
5028
5028.7
5029.4
5030.1
5030.8
5031.5
5032.2
5032.9
5033.6
5034.3
5035
5035.7
5036.4
5037.1
5037.8
5038.5
5039.2
5039.9
5040.6
5041.3
5042
5042.7
5043.4
5044.1
5044.8
5045.5
5046.2
5046.9
5047.6
5048.3
5049
5049.7
5050.4
5051.1
5051.8
5052.5
5053.2
5053.9
5054.6
5055.3
5056
5056.7
5057.4
5058.1
5058.8
5059.5
5060.2
5060.9
5061.6
5062.3
5063
5063.7
5064.4
5065.1
5065.8
5066.5
5067.2
5067.9
5068.6
5069.3
5070
5070.7
5071.4
5072.1
5072.8
5073.5
5074.2
5074.9
5075.6
5076.3
5077
5077.7
5078.4
5079.1
5079.8
5080.5
5081.2
5081.9
5082.6
5083.3
5084
5084.7
5085.4
5086.1
5086.8
5087.5
5088.2
5088.9
5089.6
5090.3
5091
5091.7
5092.4
5093.1
5093.8
5094.5
5095.2
5095.9
5096.6
5097.3
5098
5098.7
5099.4
5100.1
5100.8
5101.5
5102.2
5102.9
5103.6
5104.3
5105
5105.7
5106.4
5107.1
5107.8
5108.5
5109.2
5109.9
5110.6
5111.3
5112
5112.7
5113.4
5114.1
5114.8
5115.5
5116.2
5116.9
5117.6
5118.3
5119
5119.7
5120.4
5121.1
5121.8
5122.5
5123.2
5123.9
5124.6
5125.3
5126
5126.7
5127.4
5128.1
5128.8
5129.5
5130.2
5130.9
5131.6
5132.3
5133
5133.7
5134.4
5135.1
5135.8
5136.5
5137.2
5137.9
5138.6
5139.3
5140
5140.7
5141.4
5142.1
5142.8
5143.5
5144.2
5144.9
5145.6
5146.3
5147
5147.7
5148.4
5149.1
5149.8
5150.5
5151.2
5151.9
5152.6
5153.3
5154
5154.7
5155.4
5156.1
5156.8
5157.5
5158.2
5158.9
5159.6
5160.3
5161
5161.7
5162.4
5163.1
5163.8
5164.5
5165.2
5165.9
5166.6
5167.3
5168
5168.7
5169.4
5170.1
5170.8
5171.5
5172.2
5172.9
5173.6
5174.3
5175
5175.7
5176.4
5177.1
5177.8
5178.5
5179.2
5179.9
5180.6
5181.3
5182
5182.7
5183.4
5184.1
5184.8
5185.5
5186.2
5186.9
5187.6
5188.3
5189
5189.7
5190.4
5191.1
5191.8
5192.5
5193.2
5193.9
5194.6
5195.3
5196
5196.7
5197.4
5198.1
5198.8
5199.5
5200.2
5200.9
5201.6
5202.3
5203
5203.7
5204.4
5205.1
5205.8
5206.5
5207.2
5207.9
5208.6
5209.3
5210
5210.7
5211.4
5212.1
5212.8
5213.5
5214.2
5214.9
5215.6
5216.3
5217
5217.7
5218.4
5219.1
5219.8
5220.5
5221.2
5221.9
5222.6
5223.3
5224
5224.7
5225.4
5226.1
5226.8
5227.5
5228.2
5228.9
5229.6
5230.3
5231
5231.7
5232.4
5233.1
5233.8
5234.5
5235.2
5235.9
5236.6
5237.3
5238
5238.7
5239.4
5240.1
5240.8
5241.5
5242.2
5242.9
5243.6
5244.3
5245
5245.7
5246.4
5247.1
5247.8
5248.5
5249.2
5249.9
5250.6
5251.3
5252
5252.7
5253.4
5254.1
5254.8
5255.5
5256.2
5256.9
5257.6
5258.3
5259
5259.7
5260.4
5261.1
5261.8
5262.5
5263.2
5263.9
5264.6
5265.3
5266
5266.7
5267.4
5268.1
5268.8
5269.5
5270.2
5270.9
5271.6
5272.3
5273
5273.7
5274.4
5275.1
5275.8
5276.5
5277.2
5277.9
5278.6
5279.3
5280
5280.7
5281.4
5282.1
5282.8
5283.5
5284.2
5284.9
5285.6
5286.3
5287
5287.7
5288.4
5289.1
5289.8
5290.5
5291.2
5291.9
5292.6
5293.3
5294
5294.7
5295.4
5296.1
5296.8
5297.5
5298.2
5298.9
5299.6
5300.3
5301
5301.7
5302.4
5303.1
5303.8
5304.5
5305.2
5305.9
5306.6
5307.3
5308
5308.7
5309.4
5310.1
5310.8
5311.5
5312.2
5312.9
5313.6
5314.3
5315
5315.7
5316.4
5317.1
5317.8
5318.5
5319.2
5319.9
5320.6
5321.3
5322
5322.7
5323.4
5324.1
5324.8
5325.5
5326.2
5326.9
5327.6
5328.3
5329
5329.7
5330.4
5331.1
5331.8
5332.5
5333.2
5333.9
5334.6
5335.3
5336
5336.7
5337.4
