49600
49600
49601
49602
49602
49603
49604
49604
49605
49606
49607
49607
49608
49609
49609
49610
49611
49611
49612
49613
49614
49614
49615
49616
49616
49617
49618
49618
49619
49620
49621
49621
49622
49623
49623
49624
49625
49625
49626
49627
49628
49628
49629
49630
49630
49631
49632
49632
49633
49634
49635
49635
49636
49637
49637
49638
49639
49639
49640
49641
49642
49642
49643
49644
49644
49645
49646
49646
49647
49648
49649
49649
49650
49651
49651
49652
49653
49653
49654
49655
49656
49656
49657
49658
49658
49659
49660
49660
49661
49662
49663
49663
49664
49665
49665
49666
49667
49667
49668
49669
49670
49670
49671
49672
49672
49673
49674
49674
49675
49676
49677
49677
49678
49679
49679
49680
49681
49681
49682
49683
49684
49684
49685
49686
49686
49687
49688
49688
49689
49690
49691
49691
49692
49693
49693
49694
49695
49695
49696
49697
49698
49698
49699
49700
49700
49701
49702
49702
49703
49704
49705
49705
49706
49707
49707
49708
49709
49709
49710
49711
49712
49712
49713
49714
49714
49715
49716
49716
49717
49718
49719
49719
49720
49721
49721
49722
49723
49723
49724
49725
49726
49726
49727
49728
49728
49729
49730
49730
49731
49732
49733
49733
49734
49735
49735
49736
49737
49737
49738
49739
49740
49740
49741
49742
49742
49743
49744
49744
49745
49746
49747
49747
49748
49749
49749
49750
49751
49751
49752
49753
49754
49754
49755
49756
49756
49757
49758
49758
49759
49760
49761
49761
49762
49763
49763
49764
49765
49765
49766
49767
49768
49768
49769
49770
49770
49771
49772
49772
49773
49774
49775
49775
49776
49777
49777
49778
49779
49779
49780
49781
49782
49782
49783
49784
49784
49785
49786
49786
49787
49788
49789
49789
49790
49791
49791
49792
49793
49793
49794
49795
49796
49796
49797
49798
49798
49799
49800
49800
49801
49802
49803
49803
49804
49805
49805
49806
49807
49807
49808
49809
49810
49810
49811
49812
49812
49813
49814
49814
49815
49816
49817
49817
49818
49819
49819
49820
49821
49821
49822
49823
49824
49824
49825
49826
49826
49827
49828
49828
49829
49830
49831
49831
49832
49833
49833
49834
49835
49835
49836
49837
49838
49838
49839
49840
49840
49841
49842
49842
49843
49844
49845
49845
49846
49847
49847
49848
49849
49849
49850
49851
49852
49852
49853
49854
49854
49855
49856
49856
49857
49858
49859
49859
49860
49861
49861
49862
49863
49863
