74634
74634
74635
74636
74637
74637
74638
74639
74639
74640
74641
74641
74642
74643
74644
74644
74645
74646
74646
74647
74648
74648
74649
74650
74651
74651
74652
74653
74653
74654
74655
74655
74656
74657
74658
74658
74659
74660
74660
74661
74662
74662
74663
74664
74665
74665
74666
74667
74667
74668
74669
74669
74670
74671
74672
74672
74673
74674
74674
74675
74676
74676
74677
74678
74679
74679
74680
74681
74681
74682
74683
74683
74684
74685
74686
74686
74687
74688
74688
74689
74690
74690
74691
74692
74693
74693
74694
74695
74695
74696
74697
74697
74698
74699
74700
74700
74701
74702
74702
74703
74704
74704
74705
74706
74707
74707
74708
74709
74709
74710
74711
74711
74712
74713
74714
74714
74715
74716
74716
74717
74718
74718
74719
74720
74721
74721
74722
74723
74723
74724
74725
74725
74726
74727
74728
74728
74729
74730
74730
74731
74732
74732
74733
74734
74735
74735
74736
74737
74737
74738
74739
74739
74740
74741
74742
74742
74743
74744
74744
74745
74746
74746
74747
74748
74749
74749
74750
74751
74751
74752
74753
74753
74754
74755
74756
74756
74757
74758
74758
74759
74760
74760
74761
74762
74763
74763
74764
74765
74765
74766
74767
74767
74768
74769
74770
74770
74771
74772
74772
74773
74774
74774
74775
74776
74777
74777
74778
74779
74779
74780
74781
74781
74782
74783
74784
74784
74785
74786
74786
74787
74788
74788
74789
74790
74791
74791
74792
74793
74793
74794
74795
74795
74796
74797
74798
74798
74799
74800
74800
74801
74802
74802
74803
74804
74805
74805
74806
74807
74807
74808
74809
74809
74810
74811
74812
74812
74813
74814
74814
74815
74816
74816
74817
74818
74819
74819
74820
74821
74821
74822
74823
74823
74824
74825
74826
74826
74827
74828
74828
74829
74830
74830
74831
74832
74833
74833
74834
74835
74835
74836
74837
74837
74838
74839
74840
74840
74841
74842
74842
74843
74844
74844
74845
74846
74847
74847
74848
74849
74849
74850
74851
74851
74852
74853
74854
74854
74855
74856
74856
74857
74858
74858
74859
74860
74861
74861
74862
74863
74863
74864
74865
74865
74866
74867
74868
74868
74869
74870
74870
74871
74872
74872
74873
74874
74875
74875
74876
74877
74877
74878
74879
74879
74880
74881
74882
74882
74883
74884
74884
74885
74886
74886
74887
74888
74889
74889
74890
74891
74891
74892
74893
74893
74894
74895
74896
74896
74897
74898
74898
74899
74900
74900
74901
74902
74903
74903
74904
74905
74905
74906
74907
74907
74908
74909
74910
74910
74911
74912
74912
74913
