65237
65238
65239
65239
65240
65241
65242
65242
65243
65244
65244
65245
65246
65246
65247
65248
65249
65249
65250
65251
65251
65252
65253
65253
65254
65255
65256
65256
65257
65258
65258
65259
65260
65260
65261
65262
65263
65263
65264
65265
65265
65266
65267
65267
65268
65269
65270
65270
65271
65272
65272
65273
65274
65274
65275
65276
65277
65277
65278
65279
65279
65280
65281
65281
65282
65283
65284
65284
65285
65286
65286
65287
65288
65288
65289
65290
65291
65291
65292
65293
65293
65294
65295
65295
65296
65297
65298
65298
65299
65300
65300
65301
65302
65302
65303
65304
65305
65305
65306
65307
65307
65308
65309
65309
65310
65311
65312
65312
65313
65314
65314
65315
65316
65316
65317
65318
65319
65319
65320
65321
65321
65322
65323
65323
65324
65325
65326
65326
65327
65328
65328
65329
65330
65330
65331
65332
65333
65333
65334
65335
65335
65336
65337
65337
65338
65339
65340
65340
65341
65342
65342
65343
65344
65344
65345
65346
65347
65347
65348
65349
65349
65350
65351
65351
65352
65353
65354
65354
65355
65356
65356
65357
65358
65358
65359
65360
65361
65361
65362
65363
65363
65364
65365
65365
65366
65367
65368
65368
65369
65370
65370
65371
65372
65372
65373
65374
65375
65375
65376
65377
65377
65378
65379
65379
65380
65381
65382
65382
65383
65384
65384
65385
65386
65386
65387
65388
65389
65389
65390
65391
65391
65392
65393
65393
65394
65395
65396
65396
65397
65398
65398
65399
65400
65400
65401
65402
65403
65403
65404
65405
65405
65406
65407
65407
65408
65409
65410
65410
65411
65412
65412
65413
65414
65414
65415
65416
65417
65417
65418
65419
65419
65420
65421
65421
65422
65423
65424
65424
65425
65426
65426
65427
65428
65428
65429
65430
65431
65431
65432
65433
65433
65434
65435
65435
65436
65437
65438
65438
65439
65440
65440
65441
65442
65442
65443
65444
65445
65445
65446
65447
65447
65448
65449
65449
65450
65451
65452
65452
65453
65454
65454
65455
65456
65456
65457
65458
65459
65459
65460
65461
65461
65462
65463
65463
65464
65465
65466
65466
65467
65468
65468
65469
65470
65470
65471
65472
65473
65473
65474
65475
65475
65476
65477
65477
65478
65479
65480
65480
65481
65482
65482
65483
65484
65484
65485
65486
65487
65487
65488
65489
65489
65490
65491
65491
