59184
59184
59185
59186
59187
59187
59188
59189
59189
59190
59191
59191
59192
59193
59194
59194
59195
59196
59196
59197
59198
59198
59199
59200
59201
59201
59202
59203
59203
59204
59205
59205
59206
59207
59208
59208
59209
59210
59210
59211
59212
59212
59213
59214
59215
59215
59216
59217
59217
59218
59219
59219
59220
59221
59222
59222
59223
59224
59224
59225
59226
59226
59227
59228
59229
59229
59230
59231
59231
59232
59233
59233
59234
59235
59236
59236
59237
59238
59238
59239
59240
59240
59241
59242
59243
59243
59244
59245
59245
59246
59247
59247
59248
59249
59250
59250
59251
59252
59252
59253
59254
59254
59255
59256
59257
59257
59258
59259
59259
59260
59261
59261
59262
59263
59264
59264
59265
59266
59266
59267
59268
59268
59269
59270
59271
59271
59272
59273
59273
59274
59275
59275
59276
59277
59278
59278
59279
59280
59280
59281
59282
59282
59283
59284
59285
59285
59286
59287
59287
59288
59289
59289
59290
59291
59292
59292
59293
59294
59294
59295
59296
59296
59297
59298
59299
59299
59300
59301
59301
59302
59303
59303
59304
59305
59306
59306
59307
59308
59308
59309
59310
59310
59311
59312
59313
59313
59314
59315
59315
59316
59317
59317
59318
59319
59320
59320
59321
59322
59322
59323
59324
59324
59325
59326
59327
59327
59328
59329
59329
59330
59331
59331
59332
59333
59334
59334
59335
59336
59336
59337
59338
59338
59339
59340
59341
59341
59342
59343
59343
59344
59345
59345
59346
59347
59348
59348
59349
59350
59350
59351
59352
59352
59353
59354
59355
59355
59356
59357
59357
59358
59359
59359
59360
59361
59362
59362
59363
59364
59364
59365
59366
59366
59367
59368
59369
59369
59370
59371
59371
59372
59373
59373
59374
59375
59376
59376
59377
59378
59378
