59829
59830
59831
59831
59832
59833
59833
59834
59835
59836
59836
59837
59838
59838
59839
59840
59840
59841
59842
59843
59843
59844
59845
59845
59846
59847
59847
59848
59849
59850
59850
59851
59852
59852
59853
59854
59854
59855
59856
59857
59857
59858
59859
59859
59860
59861
59861
59862
59863
59864
59864
59865
59866
59866
59867
59868
59868
59869
59870
59871
59871
59872
59873
59873
59874
59875
59875
59876
59877
59878
59878
59879
59880
59880
59881
59882
59882
59883
59884
59885
59885
59886
59887
59887
59888
59889
59889
59890
59891
59892
59892
59893
59894
59894
59895
59896
59896
59897
59898
59899
59899
59900
59901
59901
59902
59903
59903
59904
59905
59906
59906
59907
59908
59908
59909
59910
59910
59911
59912
59913
59913
59914
59915
59915
59916
59917
59917
59918
59919
59920
59920
59921
59922
59922
59923
59924
59924
59925
59926
59927
59927
59928
59929
59929
59930
59931
59931
59932
59933
59934
59934
59935
59936
59936
59937
59938
59938
59939
59940
59941
59941
59942
59943
59943
59944
59945
59945
59946
59947
59948
59948
59949
59950
59950
59951
59952
59952
59953
59954
59955
59955
59956
59957
59957
59958
59959
59959
59960
59961
59962
59962
59963
59964
59964
59965
59966
59966
59967
