64209
64210
64210
64211
64212
64213
64213
64214
64215
64215
64216
64217
64217
64218
64219
64220
64220
64221
64222
64222
64223
64224
64224
64225
64226
64227
64227
64228
64229
64229
64230
64231
64231
64232
64233
64234
64234
64235
64236
64236
64237
64238
64238
64239
64240
64241
64241
64242
64243
64243
64244
64245
64245
64246
64247
64248
64248
64249
64250
64250
64251
64252
64252
64253
64254
64255
64255
64256
64257
64257
64258
64259
64259
64260
64261
64262
64262
64263
64264
64264
64265
64266
64266
64267
64268
64269
64269
64270
64271
64271
64272
64273
64273
64274
64275
64276
64276
64277
64278
64278
64279
64280
64280
64281
64282
64283
64283
64284
64285
64285
64286
64287
64287
64288
64289
64290
64290
64291
64292
64292
64293
64294
64294
64295
64296
64297
64297
64298
64299
64299
64300
64301
64301
64302
64303
64304
64304
64305
64306
64306
64307
64308
64308
64309
64310
64311
64311
64312
64313
64313
64314
64315
