1495.3
1496
1496.7
1497.4
1498.1
1498.8
1499.5
1500.2
1500.9
1501.6
1502.3
1503
1503.7
1504.4
1505.1
1505.8
1506.5
1507.2
1507.9
1508.6
1509.3
1510
1510.7
1511.4
1512.1
1512.8
1513.5
1514.2
1514.9
1515.6
1516.3
1517
1517.7
1518.4
1519.1
1519.8
1520.5
1521.2
1521.9
1522.6
1523.3
1524
1524.7
1525.4
1526.1
1526.8
1527.5
1528.2
1528.9
1529.6
1530.3
1531
1531.7
1532.4
1533.1
1533.8
1534.5
1535.2
1535.9
1536.6
1537.3
1538
1538.7
1539.4
1540.1
1540.8
1541.5
1542.2
1542.9
1543.6
1544.3
1545
1545.7
1546.4
1547.1
1547.8
1548.5
1549.2
1549.9
1550.6
1551.3
1552
1552.7
1553.4
1554.1
1554.8
1555.5
1556.2
1556.9
1557.6
1558.3
1559
1559.7
1560.4
1561.1
1561.8
1562.5
1563.2
1563.9
1564.6
1565.3
1566
1566.7
1567.4
1568.1
1568.8
1569.5
1570.2
1570.9
1571.6
1572.3
1573
1573.7
1574.4
1575.1
1575.8
1576.5
1577.2
1577.9
1578.6
1579.3
1580
1580.7
1581.4
1582.1
1582.8
1583.5
1584.2
1584.9
1585.6
1586.3
1587
1587.7
1588.4
1589.1
1589.8
1590.5
1591.2
1591.9
1592.6
1593.3
1594
1594.7
1595.4
1596.1
1596.8
1597.5
1598.2
1598.9
1599.6
1600.3
1601
1601.7
1602.4
1603.1
1603.8
1604.5
1605.2
1605.9
1606.6
1607.3
1608
1608.7
1609.4
1610.1
1610.8
1611.5
1612.2
1612.9
1613.6
1614.3
1615
1615.7
1616.4
1617.1
1617.8
1618.5
1619.2
1619.9
1620.6
1621.3
1622
1622.7
1623.4
1624.1
1624.8
1625.5
1626.2
1626.9
1627.6
1628.3
1629
1629.7
1630.4
1631.1
1631.8
1632.5
1633.2
1633.9
1634.6
1635.3
1636
1636.7
1637.4
1638.1
1638.8
1639.5
1640.2
1640.9
1641.6
1642.3
1643
1643.7
1644.4
1645.1
1645.8
1646.5
1647.2
1647.9
1648.6
1649.3
1650
1650.7
1651.4
1652.1
1652.8
1653.5
1654.2
1654.9
1655.6
1656.3
1657
1657.7
1658.4
1659.1
1659.8
1660.5
1661.2
1661.9
1662.6
1663.3
1664
1664.7
1665.4
1666.1
1666.8
1667.5
1668.2
1668.9
1669.6
1670.3
1671
1671.7
1672.4
1673.1
1673.8
1674.5
1675.2
1675.9
1676.6
1677.3
1678
1678.7
1679.4
1680.1
1680.8
1681.5
1682.2
1682.9
1683.6
1684.3
1685
1685.7
1686.4
1687.1
1687.8
1688.5
1689.2
1689.9
1690.6
1691.3
1692
1692.7
1693.4
1694.1
1694.8
1695.5
1696.2
1696.9
1697.6
1698.3
1699
1699.7
1700.4
1701.1
1701.8
1702.5
1703.2
1703.9
1704.6
1705.3
1706
1706.7
1707.4
1708.1
1708.8
1709.5
1710.2
1710.9
1711.6
1712.3
1713
1713.7
1714.4
1715.1
1715.8
1716.5
1717.2
1717.9
1718.6
1719.3
1720
1720.7
1721.4
1722.1
1722.8
1723.5
1724.2
1724.9
1725.6
1726.3
1727
1727.7
1728.4
1729.1
1729.8
1730.5
1731.2
1731.9
1732.6
1733.3
1734
1734.7
1735.4
1736.1
1736.8
1737.5
1738.2
1738.9
1739.6
1740.3
1741
1741.7
1742.4
1743.1
1743.8
1744.5
1745.2
1745.9
1746.6
1747.3
1748
1748.7
1749.4
1750.1
1750.8
1751.5
1752.2
1752.9
1753.6
1754.3
1755
1755.7
1756.4
1757.1
1757.8
1758.5
1759.2
1759.9
1760.6
1761.3
1762
1762.7
1763.4
1764.1
1764.8
1765.5
1766.2
1766.9
1767.6
1768.3
1769
1769.7
1770.4
1771.1
1771.8
1772.5
1773.2
1773.9
1774.6
1775.3
1776
1776.7
1777.4
1778.1
1778.8
1779.5
1780.2
1780.9
1781.6
1782.3
1783
1783.7
1784.4
1785.1
1785.8
1786.5
1787.2
1787.9
1788.6
1789.3
1790
1790.7
1791.4
1792.1
1792.8
1793.5
1794.2
1794.9
1795.6
1796.3
1797
1797.7
1798.4
1799.1
1799.8
1800.5
1801.2
1801.9
1802.6
1803.3
1804
1804.7
1805.4
1806.1
1806.8
1807.5
1808.2
1808.9
1809.6
1810.3
1811
1811.7
1812.4
1813.1
1813.8
1814.5
1815.2
1815.9
1816.6
1817.3
1818
1818.7
1819.4
1820.1
1820.8
1821.5
1822.2
1822.9
1823.6
1824.3
1825
1825.7
1826.4
1827.1
1827.8
1828.5
1829.2
1829.9
1830.6
1831.3
1832
1832.7
1833.4
1834.1
1834.8
1835.5
1836.2
1836.9
1837.6
1838.3
1839
1839.7
1840.4
1841.1
1841.8
1842.5
1843.2
1843.9
1844.6
1845.3
1846
1846.7
1847.4
1848.1
1848.8
1849.5
1850.2
1850.9
1851.6
1852.3
1853
1853.7
1854.4
1855.1
1855.8
1856.5
1857.2
1857.9
1858.6
1859.3
1860
1860.7
1861.4
1862.1
1862.8
1863.5
1864.2
1864.9
1865.6
1866.3
1867
1867.7
1868.4
1869.1
1869.8
1870.5
1871.2
1871.9
1872.6
1873.3
1874
1874.7
1875.4
1876.1
1876.8
1877.5
1878.2
1878.9
1879.6
1880.3
