82463
82464
82464
82465
82466
82466
82467
82468
82469
82469
82470
82471
82471
82472
82473
82473
82474
82475
82476
82476
82477
82478
82478
82479
82480
82480
82481
82482
82483
82483
82484
82485
82485
82486
82487
82487
82488
82489
82490
82490
82491
82492
82492
82493
82494
82494
82495
82496
82497
82497
82498
82499
82499
82500
82501
82501
82502
82503
82504
82504
82505
82506
82506
82507
82508
82508
82509
82510
82511
82511
82512
82513
82513
82514
82515
82515
82516
82517
82518
82518
82519
82520
82520
82521
82522
82522
82523
82524
82525
82525
82526
82527
82527
82528
82529
82529
82530
82531
82532
82532
82533
82534
82534
82535
82536
82536
82537
82538
82539
82539
82540
82541
82541
82542
82543
82543
82544
82545
82546
82546
82547
82548
82548
82549
82550
82550
82551
82552
82553
82553
82554
82555
82555
82556
82557
82557
82558
82559
82560
82560
82561
82562
82562
82563
82564
82564
82565
82566
82567
82567
82568
82569
82569
82570
82571
82571
82572
82573
82574
82574
82575
82576
82576
82577
82578
82578
82579
82580
82581
82581
82582
82583
82583
82584
82585
82585
82586
82587
82588
82588
82589
82590
82590
82591
82592
82592
82593
82594
82595
82595
82596
82597
82597
82598
82599
82599
82600
82601
82602
82602
82603
82604
82604
82605
82606
82606
82607
82608
82609
82609
82610
82611
82611
82612
82613
82613
82614
82615
82616
82616
82617
82618
82618
82619
82620
82620
82621
82622
82623
82623
82624
82625
82625
82626
82627
82627
82628
82629
82630
82630
82631
82632
82632
82633
82634
82634
82635
82636
82637
82637
82638
82639
82639
82640
82641
82641
82642
82643
82644
82644
82645
82646
82646
82647
82648
82648
82649
82650
82651
82651
82652
82653
82653
82654
82655
82655
82656
82657
82658
82658
82659
82660
82660
82661
82662
82662
82663
82664
82665
82665
82666
82667
82667
82668
82669
82669
82670
82671
82672
82672
82673
82674
82674
82675
82676
82676
82677
82678
