75231
75232
75233
75233
75234
75235
75236
75236
75237
75238
75238
75239
75240
75240
75241
75242
75243
75243
75244
75245
75245
75246
75247
75247
75248
75249
75250
75250
75251
75252
75252
75253
75254
75254
75255
75256
75257
75257
75258
75259
75259
75260
75261
75261
75262
75263
75264
75264
75265
75266
75266
75267
75268
75268
75269
75270
75271
75271
75272
75273
75273
75274
75275
75275
75276
75277
75278
75278
75279
75280
75280
75281
75282
75282
75283
75284
75285
75285
75286
75287
75287
75288
75289
75289
75290
75291
75292
75292
75293
75294
75294
75295
75296
75296
75297
75298
75299
75299
75300
75301
75301
75302
75303
75303
75304
75305
75306
75306
75307
75308
75308
75309
75310
75310
75311
75312
75313
75313
75314
75315
75315
75316
75317
75317
75318
75319
75320
75320
75321
75322
75322
75323
75324
75324
75325
75326
75327
75327
75328
75329
75329
75330
75331
75331
75332
75333
75334
75334
75335
75336
75336
75337
75338
75338
75339
75340
75341
75341
75342
75343
