84161
84162
84162
84163
84164
84164
84165
84166
84166
84167
84168
84169
84169
84170
84171
84171
84172
84173
84173
84174
84175
84176
84176
84177
84178
84178
84179
84180
84180
84181
84182
84183
84183
84184
84185
84185
84186
84187
84187
84188
84189
84190
84190
84191
84192
84192
84193
84194
84194
84195
84196
84197
84197
84198
84199
84199
84200
84201
84201
84202
84203
84204
84204
84205
84206
84206
84207
84208
84208
84209
84210
84211
84211
84212
84213
84213
84214
84215
84215
84216
84217
84218
84218
84219
84220
84220
84221
84222
84222
84223
84224
84225
84225
84226
84227
84227
84228
84229
84229
84230
84231
84232
84232
84233
84234
84234
84235
84236
84236
84237
84238
84239
84239
84240
84241
84241
84242
84243
84243
84244
84245
84246
84246
84247
84248
84248
84249
84250
84250
84251
84252
84253
84253
84254
84255
84255
84256
84257
84257
84258
84259
84260
84260
84261
84262
84262
84263
84264
84264
84265
84266
84267
84267
84268
84269
84269
84270
84271
84271
84272
84273
84274
84274
84275
84276
84276
84277
84278
84278
84279
84280
84281
84281
84282
84283
84283
84284
84285
84285
84286
84287
84288
84288
84289
84290
84290
84291
84292
84292
84293
84294
84295
84295
84296
84297
84297
84298
84299
84299
84300
84301
84302
84302
84303
84304
84304
84305
84306
84306
84307
84308
84309
84309
84310
84311
84311
84312
84313
84313
84314
84315
84316
84316
84317
84318
84318
84319
84320
84320
84321
84322
84323
84323
84324
84325
84325
84326
84327
84327
84328
84329
84330
84330
84331
84332
84332
84333
84334
84334
84335
84336
84337
84337
84338
84339
84339
84340
84341
84341
84342
84343
84344
84344
84345
84346
84346
84347
84348
84348
84349
84350
84351
84351
84352
84353
84353
84354
84355
84355
84356
84357
84358
84358
84359
84360
84360
84361
84362
84362
84363
84364
84365
84365
84366
84367
84367
84368
84369
84369
84370
84371
84372
84372
84373
84374
84374
84375
84376
84376
84377
84378
84379
84379
84380
84381
84381
84382
84383
84383
84384
84385
84386
84386
84387
84388
84388
84389
84390
84390
84391
84392
84393
84393
84394
84395
84395
84396
84397
84397
84398
84399
84400
84400
84401
84402
84402
84403
84404
84404
84405
84406
84407
84407
84408
84409
84409
84410
84411
84411
84412
84413
84414
84414
84415
84416
84416
84417
84418
84418
84419
84420
84421
84421
84422
84423
84423
84424
84425
84425
84426
84427
84428
84428
84429
84430
84430
84431
84432
84432
84433
84434
84435
84435
84436
84437
84437
84438
84439
84439
84440
84441
84442
84442
84443
84444
84444
84445
84446
84446
84447
84448
84449
84449
84450
84451
84451
84452
84453
84453
84454
84455
84456
84456
84457
84458
84458
84459
84460
84460
84461
84462
84463
84463
84464
84465
84465
84466
84467
84467
84468
84469
84470
84470
84471
84472
84472
84473
84474
84474
84475
84476
84477
84477
84478
84479
84479
84480
84481
84481
84482
84483
84484
84484
84485
84486
84486
84487
84488
84488
84489
84490
84491
84491
84492
84493
84493
84494
84495
84495
84496
84497
84498
84498
84499
84500
84500
84501
84502
84502
84503
84504
84505
84505
84506
84507
84507
84508
84509
84509
84510
84511
84512
84512
84513
84514
84514
84515
84516
84516
84517
84518
84519
84519
84520
84521
84521
84522
84523
84523
84524
84525
84526
84526
84527
84528
84528
84529
84530
84530
84531
84532
84533
84533
84534
84535
84535
84536
84537
84537
84538
84539
84540
84540
84541
84542
84542
84543
84544
84544
84545
84546
84547
84547
84548
84549
84549
84550
84551
84551
84552
84553
84554
84554
84555
84556
84556
84557
84558
84558
84559
84560
84561
84561
84562
84563
84563
84564
84565
84565
84566
84567
84568
84568
