43319
43320
43320
43321
43322
43323
43323
43324
43325
43325
43326
43327
43327
43328
43329
43330
43330
43331
43332
43332
43333
43334
43334
43335
43336
43337
43337
43338
43339
43339
43340
43341
43341
43342
43343
43344
43344
43345
43346
43346
43347
43348
43348
43349
43350
43351
43351
43352
43353
43353
43354
43355
43355
43356
43357
43358
43358
43359
43360
43360
43361
43362
43362
43363
43364
43365
43365
43366
43367
43367
43368
43369
43369
43370
43371
43372
43372
43373
43374
43374
43375
43376
43376
43377
43378
43379
43379
43380
43381
43381
43382
43383
43383
43384
43385
43386
43386
43387
43388
43388
43389
43390
43390
43391
43392
43393
43393
43394
43395
43395
43396
43397
43397
43398
43399
43400
43400
43401
43402
43402
43403
43404
43404
43405
43406
43407
43407
43408
43409
43409
43410
43411
43411
43412
43413
43414
43414
43415
43416
43416
43417
43418
43418
43419
43420
43421
43421
43422
43423
43423
43424
43425
43425
43426
43427
43428
43428
43429
43430
43430
43431
43432
43432
43433
43434
43435
43435
43436
43437
43437
43438
43439
43439
43440
43441
43442
43442
43443
43444
43444
43445
43446
43446
43447
43448
43449
43449
43450
43451
43451
43452
43453
43453
43454
43455
43456
43456
43457
43458
43458
43459
43460
43460
43461
43462
43463
43463
43464
43465
43465
43466
43467
43467
43468
43469
43470
43470
43471
43472
43472
43473
43474
43474
43475
43476
43477
43477
43478
43479
43479
43480
43481
43481
43482
43483
43484
43484
43485
43486
43486
43487
43488
43488
43489
43490
43491
43491
43492
43493
43493
43494
43495
43495
43496
43497
43498
43498
43499
43500
43500
43501
43502
43502
43503
43504
43505
43505
43506
43507
43507
43508
43509
43509
43510
43511
43512
43512
43513
43514
43514
43515
43516
43516
43517
43518
43519
43519
43520
43521
43521
43522
43523
43523
43524
43525
43526
43526
43527
43528
43528
43529
43530
43530
43531
43532
43533
43533
43534
43535
43535
43536
43537
43537
43538
43539
43540
43540
43541
43542
43542
43543
43544
43544
43545
43546
43547
43547
43548
43549
43549
43550
43551
43551
43552
43553
43554
43554
43555
43556
43556
43557
43558
43558
43559
43560
43561
43561
43562
43563
43563
43564
43565
43565
43566
43567
43568
43568
43569
43570
43570
43571
43572
43572
43573
43574
43575
43575
43576
43577
43577
43578
