3618.2
3618.9
3619.6
3620.3
3621
3621.7
3622.4
3623.1
3623.8
3624.5
3625.2
3625.9
3626.6
3627.3
3628
3628.7
3629.4
3630.1
3630.8
3631.5
3632.2
3632.9
3633.6
3634.3
3635
3635.7
3636.4
3637.1
3637.8
3638.5
3639.2
3639.9
3640.6
3641.3
3642
3642.7
3643.4
3644.1
3644.8
3645.5
3646.2
3646.9
3647.6
3648.3
3649
3649.7
3650.4
3651.1
3651.8
3652.5
3653.2
3653.9
3654.6
3655.3
3656
3656.7
3657.4
3658.1
3658.8
3659.5
3660.2
3660.9
3661.6
3662.3
3663
3663.7
3664.4
3665.1
3665.8
3666.5
3667.2
3667.9
3668.6
3669.3
3670
3670.7
3671.4
3672.1
3672.8
3673.5
3674.2
3674.9
3675.6
3676.3
3677
3677.7
3678.4
3679.1
3679.8
3680.5
3681.2
3681.9
3682.6
3683.3
3684
3684.7
3685.4
3686.1
3686.8
3687.5
3688.2
3688.9
3689.6
3690.3
3691
3691.7
3692.4
3693.1
3693.8
3694.5
3695.2
3695.9
3696.6
3697.3
3698
3698.7
3699.4
3700.1
3700.8
3701.5
3702.2
3702.9
3703.6
3704.3
3705
3705.7
3706.4
3707.1
3707.8
3708.5
3709.2
3709.9
3710.6
3711.3
3712
3712.7
3713.4
3714.1
3714.8
3715.5
3716.2
3716.9
3717.6
3718.3
3719
3719.7
3720.4
3721.1
3721.8
3722.5
3723.2
3723.9
3724.6
3725.3
3726
3726.7
3727.4
3728.1
3728.8
3729.5
3730.2
3730.9
3731.6
3732.3
3733
3733.7
3734.4
3735.1
3735.8
3736.5
3737.2
3737.9
3738.6
3739.3
3740
3740.7
3741.4
3742.1
3742.8
3743.5
3744.2
3744.9
3745.6
3746.3
3747
3747.7
3748.4
3749.1
3749.8
3750.5
3751.2
3751.9
3752.6
3753.3
3754
3754.7
3755.4
3756.1
3756.8
3757.5
3758.2
3758.9
3759.6
3760.3
3761
3761.7
3762.4
3763.1
3763.8
3764.5
3765.2
3765.9
3766.6
3767.3
3768
3768.7
3769.4
3770.1
3770.8
3771.5
3772.2
3772.9
3773.6
3774.3
3775
3775.7
3776.4
3777.1
3777.8
3778.5
3779.2
3779.9
3780.6
3781.3
3782
3782.7
3783.4
3784.1
3784.8
3785.5
3786.2
3786.9
3787.6
3788.3
3789
3789.7
3790.4
3791.1
3791.8
3792.5
3793.2
3793.9
3794.6
3795.3
3796
3796.7
3797.4
3798.1
3798.8
3799.5
3800.2
3800.9
3801.6
3802.3
3803
3803.7
3804.4
3805.1
3805.8
3806.5
3807.2
3807.9
3808.6
3809.3
3810
3810.7
3811.4
3812.1
3812.8
3813.5
3814.2
3814.9
3815.6
3816.3
3817
3817.7
3818.4
3819.1
3819.8
3820.5
3821.2
3821.9
3822.6
3823.3
3824
3824.7
3825.4
3826.1
3826.8
3827.5
3828.2
3828.9
3829.6
3830.3
3831
3831.7
3832.4
3833.1
3833.8
3834.5
3835.2
3835.9
3836.6
3837.3
3838
3838.7
3839.4
3840.1
3840.8
3841.5
3842.2
3842.9
3843.6
3844.3
3845
3845.7
3846.4
3847.1
3847.8
3848.5
3849.2
3849.9
3850.6
3851.3
3852
3852.7
3853.4
3854.1
3854.8
3855.5
3856.2
3856.9
3857.6
3858.3
3859
3859.7
3860.4
3861.1
3861.8
3862.5
3863.2
3863.9
3864.6
3865.3
3866
3866.7
3867.4
3868.1
3868.8
3869.5
3870.2
3870.9
3871.6
3872.3
3873
3873.7
3874.4
3875.1
3875.8
3876.5
3877.2
3877.9
3878.6
3879.3
3880
3880.7
3881.4
3882.1
3882.8
3883.5
3884.2
3884.9
3885.6
3886.3
3887
3887.7
3888.4
3889.1
3889.8
3890.5
3891.2
3891.9
3892.6
3893.3
3894
3894.7
3895.4
3896.1
3896.8
3897.5
3898.2
3898.9
3899.6
3900.3
3901
3901.7
3902.4
3903.1
3903.8
3904.5
3905.2
3905.9
3906.6
3907.3
3908
3908.7
3909.4
3910.1
3910.8
3911.5
3912.2
3912.9
3913.6
3914.3
3915
3915.7
3916.4
3917.1
3917.8
3918.5
3919.2
3919.9
3920.6
3921.3
3922
3922.7
3923.4
3924.1
3924.8
3925.5
3926.2
3926.9
3927.6
3928.3
3929
3929.7
3930.4
3931.1
3931.8
3932.5
3933.2
3933.9
3934.6
3935.3
3936
3936.7
3937.4
3938.1
3938.8
3939.5
3940.2
3940.9
3941.6
3942.3
3943
3943.7
3944.4
3945.1
3945.8
3946.5
3947.2
3947.9
3948.6
3949.3
3950
3950.7
3951.4
3952.1
3952.8
3953.5
3954.2
3954.9
3955.6
3956.3
3957
3957.7
3958.4
3959.1
3959.8
3960.5
3961.2
3961.9
3962.6
3963.3
3964
3964.7
3965.4
3966.1
3966.8
3967.5
3968.2
3968.9
3969.6
3970.3
3971
3971.7
3972.4
3973.1
3973.8
3974.5
3975.2
3975.9
3976.6
3977.3
3978
3978.7
3979.4
3980.1
3980.8
3981.5
3982.2
3982.9
3983.6
3984.3
3985
3985.7
3986.4
3987.1
3987.8
3988.5
3989.2
3989.9
3990.6
3991.3
3992
3992.7
3993.4
3994.1
3994.8
3995.5
3996.2
3996.9
3997.6
3998.3
3999
3999.7
