67394
67395
67396
67396
67397
67398
67399
67399
67400
67401
67401
67402
67403
67403
67404
67405
67406
67406
67407
67408
67408
67409
67410
67410
67411
67412
67413
67413
67414
67415
67415
67416
67417
67417
67418
67419
67420
67420
67421
67422
67422
67423
67424
67424
67425
67426
67427
67427
67428
67429
67429
67430
67431
67431
67432
67433
67434
67434
67435
67436
67436
67437
67438
67438
67439
67440
67441
67441
67442
67443
67443
67444
67445
67445
67446
67447
67448
67448
67449
67450
67450
67451
67452
67452
67453
67454
67455
67455
67456
67457
67457
67458
67459
67459
67460
67461
67462
67462
67463
67464
67464
67465
67466
67466
67467
67468
67469
67469
67470
67471
67471
67472
67473
67473
67474
67475
67476
67476
67477
67478
67478
67479
67480
67480
67481
67482
67483
67483
67484
67485
67485
67486
67487
67487
67488
67489
67490
67490
67491
67492
67492
67493
67494
67494
67495
67496
67497
67497
67498
67499
67499
67500
67501
67501
67502
67503
67504
67504
67505
67506
67506
67507
67508
67508
67509
67510
67511
67511
67512
67513
67513
67514
67515
67515
67516
67517
67518
67518
67519
67520
67520
67521
67522
67522
67523
67524
67525
67525
67526
67527
67527
67528
67529
67529
67530
67531
67532
67532
67533
67534
67534
67535
67536
67536
67537
67538
67539
67539
67540
67541
67541
67542
67543
67543
67544
67545
67546
67546
67547
67548
67548
67549
67550
67550
67551
67552
67553
67553
67554
67555
67555
67556
67557
67557
67558
67559
67560
67560
67561
67562
67562
67563
67564
67564
67565
67566
67567
67567
67568
67569
67569
67570
67571
67571
67572
67573
67574
67574
67575
67576
67576
67577
67578
67578
67579
67580
67581
67581
67582
67583
67583
67584
67585
67585
67586
67587
67588
67588
67589
67590
67590
67591
67592
67592
67593
67594
67595
67595
67596
67597
67597
67598
67599
67599
67600
67601
67602
67602
67603
67604
67604
67605
67606
67606
67607
67608
67609
67609
67610
67611
67611
67612
67613
67613
67614
67615
67616
67616
67617
67618
67618
67619
67620
67620
67621
67622
67623
67623
67624
67625
67625
67626
67627
67627
67628
67629
67630
67630
67631
67632
67632
67633
67634
67634
67635
67636
67637
67637
67638
67639
67639
67640
67641
67641
67642
67643
67644
67644
67645
67646
67646
67647
67648
67648
67649
67650
67651
67651
67652
67653
67653
67654
67655
67655
67656
67657
67658
67658
67659
67660
67660
67661
67662
67662
67663
67664
67665
67665
67666
67667
67667
67668
67669
67669
67670
67671
67672
67672
67673
67674
67674
67675
67676
67676
67677
67678
67679
67679
67680
67681
67681
67682
67683
67683
67684
67685
67686
67686
67687
67688
67688
67689
67690
67690
67691
67692
67693
67693
67694
67695
67695
67696
67697
67697
67698
67699
67700
67700
67701
67702
67702
67703
67704
67704
67705
67706
67707
67707
67708
67709
67709
67710
67711
67711
67712
67713
67714
67714
67715
67716
67716
67717
67718
67718
67719
67720
67721
67721
67722
67723
67723
67724
67725
67725
67726
67727
67728
67728
