84736
84737
84737
84738
84739
84739
84740
84741
84742
84742
84743
84744
84744
84745
84746
84746
84747
84748
84749
84749
84750
84751
84751
84752
84753
84753
84754
84755
84756
84756
84757
84758
84758
84759
84760
84760
84761
84762
84763
84763
84764
84765
84765
84766
84767
84767
84768
84769
84770
84770
84771
84772
84772
84773
84774
84774
84775
84776
84777
84777
84778
84779
84779
84780
84781
84781
84782
84783
84784
84784
84785
84786
84786
84787
84788
84788
84789
84790
84791
84791
84792
84793
84793
84794
84795
84795
84796
84797
84798
84798
84799
84800
84800
84801
84802
84802
84803
84804
84805
84805
84806
84807
84807
84808
84809
84809
84810
84811
84812
84812
84813
84814
84814
84815
84816
84816
84817
84818
84819
84819
84820
84821
84821
84822
84823
84823
84824
84825
84826
84826
84827
84828
84828
84829
84830
84830
84831
84832
84833
84833
84834
84835
84835
84836
84837
84837
84838
84839
84840
84840
84841
84842
84842
84843
84844
84844
84845
84846
84847
84847
84848
84849
84849
84850
84851
84851
84852
84853
84854
84854
84855
84856
84856
84857
84858
84858
84859
84860
84861
84861
84862
84863
84863
84864
84865
84865
84866
84867
84868
84868
84869
84870
84870
84871
84872
84872
84873
84874
84875
84875
84876
84877
84877
84878
84879
84879
84880
84881
84882
84882
84883
84884
84884
84885
84886
84886
84887
84888
84889
84889
84890
84891
84891
84892
84893
84893
84894
84895
84896
84896
84897
84898
84898
84899
84900
84900
84901
84902
84903
84903
84904
84905
84905
84906
84907
84907
84908
84909
84910
84910
84911
84912
84912
84913
84914
84914
84915
84916
84917
84917
84918
84919
84919
84920
84921
84921
84922
84923
84924
84924
84925
84926
84926
84927
84928
84928
84929
84930
84931
84931
84932
84933
84933
84934
84935
84935
84936
84937
84938
84938
84939
84940
84940
84941
84942
84942
84943
84944
84945
84945
84946
84947
84947
84948
84949
84949
84950
84951
84952
84952
84953
84954
84954
84955
84956
84956
84957
84958
84959
84959
84960
84961
84961
84962
84963
84963
84964
84965
84966
84966
84967
84968
84968
84969
84970
84970
84971
84972
84973
84973
84974
84975
84975
84976
84977
84977
84978
84979
84980
84980
84981
84982
84982
84983
84984
84984
84985
84986
84987
84987
84988
84989
84989
84990
84991
84991
84992
84993
84994
84994
84995
84996
84996
84997
84998
84998
84999
85000
85001
85001
85002
85003
85003
85004
85005
85005
85006
85007
85008
85008
85009
85010
85010
85011
85012
85012
85013
85014
85015
85015
85016
85017
85017
85018
85019
85019
85020
85021
85022
85022
85023
85024
85024
85025
85026
85026
85027
85028
85029
85029
85030
85031
85031
85032
85033
85033
85034
85035
85036
85036
85037
85038
85038
85039
85040
85040
85041
85042
85043
85043
85044
85045
85045
85046
85047
85047
85048
85049
85050
85050
85051
85052
85052
85053
85054
85054
85055
85056
85057
85057
85058
85059
85059
85060
85061
85061
85062
85063
85064
85064
85065
85066
85066
85067
85068
85068
85069
85070
85071
85071
85072
85073
85073
85074
85075
85075
85076
85077
85078
85078
85079
85080
85080
85081
85082
85082
85083
85084
85085
85085
85086
85087
85087
85088
85089
85089
85090
85091
85092
85092
85093
85094
85094
85095
85096
85096
85097
85098
85099
85099
85100
85101
85101
85102
85103
85103
85104
85105
85106
85106
85107
85108
85108
85109
85110
85110
85111
85112
85113
85113
85114
85115
85115
85116
85117
85117
85118
85119
85120
85120
85121
85122
85122
85123
85124
85124
85125
85126
85127
85127
85128
85129
85129
85130
85131
85131
85132
85133
85134
85134
85135
85136
85136
85137
85138
85138
85139
85140
85141
85141
85142
85143
85143
85144
85145
85145
85146
85147
85148
85148
85149
85150
85150
85151
85152
85152
85153
85154
85155
85155
85156
85157
85157
85158
85159
85159
85160
85161
85162
85162
85163
85164
85164
