80257
80258
80258
80259
80260
80260
80261
80262
80263
80263
80264
80265
80265
80266
80267
80267
80268
80269
80270
80270
80271
80272
80272
80273
80274
80274
80275
80276
80277
80277
80278
80279
80279
80280
80281
80281
80282
80283
80284
80284
80285
80286
80286
80287
80288
80288
80289
80290
80291
80291
80292
80293
80293
80294
80295
80295
80296
80297
80298
80298
80299
80300
80300
80301
80302
80302
80303
80304
80305
80305
80306
80307
80307
80308
80309
80309
80310
80311
80312
80312
80313
80314
80314
80315
80316
80316
80317
80318
80319
80319
80320
80321
80321
80322
80323
80323
80324
80325
80326
80326
80327
80328
80328
80329
80330
80330
80331
80332
80333
80333
80334
80335
80335
80336
80337
80337
80338
80339
80340
80340
80341
80342
80342
80343
80344
80344
80345
80346
80347
80347
80348
80349
80349
80350
80351
80351
80352
80353
80354
80354
80355
80356
80356
80357
80358
80358
80359
80360
80361
80361
80362
80363
80363
80364
80365
80365
80366
80367
80368
80368
80369
80370
80370
80371
80372
80372
80373
80374
80375
80375
80376
80377
80377
80378
80379
80379
80380
80381
80382
80382
80383
80384
80384
80385
80386
80386
80387
80388
80389
80389
80390
80391
80391
80392
80393
80393
80394
80395
80396
80396
80397
80398
80398
80399
80400
80400
80401
80402
80403
80403
80404
80405
80405
80406
80407
80407
80408
80409
80410
80410
80411
80412
80412
80413
80414
80414
80415
80416
80417
80417
80418
80419
80419
80420
80421
80421
80422
80423
80424
80424
80425
80426
80426
80427
80428
80428
80429
80430
80431
80431
80432
80433
80433
80434
80435
80435
80436
80437
80438
80438
80439
80440
80440
80441
80442
80442
80443
80444
80445
80445
80446
80447
80447
80448
80449
80449
80450
80451
80452
80452
80453
80454
80454
80455
80456
80456
80457
80458
80459
80459
80460
80461
80461
80462
80463
80463
80464
80465
80466
80466
80467
80468
80468
80469
80470
80470
80471
80472
80473
80473
80474
80475
80475
80476
80477
80477
80478
80479
80480
80480
80481
80482
80482
80483
80484
80484
80485
80486
80487
80487
80488
80489
80489
80490
80491
80491
80492
80493
80494
80494
80495
80496
80496
80497
80498
80498
80499
80500
80501
80501
80502
80503
80503
80504
80505
80505
80506
80507
80508
80508
80509
80510
80510
80511
80512
80512
80513
80514
80515
80515
80516
80517
80517
80518
80519
80519
80520
80521
80522
80522
80523
80524
80524
80525
80526
80526
80527
80528
80529
80529
80530
80531
80531
80532
80533
80533
80534
80535
80536
80536
80537
80538
80538
80539
80540
80540
80541
80542
80543
80543
80544
80545
80545
80546
80547
80547
80548
80549
80550
80550
80551
80552
80552
80553
80554
80554
80555
80556
80557
80557
80558
80559
80559
80560
80561
80561
80562
80563
80564
80564
80565
80566
80566
80567
80568
80568
80569
80570
80571
80571
80572
80573
80573
80574
80575
80575
80576
80577
80578
80578
80579
80580
80580
80581
80582
80582
80583
80584
80585
80585
80586
80587
80587
80588
80589
80589
80590
80591
80592
80592
80593
80594
80594
80595
80596
80596
80597
80598
80599
80599
80600
80601
80601
80602
80603
80603
80604
80605
80606
80606
80607
80608
80608
80609
80610
80610
80611
80612
80613
80613
80614
80615
80615
80616
80617
80617
80618
80619
80620
80620
80621
80622
80622
80623
80624
80624
80625
80626
80627
80627
80628
80629
80629
80630
80631
80631
80632
80633
80634
80634
80635
80636
80636
80637
80638
80638
80639
80640
80641
80641
80642
80643
80643
80644
80645
80645
80646
80647
80648
80648
80649
80650
80650
80651
80652
80652
80653
80654
80655
80655
80656
80657
80657
80658
80659
80659
80660
80661
80662
80662
80663
80664
80664
80665
80666
80666
80667
80668
80669
80669
80670
80671
80671
80672
80673
80673
80674
