48997
48998
48999
48999
49000
49001
49001
49002
49003
49004
49004
49005
49006
49006
49007
49008
49008
49009
49010
49011
49011
49012
49013
49013
49014
49015
49015
49016
49017
49018
49018
49019
49020
49020
49021
49022
49022
49023
49024
49025
49025
49026
49027
49027
49028
49029
49029
49030
49031
49032
49032
49033
49034
49034
49035
49036
49036
49037
49038
49039
49039
49040
49041
49041
49042
49043
49043
49044
49045
49046
49046
49047
49048
49048
49049
49050
49050
49051
49052
49053
49053
49054
49055
49055
49056
49057
49057
49058
49059
49060
49060
49061
49062
49062
49063
49064
49064
49065
49066
49067
49067
49068
49069
49069
49070
49071
49071
49072
49073
49074
49074
49075
49076
49076
49077
49078
49078
49079
49080
49081
49081
49082
49083
49083
49084
49085
49085
49086
49087
49088
49088
49089
49090
49090
49091
49092
49092
49093
49094
49095
49095
49096
49097
49097
49098
49099
49099
49100
49101
49102
49102
49103
49104
49104
49105
49106
49106
49107
49108
49109
49109
49110
49111
49111
49112
49113
49113
49114
49115
49116
49116
49117
49118
49118
49119
49120
49120
49121
49122
49123
49123
49124
49125
49125
49126
49127
49127
49128
49129
49130
49130
49131
49132
49132
49133
49134
49134
49135
49136
49137
49137
49138
49139
49139
49140
49141
49141
49142
49143
49144
49144
49145
49146
49146
49147
49148
49148
49149
49150
49151
49151
49152
49153
49153
49154
49155
49155
49156
49157
49158
49158
49159
49160
49160
49161
49162
49162
49163
49164
49165
49165
49166
49167
49167
49168
49169
49169
49170
49171
49172
49172
49173
49174
49174
49175
49176
49176
49177
49178
49179
49179
49180
49181
49181
49182
49183
49183
49184
49185
49186
49186
49187
49188
49188
49189
49190
49190
49191
49192
49193
49193
49194
49195
49195
49196
49197
49197
49198
49199
49200
49200
49201
49202
49202
49203
49204
49204
49205
49206
49207
49207
49208
49209
49209
49210
49211
49211
49212
49213
49214
49214
49215
49216
49216
49217
49218
49218
49219
49220
49221
49221
49222
49223
49223
49224
49225
49225
49226
49227
49228
49228
49229
49230
49230
49231
49232
49232
49233
49234
49235
49235
49236
49237
49237
49238
49239
49239
49240
49241
49242
49242
49243
49244
49244
49245
49246
49246
49247
49248
49249
49249
49250
49251
