70016
70017
70018
70018
70019
70020
70020
70021
70022
70023
70023
70024
70025
70025
70026
70027
70027
70028
70029
70030
70030
70031
70032
70032
70033
70034
70034
70035
70036
70037
70037
70038
70039
70039
70040
70041
70041
70042
70043
70044
70044
70045
70046
70046
70047
70048
70048
70049
70050
70051
70051
70052
70053
70053
70054
70055
70055
70056
70057
70058
70058
70059
70060
70060
70061
70062
70062
70063
70064
70065
70065
70066
70067
70067
70068
70069
70069
70070
70071
70072
70072
70073
70074
70074
70075
70076
70076
70077
70078
70079
70079
70080
70081
70081
70082
70083
70083
70084
70085
70086
70086
70087
70088
70088
70089
70090
70090
70091
70092
70093
70093
70094
70095
70095
70096
70097
70097
70098
70099
70100
70100
70101
70102
70102
70103
70104
70104
70105
70106
70107
70107
70108
70109
70109
70110
70111
70111
70112
70113
70114
70114
70115
70116
70116
70117
70118
70118
70119
70120
70121
70121
70122
70123
70123
70124
70125
70125
70126
70127
70128
70128
70129
70130
70130
70131
70132
70132
70133
70134
70135
70135
70136
70137
70137
70138
70139
70139
70140
70141
70142
70142
70143
70144
70144
70145
70146
70146
70147
70148
70149
70149
70150
70151
70151
70152
70153
70153
70154
70155
70156
70156
70157
70158
70158
70159
70160
70160
70161
70162
70163
70163
70164
70165
70165
70166
70167
70167
70168
70169
70170
70170
70171
70172
70172
70173
70174
70174
70175
70176
70177
70177
70178
70179
70179
70180
70181
70181
70182
70183
70184
70184
70185
70186
70186
