16634
16635
16635
16636
16637
16638
16638
16639
16640
16640
16641
16642
16642
16643
16644
16645
16645
16646
16647
16647
16648
16649
16649
16650
16651
16652
16652
16653
16654
16654
16655
16656
16656
16657
16658
16659
16659
16660
16661
16661
16662
16663
16663
16664
16665
16666
16666
16667
16668
16668
16669
16670
16670
16671
16672
16673
16673
16674
16675
16675
16676
16677
16677
16678
16679
16680
16680
16681
16682
16682
16683
16684
16684
16685
16686
16687
16687
16688
16689
16689
16690
16691
16691
16692
16693
16694
16694
16695
16696
16696
16697
16698
16698
16699
16700
16701
16701
16702
16703
16703
16704
16705
16705
16706
16707
16708
16708
16709
16710
16710
16711
16712
16712
16713
16714
16715
16715
16716
16717
16717
16718
16719
16719
16720
16721
16722
16722
16723
16724
16724
16725
16726
16726
16727
16728
16729
16729
16730
16731
16731
16732
16733
16733
16734
16735
16736
16736
16737
16738
16738
16739
16740
16740
16741
16742
16743
16743
16744
16745
16745
16746
16747
16747
16748
16749
16750
16750
16751
16752
16752
16753
16754
16754
16755
16756
16757
16757
16758
16759
16759
16760
16761
16761
16762
16763
16764
16764
16765
16766
16766
16767
16768
16768
16769
16770
16771
16771
16772
16773
16773
16774
16775
16775
16776
16777
16778
16778
16779
16780
16780
16781
16782
16782
16783
16784
16785
16785
16786
16787
16787
16788
16789
16789
16790
16791
16792
16792
16793
16794
