55546
55547
55548
55548
55549
55550
55550
55551
55552
55553
55553
55554
55555
55555
55556
55557
55557
55558
55559
55560
55560
55561
55562
55562
55563
55564
55564
55565
55566
55567
55567
55568
55569
55569
55570
55571
55571
55572
55573
55574
55574
55575
55576
55576
55577
55578
55578
55579
55580
55581
55581
55582
55583
55583
55584
55585
55585
55586
55587
55588
55588
55589
55590
55590
55591
55592
55592
55593
55594
55595
55595
55596
55597
55597
55598
55599
55599
55600
55601
55602
55602
55603
55604
55604
55605
55606
55606
55607
55608
55609
55609
55610
55611
55611
55612
55613
55613
55614
55615
55616
55616
55617
55618
55618
55619
55620
55620
55621
55622
55623
55623
55624
55625
55625
55626
55627
55627
55628
55629
55630
55630
55631
55632
55632
55633
55634
55634
55635
55636
55637
55637
55638
55639
55639
55640
55641
55641
55642
55643
55644
55644
55645
55646
55646
55647
55648
55648
55649
55650
55651
55651
55652
55653
55653
55654
55655
55655
55656
55657
55658
55658
55659
55660
55660
55661
55662
55662
55663
55664
55665
55665
55666
55667
55667
55668
55669
55669
55670
55671
55672
55672
55673
55674
55674
55675
55676
55676
55677
55678
55679
55679
55680
55681
55681
55682
55683
55683
55684
55685
55686
55686
55687
55688
55688
55689
55690
55690
55691
55692
55693
55693
55694
55695
55695
55696
55697
55697
55698
55699
55700
55700
55701
55702
55702
55703
55704
55704
55705
55706
55707
55707
55708
55709
55709
55710
55711
55711
55712
55713
55714
55714
55715
55716
55716
55717
55718
55718
55719
55720
55721
55721
55722
55723
55723
55724
55725
55725
55726
55727
55728
55728
55729
55730
55730
55731
55732
55732
55733
55734
55735
55735
