59900
59901
59902
59902
59903
59904
59905
59905
59906
59907
59907
59908
59909
59909
59910
59911
59912
59912
59913
59914
59914
59915
59916
59916
59917
59918
59919
59919
59920
59921
59921
59922
59923
59923
59924
59925
59926
59926
59927
59928
59928
59929
59930
59930
59931
59932
59933
59933
59934
59935
59935
59936
59937
59937
59938
59939
59940
59940
59941
59942
59942
59943
59944
59944
59945
59946
59947
59947
59948
59949
59949
59950
59951
59951
59952
59953
59954
59954
59955
59956
59956
59957
59958
59958
59959
59960
59961
59961
59962
59963
59963
59964
59965
59965
59966
59967
59968
59968
59969
59970
59970
59971
59972
59972
59973
59974
59975
59975
59976
59977
59977
59978
59979
59979
59980
59981
59982
59982
59983
59984
59984
59985
59986
59986
59987
59988
59989
59989
59990
59991
59991
59992
59993
59993
59994
59995
59996
59996
59997
59998
59998
59999
60000
60000
60001
60002
60003
60003
60004
60005
60005
60006
60007
60007
60008
60009
60010
60010
60011
60012
60012
60013
60014
60014
60015
60016
60017
60017
60018
60019
60019
60020
60021
60021
60022
60023
60024
60024
60025
60026
60026
60027
60028
60028
60029
60030
60031
60031
60032
60033
60033
60034
60035
60035
60036
60037
60038
60038
60039
60040
60040
60041
60042
60042
60043
60044
60045
60045
60046
60047
60047
60048
60049
60049
60050
60051
60052
60052
60053
60054
60054
60055
60056
60056
60057
60058
60059
60059
60060
60061
60061
60062
60063
60063
60064
60065
60066
60066
60067
60068
60068
60069
60070
60070
60071
60072
60073
60073
60074
60075
60075
60076
60077
60077
60078
60079
60080
60080
60081
60082
60082
60083
60084
60084
60085
60086
60087
60087
60088
60089
60089
60090
60091
60091
60092
60093
60094
60094
60095
60096
60096
60097
60098
60098
60099
60100
60101
60101
60102
60103
60103
60104
60105
60105
60106
60107
60108
60108
60109
60110
60110
60111
60112
60112
60113
60114
60115
60115
60116
60117
60117
60118
60119
60119
60120
60121
60122
60122
60123
60124
60124
60125
60126
60126
60127
60128
60129
60129
60130
60131
60131
60132
60133
60133
60134
60135
60136
60136
60137
60138
60138
60139
60140
60140
60141
60142
60143
60143
60144
60145
60145
60146
60147
60147
60148
60149
60150
60150
60151
60152
60152
60153
60154
60154
60155
60156
60157
60157
60158
60159
60159
60160
60161
60161
60162
60163
60164
60164
60165
60166
60166
60167
60168
60168
60169
60170
60171
60171
60172
60173
60173
60174
60175
60175
60176
60177
60178
60178
60179
60180
60180
60181
60182
60182
60183
60184
60185
60185
60186
60187
60187
60188
60189
60189
60190
60191
60192
60192
60193
60194
60194
60195
60196
60196
60197
60198
60199
60199
60200
60201
60201
60202
60203
60203
60204
60205
60206
60206
60207
60208
60208
60209
60210
60210
60211
60212
60213
60213
60214
60215
60215
60216
60217
60217
60218
60219
60220
60220
60221
60222
60222
60223
60224
60224
60225
60226
60227
60227
60228
60229
60229
60230
60231
60231
60232
60233
60234
60234
60235
60236
60236
60237
60238
60238
60239
60240
60241
60241
60242
60243
60243
60244
60245
60245
60246
60247
60248
60248
60249
60250
60250
60251
60252
60252
60253
60254
60255
60255
60256
60257
60257
60258
60259
60259
60260
60261
60262
60262
60263
60264
60264
60265
60266
60266
60267
60268
60269
60269
60270
60271
60271
60272
60273
60273
60274
60275
60276
60276
60277
60278
60278
60279
60280
60280
60281
60282
60283
60283
60284
60285
60285
60286
60287
60287
60288
60289
60290
60290
60291
60292
60292
60293
60294
60294
