3804.4
3805.1
3805.8
3806.5
3807.2
3807.9
3808.6
3809.3
3810
3810.7
3811.4
3812.1
3812.8
3813.5
3814.2
3814.9
3815.6
3816.3
3817
3817.7
3818.4
3819.1
3819.8
3820.5
3821.2
3821.9
3822.6
3823.3
3824
3824.7
3825.4
3826.1
3826.8
3827.5
3828.2
3828.9
3829.6
3830.3
3831
3831.7
3832.4
3833.1
3833.8
3834.5
3835.2
3835.9
3836.6
3837.3
3838
3838.7
3839.4
3840.1
3840.8
3841.5
3842.2
3842.9
3843.6
3844.3
3845
3845.7
3846.4
3847.1
3847.8
3848.5
3849.2
3849.9
3850.6
3851.3
3852
3852.7
3853.4
3854.1
3854.8
3855.5
3856.2
3856.9
3857.6
3858.3
3859
3859.7
3860.4
3861.1
3861.8
3862.5
3863.2
3863.9
3864.6
3865.3
3866
3866.7
3867.4
3868.1
3868.8
3869.5
3870.2
3870.9
3871.6
3872.3
3873
3873.7
3874.4
3875.1
3875.8
3876.5
3877.2
3877.9
3878.6
3879.3
3880
3880.7
3881.4
3882.1
3882.8
3883.5
3884.2
3884.9
3885.6
3886.3
3887
3887.7
3888.4
3889.1
3889.8
3890.5
3891.2
3891.9
3892.6
3893.3
3894
3894.7
3895.4
3896.1
3896.8
3897.5
3898.2
3898.9
3899.6
3900.3
3901
3901.7
3902.4
3903.1
3903.8
3904.5
3905.2
3905.9
3906.6
3907.3
3908
3908.7
3909.4
3910.1
3910.8
3911.5
3912.2
3912.9
3913.6
3914.3
3915
3915.7
3916.4
3917.1
3917.8
3918.5
3919.2
3919.9
3920.6
3921.3
3922
3922.7
3923.4
3924.1
3924.8
3925.5
3926.2
3926.9
3927.6
3928.3
3929
3929.7
3930.4
3931.1
3931.8
3932.5
3933.2
3933.9
3934.6
3935.3
3936
3936.7
3937.4
3938.1
3938.8
3939.5
3940.2
3940.9
3941.6
3942.3
3943
3943.7
3944.4
3945.1
3945.8
3946.5
3947.2
3947.9
3948.6
3949.3
3950
3950.7
3951.4
3952.1
3952.8
3953.5
3954.2
3954.9
3955.6
3956.3
3957
3957.7
3958.4
3959.1
3959.8
3960.5
3961.2
3961.9
3962.6
3963.3
3964
3964.7
3965.4
3966.1
3966.8
3967.5
3968.2
3968.9
3969.6
3970.3
3971
3971.7
3972.4
3973.1
3973.8
3974.5
3975.2
3975.9
3976.6
3977.3
3978
3978.7
3979.4
3980.1
3980.8
3981.5
3982.2
3982.9
3983.6
3984.3
3985
3985.7
3986.4
3987.1
3987.8
3988.5
3989.2
3989.9
3990.6
3991.3
3992
3992.7
3993.4
3994.1
3994.8
3995.5
3996.2
3996.9
3997.6
3998.3
3999
3999.7
4000.4
4001.1
4001.8
4002.5
4003.2
4003.9
4004.6
4005.3
4006
4006.7
4007.4
4008.1
4008.8
4009.5
4010.2
4010.9
4011.6
4012.3
4013
4013.7
4014.4
4015.1
4015.8
4016.5
4017.2
4017.9
4018.6
4019.3
4020
4020.7
4021.4
4022.1
4022.8
4023.5
4024.2
4024.9
4025.6
4026.3
4027
4027.7
4028.4
4029.1
4029.8
4030.5
4031.2
4031.9
4032.6
4033.3
4034
4034.7
4035.4
4036.1
4036.8
4037.5
4038.2
4038.9
4039.6
4040.3
4041
4041.7
4042.4
4043.1
4043.8
4044.5
4045.2
4045.9
4046.6
4047.3
4048
4048.7
4049.4
4050.1
4050.8
4051.5
4052.2
4052.9
4053.6
4054.3
4055
4055.7
4056.4
4057.1
4057.8
4058.5
4059.2
4059.9
4060.6
4061.3
4062
4062.7
4063.4
4064.1
4064.8
4065.5
4066.2
4066.9
4067.6
4068.3
4069
4069.7
4070.4
4071.1
4071.8
4072.5
4073.2
4073.9
4074.6
4075.3
4076
4076.7
4077.4
4078.1
4078.8
4079.5
4080.2
4080.9
4081.6
4082.3
4083
4083.7
4084.4
4085.1
4085.8
4086.5
4087.2
