9367.4
9368.1
9368.8
9369.5
9370.2
9370.9
9371.6
9372.3
9373
9373.7
9374.4
9375.1
9375.8
9376.5
9377.2
9377.9
9378.6
9379.3
9380
9380.7
9381.4
9382.1
9382.8
9383.5
9384.2
9384.9
9385.6
9386.3
9387
9387.7
9388.4
9389.1
9389.8
9390.5
9391.2
9391.9
9392.6
9393.3
9394
9394.7
9395.4
9396.1
9396.8
9397.5
9398.2
9398.9
9399.6
9400.3
9401
9401.7
9402.4
9403.1
9403.8
9404.5
9405.2
9405.9
9406.6
9407.3
9408
9408.7
9409.4
9410.1
9410.8
9411.5
9412.2
9412.9
9413.6
9414.3
9415
9415.7
9416.4
9417.1
9417.8
9418.5
9419.2
9419.9
9420.6
9421.3
9422
9422.7
9423.4
9424.1
9424.8
9425.5
9426.2
9426.9
9427.6
9428.3
9429
9429.7
9430.4
9431.1
9431.8
9432.5
9433.2
9433.9
9434.6
9435.3
9436
9436.7
9437.4
9438.1
9438.8
9439.5
9440.2
9440.9
9441.6
9442.3
9443
9443.7
9444.4
9445.1
9445.8
9446.5
9447.2
9447.9
9448.6
9449.3
9450
9450.7
9451.4
9452.1
9452.8
9453.5
9454.2
9454.9
9455.6
9456.3
9457
9457.7
9458.4
9459.1
9459.8
9460.5
9461.2
9461.9
9462.6
9463.3
9464
9464.7
9465.4
9466.1
9466.8
9467.5
9468.2
9468.9
9469.6
9470.3
9471
9471.7
9472.4
9473.1
9473.8
9474.5
9475.2
9475.9
9476.6
9477.3
9478
9478.7
9479.4
9480.1
9480.8
9481.5
9482.2
9482.9
9483.6
9484.3
9485
9485.7
9486.4
9487.1
9487.8
9488.5
9489.2
9489.9
9490.6
9491.3
9492
9492.7
9493.4
9494.1
9494.8
9495.5
9496.2
9496.9
9497.6
9498.3
9499
9499.7
9500.4
9501.1
9501.8
9502.5
9503.2
9503.9
9504.6
9505.3
9506
9506.7
9507.4
9508.1
9508.8
9509.5
9510.2
9510.9
9511.6
9512.3
9513
9513.7
9514.4
9515.1
9515.8
9516.5
9517.2
9517.9
9518.6
9519.3
9520
9520.7
9521.4
9522.1
9522.8
9523.5
9524.2
9524.9
9525.6
9526.3
9527
9527.7
9528.4
9529.1
9529.8
9530.5
9531.2
9531.9
9532.6
9533.3
9534
9534.7
9535.4
9536.1
9536.8
9537.5
9538.2
9538.9
9539.6
9540.3
9541
9541.7
9542.4
9543.1
9543.8
9544.5
9545.2
9545.9
9546.6
9547.3
9548
9548.7
9549.4
9550.1
9550.8
9551.5
9552.2
9552.9
9553.6
9554.3
9555
9555.7
9556.4
9557.1
9557.8
9558.5
9559.2
9559.9
9560.6
9561.3
9562
9562.7
9563.4
9564.1
9564.8
9565.5
9566.2
9566.9
9567.6
9568.3
9569
9569.7
9570.4
9571.1
9571.8
9572.5
9573.2
9573.9
9574.6
9575.3
9576
9576.7
9577.4
9578.1
9578.8
9579.5
9580.2
9580.9
9581.6
9582.3
9583
9583.7
9584.4
9585.1
9585.8
9586.5
9587.2
9587.9
9588.6
9589.3
9590
9590.7
9591.4
9592.1
9592.8
9593.5
9594.2
9594.9
9595.6
9596.3
9597
9597.7
9598.4
9599.1
9599.8
9600.5
9601.2
9601.9
9602.6
9603.3
9604
9604.7
9605.4
9606.1
9606.8
9607.5
9608.2
9608.9
9609.6
9610.3
9611
9611.7
9612.4
9613.1
9613.8
9614.5
9615.2
9615.9
9616.6
9617.3
9618
9618.7
9619.4
9620.1
9620.8
9621.5
9622.2
9622.9
9623.6
9624.3
9625
9625.7
9626.4
9627.1
9627.8
9628.5
9629.2
9629.9
9630.6
9631.3
9632
9632.7
9633.4
9634.1
9634.8
9635.5
9636.2
9636.9
9637.6
9638.3
9639
9639.7
9640.4
9641.1
9641.8
9642.5
9643.2
9643.9
9644.6
9645.3
9646
9646.7
9647.4
9648.1
9648.8
9649.5
9650.2
9650.9
9651.6
9652.3
9653
9653.7
9654.4
9655.1
9655.8
9656.5
9657.2
9657.9
9658.6
9659.3
9660
9660.7
9661.4
9662.1
9662.8
9663.5
9664.2
9664.9
9665.6
9666.3
9667
9667.7
9668.4
9669.1
9669.8
9670.5
9671.2
9671.9
9672.6
9673.3
9674
9674.7
9675.4
9676.1
9676.8
9677.5
9678.2
9678.9
9679.6
9680.3
9681
9681.7
9682.4
9683.1
