20330
20331
20331
20332
20333
20333
20334
20335
20335
20336
20337
20338
20338
20339
20340
20340
20341
20342
20342
20343
20344
20345
20345
20346
20347
20347
20348
20349
20349
20350
20351
20352
20352
20353
20354
20354
20355
20356
20356
20357
20358
20359
20359
20360
20361
20361
20362
20363
20363
20364
20365
20366
20366
20367
20368
20368
20369
20370
20370
20371
20372
20373
20373
20374
20375
20375
20376
20377
20377
20378
20379
20380
20380
20381
20382
20382
20383
20384
20384
20385
20386
20387
20387
20388
20389
20389
20390
20391
20391
20392
20393
20394
20394
20395
20396
20396
20397
20398
20398
20399
20400
20401
20401
20402
20403
20403
20404
20405
20405
20406
20407
20408
20408
20409
20410
20410
20411
20412
20412
20413
20414
20415
20415
20416
20417
20417
20418
20419
20419
20420
20421
20422
20422
20423
20424
20424
20425
20426
20426
20427
20428
20429
20429
20430
20431
20431
20432
20433
20433
20434
20435
20436
20436
20437
20438
20438
20439
20440
20440
20441
20442
20443
20443
20444
20445
20445
20446
20447
20447
20448
20449
20450
20450
20451
20452
20452
20453
20454
20454
20455
20456
20457
20457
20458
20459
20459
20460
20461
20461
20462
20463
20464
20464
20465
20466
20466
20467
20468
20468
20469
20470
20471
20471
20472
20473
20473
20474
20475
20475
20476
20477
20478
20478
20479
20480
20480
20481
20482
20482
20483
20484
20485
20485
20486
20487
20487
20488
20489
20489
20490
20491
20492
20492
20493
20494
20494
20495
20496
20496
20497
20498
20499
20499
20500
20501
20501
20502
20503
20503
20504
20505
20506
20506
20507
20508
20508
20509
20510
20510
20511
20512
20513
20513
20514
20515
20515
20516
20517
20517
20518
20519
20520
20520
20521
20522
20522
20523
20524
20524
20525
20526
20527
20527
20528
20529
20529
20530
20531
20531
20532
20533
20534
20534
20535
20536
20536
20537
20538
20538
20539
20540
20541
20541
20542
20543
20543
20544
20545
20545
20546
20547
20548
20548
20549
20550
20550
20551
20552
20552
20553
20554
20555
20555
20556
20557
20557
20558
20559
20559
20560
20561
20562
20562
20563
20564
20564
20565
20566
20566
20567
20568
20569
20569
20570
20571
20571
20572
20573
20573
20574
20575
20576
20576
20577
20578
20578
20579
20580
20580
20581
20582
20583
20583
20584
20585
20585
20586
20587
20587
20588
20589
20590
20590
20591
20592
20592
20593
20594
20594
20595
20596
20597
20597
20598
20599
20599
20600
20601
20601
20602
20603
20604
20604
20605
20606
20606
20607
20608
20608
20609
20610
20611
20611
20612
20613
20613
20614
20615
20615
20616
20617
20618
20618
20619
20620
20620
20621
20622
20622
20623
20624
20625
20625
20626
20627
20627
20628
20629
20629
20630
20631
20632
20632
20633
20634
20634
20635
20636
20636
20637
20638
20639
20639
20640
20641
20641
20642
20643
20643
20644
20645
20646
20646
20647
20648
20648
20649
