40210
40211
40211
40212
40213
40214
40214
40215
40216
40216
40217
40218
40218
40219
40220
40221
40221
40222
40223
40223
40224
40225
40225
40226
40227
40228
40228
40229
40230
40230
40231
40232
40232
40233
40234
40235
40235
40236
40237
40237
40238
40239
40239
40240
40241
40242
40242
40243
40244
40244
40245
40246
40246
40247
40248
40249
40249
40250
40251
40251
40252
40253
40253
40254
40255
40256
40256
40257
40258
40258
40259
40260
40260
40261
40262
40263
40263
40264
40265
40265
40266
40267
40267
40268
40269
40270
40270
40271
40272
40272
40273
40274
40274
40275
40276
40277
40277
40278
40279
40279
40280
40281
40281
40282
40283
40284
40284
40285
40286
40286
40287
40288
40288
40289
40290
40291
40291
40292
40293
40293
40294
40295
40295
40296
40297
40298
40298
40299
40300
40300
40301
40302
40302
40303
40304
40305
40305
40306
40307
40307
40308
40309
40309
40310
40311
40312
40312
40313
40314
40314
40315
40316
40316
40317
40318
40319
40319
40320
40321
40321
40322
40323
40323
40324
40325
40326
40326
40327
40328
40328
40329
40330
40330
40331
40332
40333
40333
40334
40335
40335
40336
40337
40337
40338
40339
40340
40340
40341
40342
40342
40343
40344
40344
40345
40346
40347
40347
40348
40349
40349
40350
40351
40351
40352
40353
40354
40354
40355
40356
40356
40357
40358
40358
40359
40360
40361
40361
40362
40363
40363
40364
40365
40365
40366
40367
40368
40368
40369
40370
40370
40371
40372
40372
40373
40374
40375
40375
40376
40377
40377
40378
40379
40379
40380
40381
40382
40382
40383
40384
40384
40385
40386
40386
40387
40388
40389
40389
40390
40391
40391
40392
40393
40393
40394
40395
40396
40396
40397
40398
40398
40399
40400
40400
40401
40402
40403
40403
40404
40405
40405
40406
40407
40407
40408
40409
40410
40410
40411
40412
40412
40413
40414
40414
40415
40416
40417
40417
40418
40419
