29588
29588
29589
29590
29591
29591
29592
29593
29593
29594
29595
29595
29596
29597
29598
29598
29599
29600
29600
29601
29602
29602
29603
29604
29605
29605
29606
29607
29607
29608
29609
29609
29610
29611
29612
29612
29613
29614
29614
29615
29616
29616
29617
29618
29619
29619
29620
29621
29621
29622
29623
29623
29624
29625
29626
29626
29627
29628
29628
29629
29630
29630
29631
29632
29633
29633
29634
29635
29635
29636
29637
29637
29638
29639
29640
29640
29641
29642
29642
29643
29644
29644
29645
29646
29647
29647
29648
29649
29649
29650
29651
29651
29652
29653
29654
29654
29655
29656
29656
29657
29658
29658
29659
29660
29661
29661
29662
29663
29663
29664
29665
29665
29666
29667
29668
29668
29669
29670
29670
29671
29672
29672
29673
29674
29675
29675
29676
29677
29677
29678
29679
29679
29680
29681
29682
29682
29683
29684
29684
29685
29686
29686
29687
29688
29689
29689
29690
29691
29691
29692
29693
29693
29694
29695
29696
29696
29697
29698
29698
29699
29700
29700
29701
29702
29703
29703
29704
29705
29705
29706
29707
29707
29708
29709
29710
29710
29711
29712
29712
29713
29714
29714
29715
29716
29717
29717
29718
29719
29719
29720
29721
29721
29722
29723
29724
29724
29725
29726
29726
29727
29728
29728
29729
29730
29731
29731
29732
29733
29733
29734
29735
29735
29736
29737
29738
29738
29739
29740
29740
29741
29742
29742
29743
29744
29745
29745
29746
29747
29747
29748
29749
29749
29750
29751
29752
29752
29753
29754
29754
29755
29756
29756
29757
29758
29759
29759
29760
29761
29761
29762
29763
29763
29764
29765
29766
29766
29767
29768
29768
29769
29770
29770
29771
29772
29773
29773
29774
29775
29775
29776
29777
29777
29778
29779
29780
29780
29781
29782
29782
29783
29784
29784
29785
29786
29787
29787
29788
29789
29789
29790
29791
29791
29792
29793
29794
29794
29795
29796
29796
29797
29798
29798
29799
29800
29801
29801
29802
29803
29803
29804
29805
29805
29806
29807
29808
29808
29809
29810
29810
29811
29812
29812
29813
29814
29815
29815
29816
29817
29817
29818
29819
29819
29820
29821
29822
29822
29823
29824
29824
29825
29826
29826
29827
29828
29829
29829
29830
29831
29831
29832
29833
29833
29834
29835
29836
29836
29837
29838
29838
29839
29840
29840
29841
29842
29843
29843
29844
29845
29845
29846
29847
29847
29848
29849
29850
29850
29851
29852
29852
29853
29854
29854
29855
29856
29857
29857
29858
29859
29859
29860
29861
29861
29862
29863
29864
29864
29865
29866
29866
29867
29868
29868
29869
29870
29871
29871
29872
29873
29873
29874
29875
29875
29876
29877
29878
29878
29879
29880
29880
29881
29882
29882
29883
29884
29885
29885
29886
29887
29887
29888
29889
29889
29890
29891
29892
29892
29893
29894
29894
29895
29896
29896
29897
29898
29899
29899
29900
29901
29901
29902
29903
29903
29904
29905
29906
29906
29907
29908
29908
29909
29910
29910
29911
29912
29913
29913
29914
29915
29915
29916
29917
29917
29918
29919
29920
29920
29921
29922
29922
29923
29924
29924
29925
29926
29927
29927
29928
29929
29929
29930
29931
29931
29932
29933
29934
29934
29935
29936
29936
29937
29938
29938
29939
29940
29941
29941
29942
29943
29943
29944
29945
29945
29946
29947
29948
29948
29949
29950
29950
29951
29952
29952
29953
29954
29955
29955
29956
29957
29957
29958
29959
29959
29960
29961
29962
29962
29963
29964
29964
29965
29966
29966
29967
29968
29969
29969
29970
29971
29971
29972
29973
29973
29974
29975
29976
29976
29977
29978
29978
29979
29980
29980
29981
29982
29983
29983
29984
29985
29985
29986
29987
29987
29988
29989
29990
29990
29991
29992
29992
29993
29994
29994
29995
29996
29997
29997
29998
29999
29999
30000
30001
30001
30002
30003
30004
30004
30005
30006
30006
30007
30008
30008
30009
30010
30011
30011
30012
30013
30013
30014
30015
30015
30016
30017
30018
30018
30019
30020
