58318
58319
58320
58320
58321
58322
58322
58323
58324
58325
58325
58326
58327
58327
58328
58329
58329
58330
58331
58332
58332
58333
58334
58334
58335
58336
58336
58337
58338
58339
58339
58340
58341
58341
58342
58343
58343
58344
58345
58346
58346
58347
58348
58348
58349
58350
58350
58351
58352
58353
58353
58354
58355
58355
58356
58357
58357
58358
58359
58360
58360
58361
58362
58362
58363
58364
58364
58365
58366
58367
58367
58368
58369
58369
58370
58371
58371
58372
58373
58374
58374
58375
58376
58376
58377
58378
58378
58379
58380
58381
58381
58382
58383
58383
58384
58385
58385
58386
58387
58388
58388
58389
58390
58390
58391
58392
58392
58393
58394
58395
58395
58396
58397
58397
58398
58399
58399
58400
58401
58402
58402
58403
58404
58404
58405
58406
58406
58407
58408
58409
58409
58410
58411
58411
58412
58413
58413
58414
58415
58416
58416
58417
58418
58418
58419
58420
58420
58421
58422
58423
58423
58424
58425
58425
58426
58427
58427
58428
58429
58430
58430
58431
58432
58432
58433
58434
58434
58435
58436
58437
58437
58438
58439
58439
58440
58441
58441
58442
58443
58444
58444
58445
58446
58446
58447
58448
58448
58449
58450
58451
58451
58452
58453
58453
58454
58455
58455
58456
58457
58458
58458
58459
58460
58460
58461
58462
58462
58463
58464
58465
58465
58466
58467
58467
58468
58469
58469
58470
58471
58472
58472
58473
58474
58474
58475
58476
58476
58477
58478
58479
