56244
56245
56245
56246
56247
56248
56248
56249
56250
56250
56251
56252
56252
56253
56254
56255
56255
56256
56257
56257
56258
56259
56259
56260
56261
56262
56262
56263
56264
56264
56265
56266
56266
56267
56268
56269
56269
56270
56271
56271
56272
56273
56273
56274
56275
56276
56276
56277
56278
56278
56279
56280
56280
56281
56282
56283
56283
56284
56285
56285
56286
56287
56287
56288
56289
56290
56290
56291
56292
56292
56293
56294
56294
56295
56296
56297
56297
56298
56299
56299
56300
56301
56301
56302
56303
56304
56304
56305
56306
56306
56307
56308
56308
56309
56310
56311
56311
56312
56313
56313
56314
56315
56315
56316
56317
56318
56318
56319
56320
56320
56321
56322
56322
56323
56324
56325
56325
56326
56327
56327
56328
56329
56329
56330
56331
56332
56332
56333
56334
56334
56335
56336
56336
56337
56338
56339
56339
56340
56341
56341
56342
56343
56343
56344
56345
56346
56346
56347
56348
56348
56349
56350
56350
56351
56352
56353
56353
56354
56355
56355
56356
56357
56357
56358
56359
56360
56360
56361
56362
56362
56363
56364
56364
56365
56366
56367
56367
56368
56369
56369
56370
56371
56371
56372
56373
56374
56374
56375
56376
56376
56377
56378
56378
56379
56380
56381
56381
56382
56383
56383
56384
56385
56385
56386
56387
56388
56388
56389
56390
56390
56391
56392
56392
56393
56394
56395
56395
56396
56397
56397
56398
56399
56399
56400
56401
56402
56402
56403
56404
56404
56405
56406
56406
56407
56408
56409
56409
56410
56411
56411
56412
56413
56413
56414
56415
56416
56416
56417
56418
56418
56419
56420
56420
56421
56422
56423
56423
56424
56425
56425
56426
56427
56427
56428
56429
56430
56430
56431
56432
56432
56433
56434
56434
56435
56436
56437
56437
56438
56439
56439
56440
56441
56441
56442
56443
56444
56444
56445
56446
56446
56447
56448
56448
56449
56450
56451
56451
56452
56453
56453
56454
56455
56455
56456
56457
56458
56458
56459
56460
56460
56461
56462
56462
56463
56464
56465
56465
56466
56467
56467
56468
56469
56469
56470
56471
56472
56472
56473
56474
56474
56475
56476
56476
56477
56478
56479
56479
56480
56481
56481
56482
56483
56483
56484
56485
56486
56486
56487
56488
56488
56489
56490
56490
56491
56492
56493
56493
56494
56495
56495
56496
56497
56497
56498
56499
56500
56500
56501
56502
56502
56503
56504
56504
56505
56506
56507
56507
56508
56509
56509
56510
56511
56511
56512
56513
56514
56514
56515
56516
56516
56517
56518
56518
56519
56520
56521
56521
56522
56523
56523
56524
56525
56525
56526
56527
56528
56528
56529
56530
56530
56531
56532
56532
56533
56534
56535
56535
56536
56537
56537
56538
56539
56539
56540
56541
56542
56542
56543
56544
56544
56545
56546
56546
56547
56548
56549
56549
56550
56551
56551
56552
56553
56553
56554
56555
56556
56556
56557
56558
56558
56559
56560
56560
56561
56562
56563
56563
56564
56565
56565
56566
56567
56567
56568
56569
56570
56570
56571
56572
56572
56573
56574
56574
56575
56576
56577
56577
56578
56579
56579
56580
56581
56581
56582
56583
56584
56584
56585
56586
56586
56587
56588
56588
56589
56590
56591
56591
56592
56593
56593
56594
56595
56595
56596
56597
56598
56598
56599
56600
56600
56601
56602
56602
56603
56604
56605
56605
56606
56607
56607
56608
56609
56609
56610
56611
56612
56612
56613
56614
56614
56615
56616
56616
56617
56618
56619
56619
56620
56621
56621
