86213
86214
86215
86215
86216
86217
86217
86218
86219
86220
86220
86221
86222
86222
86223
86224
86224
86225
86226
86227
86227
86228
86229
86229
86230
86231
86231
86232
86233
86234
86234
86235
86236
86236
86237
86238
86238
86239
86240
86241
86241
86242
86243
86243
86244
86245
86245
86246
86247
86248
86248
86249
86250
86250
86251
86252
86252
86253
86254
86255
86255
86256
86257
86257
86258
86259
86259
86260
86261
86262
86262
86263
86264
86264
86265
86266
86266
86267
86268
86269
86269
86270
86271
86271
86272
86273
86273
86274
86275
86276
86276
86277
86278
86278
86279
86280
86280
86281
86282
86283
86283
86284
86285
86285
86286
86287
86287
86288
86289
86290
86290
86291
86292
86292
86293
86294
86294
86295
86296
86297
86297
86298
86299
86299
86300
86301
86301
86302
86303
86304
86304
86305
86306
86306
86307
86308
86308
86309
86310
86311
86311
86312
86313
86313
86314
86315
86315
86316
86317
86318
86318
86319
86320
86320
86321
86322
86322
86323
86324
86325
86325
86326
86327
86327
86328
86329
86329
86330
86331
86332
86332
86333
86334
86334
86335
86336
86336
86337
86338
86339
86339
86340
86341
86341
86342
86343
86343
86344
86345
86346
86346
86347
86348
86348
86349
86350
86350
86351
86352
86353
86353
86354
86355
86355
86356
86357
86357
86358
86359
86360
86360
86361
86362
86362
86363
86364
86364
86365
86366
86367
86367
86368
86369
86369
86370
86371
86371
86372
86373
86374
86374
86375
86376
86376
86377
86378
86378
86379
86380
86381
86381
86382
86383
86383
86384
86385
86385
86386
86387
86388
86388
86389
86390
86390
86391
86392
86392
86393
86394
86395
86395
86396
86397
86397
86398
86399
86399
0.138
0.838
1.538
2.238
2.938
3.638
4.338
5.038
5.738
6.438
7.138
7.838
8.538
9.238
