7848.7
7849.4
7850.1
7850.8
7851.5
7852.2
7852.9
7853.6
7854.3
7855
7855.7
7856.4
7857.1
7857.8
7858.5
7859.2
7859.9
7860.6
7861.3
7862
7862.7
7863.4
7864.1
7864.8
7865.5
7866.2
7866.9
7867.6
7868.3
7869
7869.7
7870.4
7871.1
7871.8
7872.5
7873.2
7873.9
7874.6
7875.3
7876
7876.7
7877.4
7878.1
7878.8
7879.5
7880.2
7880.9
7881.6
7882.3
7883
7883.7
7884.4
7885.1
7885.8
7886.5
7887.2
7887.9
7888.6
7889.3
7890
7890.7
7891.4
7892.1
7892.8
7893.5
7894.2
7894.9
7895.6
7896.3
7897
7897.7
7898.4
7899.1
7899.8
7900.5
7901.2
7901.9
7902.6
7903.3
7904
7904.7
7905.4
7906.1
7906.8
7907.5
7908.2
7908.9
7909.6
7910.3
7911
7911.7
7912.4
7913.1
7913.8
7914.5
7915.2
7915.9
7916.6
7917.3
7918
7918.7
7919.4
7920.1
7920.8
7921.5
7922.2
7922.9
7923.6
7924.3
7925
7925.7
7926.4
7927.1
7927.8
7928.5
7929.2
7929.9
7930.6
7931.3
7932
7932.7
7933.4
7934.1
7934.8
7935.5
7936.2
7936.9
7937.6
7938.3
7939
7939.7
7940.4
7941.1
7941.8
7942.5
7943.2
7943.9
7944.6
7945.3
7946
7946.7
7947.4
7948.1
7948.8
7949.5
7950.2
7950.9
7951.6
7952.3
7953
7953.7
7954.4
7955.1
7955.8
7956.5
7957.2
7957.9
7958.6
7959.3
7960
7960.7
7961.4
7962.1
7962.8
7963.5
7964.2
7964.9
7965.6
7966.3
7967
7967.7
7968.4
7969.1
7969.8
7970.5
7971.2
7971.9
7972.6
7973.3
7974
7974.7
7975.4
7976.1
7976.8
7977.5
7978.2
7978.9
7979.6
7980.3
7981
7981.7
7982.4
7983.1
7983.8
7984.5
7985.2
7985.9
7986.6
7987.3
7988
7988.7
7989.4
7990.1
7990.8
7991.5
7992.2
7992.9
7993.6
7994.3
7995
7995.7
7996.4
7997.1
7997.8
7998.5
7999.2
7999.9
8000.6
8001.3
8002
8002.7
8003.4
8004.1
8004.8
8005.5
8006.2
8006.9
8007.6
8008.3
8009
8009.7
8010.4
8011.1
8011.8
8012.5
8013.2
8013.9
8014.6
8015.3
8016
8016.7
8017.4
8018.1
8018.8
8019.5
8020.2
8020.9
8021.6
8022.3
8023
8023.7
8024.4
8025.1
8025.8
8026.5
8027.2
8027.9
8028.6
8029.3
8030
8030.7
8031.4
8032.1
8032.8
8033.5
8034.2
8034.9
8035.6
8036.3
8037
8037.7
8038.4
8039.1
8039.8
8040.5
8041.2
8041.9
8042.6
8043.3
8044
8044.7
8045.4
8046.1
8046.8
8047.5
8048.2
8048.9
8049.6
8050.3
8051
8051.7
8052.4
8053.1
8053.8
8054.5
8055.2
8055.9
8056.6
8057.3
8058
8058.7
8059.4
8060.1
8060.8
