38711
38711
38712
38713
38714
38714
38715
38716
38716
38717
38718
38718
38719
38720
38721
38721
38722
38723
38723
38724
38725
38725
38726
38727
38728
38728
38729
38730
38730
38731
38732
38732
38733
38734
38735
38735
38736
38737
38737
38738
38739
38739
38740
38741
38742
38742
38743
38744
38744
38745
38746
38746
38747
38748
38749
38749
38750
38751
38751
38752
38753
38753
38754
38755
38756
38756
38757
38758
38758
38759
38760
38760
38761
38762
38763
38763
38764
38765
38765
38766
38767
38767
38768
38769
38770
38770
38771
38772
38772
38773
38774
38774
38775
38776
38777
38777
38778
38779
38779
38780
38781
38781
38782
38783
38784
38784
38785
38786
38786
38787
38788
38788
38789
38790
38791
38791
38792
38793
38793
38794
38795
38795
38796
38797
38798
38798
38799
38800
38800
38801
38802
38802
38803
38804
38805
38805
38806
38807
38807
38808
38809
38809
38810
38811
38812
38812
38813
38814
38814
38815
38816
38816
38817
38818
38819
38819
38820
38821
38821
38822
38823
38823
38824
38825
38826
38826
38827
38828
38828
38829
38830
38830
38831
38832
38833
38833
38834
38835
38835
38836
38837
38837
38838
38839
38840
38840
38841
38842
38842
38843
38844
38844
38845
38846
38847
38847
38848
38849
38849
38850
38851
38851
38852
38853
38854
38854
38855
38856
38856
38857
38858
38858
38859
38860
38861
38861
38862
38863
38863
38864
38865
38865
38866
38867
38868
38868
38869
38870
38870
38871
38872
38872
38873
38874
38875
38875
38876
38877
38877
38878
38879
38879
38880
38881
38882
38882
38883
38884
38884
38885
38886
38886
38887
38888
38889
38889
38890
38891
38891
38892
38893
38893
38894
38895
38896
38896
38897
38898
38898
38899
38900
38900
38901
38902
38903
38903
38904
38905
38905
38906
38907
38907
38908
38909
38910
38910
38911
38912
38912
38913
38914
38914
38915
38916
38917
38917
38918
38919
38919
38920
38921
38921
38922
38923
38924
38924
38925
38926
38926
38927
38928
38928
38929
38930
38931
38931
38932
38933
38933
38934
38935
38935
38936
38937
38938
38938
38939
38940
38940
38941
38942
38942
38943
38944
38945
38945
38946
38947
38947
38948
38949
38949
38950
38951
38952
38952
38953
38954
38954
38955
38956
38956
38957
38958
38959
38959
38960
38961
38961
38962
38963
38963
38964
38965
38966
38966
38967
38968
38968
38969
38970
38970
38971
38972
38973
38973
38974
38975
38975
38976
38977
38977
38978
38979
38980
38980
38981
38982
38982
38983
38984
38984
38985
38986
38987
38987
38988
38989
38989
38990
38991
38991
38992
38993
38994
38994
38995
38996
38996
38997
38998
38998
