23952
23953
23954
23954
23955
23956
23957
23957
23958
23959
23959
23960
23961
23961
23962
23963
23964
23964
23965
23966
23966
23967
23968
23968
23969
23970
23971
23971
23972
23973
23973
23974
23975
23975
23976
23977
23978
23978
23979
23980
23980
23981
23982
23982
23983
23984
23985
23985
23986
23987
23987
23988
23989
23989
23990
23991
23992
23992
23993
23994
23994
23995
23996
23996
23997
23998
23999
23999
24000
24001
24001
24002
24003
24003
24004
24005
24006
24006
24007
24008
24008
24009
24010
24010
24011
24012
24013
24013
24014
24015
24015
24016
24017
24017
24018
24019
24020
24020
24021
24022
24022
24023
24024
24024
24025
24026
24027
24027
24028
24029
24029
24030
24031
24031
24032
24033
24034
24034
24035
24036
24036
24037
24038
24038
24039
24040
24041
24041
24042
24043
24043
24044
24045
24045
24046
24047
24048
24048
24049
24050
24050
24051
24052
24052
24053
24054
24055
24055
24056
24057
24057
24058
24059
24059
24060
24061
24062
24062
24063
24064
24064
24065
24066
24066
24067
24068
24069
24069
24070
24071
24071
24072
24073
24073
24074
24075
24076
24076
24077
24078
24078
24079
24080
24080
24081
24082
24083
24083
24084
24085
24085
24086
24087
24087
24088
24089
24090
24090
24091
24092
24092
24093
24094
24094
24095
24096
24097
24097
24098
24099
24099
24100
24101
24101
24102
24103
24104
24104
24105
24106
24106
24107
24108
24108
24109
24110
24111
24111
24112
24113
24113
24114
24115
24115
24116
24117
