35609
35610
35610
35611
35612
35613
35613
35614
35615
35615
35616
35617
35617
35618
35619
35620
35620
35621
35622
35622
35623
35624
35624
35625
35626
35627
35627
35628
35629
35629
35630
35631
35631
35632
35633
35634
35634
35635
35636
35636
35637
35638
35638
35639
35640
35641
35641
35642
35643
35643
35644
35645
35645
35646
35647
35648
35648
35649
35650
35650
35651
35652
35652
35653
35654
35655
35655
35656
35657
35657
35658
35659
35659
35660
35661
35662
35662
35663
35664
35664
35665
35666
35666
35667
35668
35669
35669
35670
35671
35671
35672
35673
35673
35674
35675
35676
35676
35677
35678
35678
35679
35680
35680
35681
35682
35683
35683
35684
35685
35685
35686
35687
35687
35688
35689
35690
35690
35691
35692
35692
35693
35694
35694
35695
35696
35697
35697
35698
35699
35699
35700
35701
35701
35702
35703
35704
35704
35705
35706
35706
35707
35708
35708
35709
35710
35711
35711
35712
35713
35713
35714
35715
35715
35716
35717
35718
35718
35719
35720
35720
35721
35722
35722
35723
35724
35725
35725
35726
35727
35727
35728
35729
35729
35730
35731
35732
35732
35733
35734
35734
35735
35736
35736
35737
35738
35739
35739
35740
35741
35741
35742
35743
35743
35744
35745
35746
35746
35747
35748
35748
35749
35750
35750
35751
35752
35753
35753
35754
35755
35755
35756
35757
35757
35758
35759
35760
35760
35761
35762
35762
35763
35764
35764
35765
35766
35767
35767
35768
35769
35769
35770
35771
35771
35772
35773
35774
35774
35775
35776
35776
35777
35778
35778
35779
35780
35781
35781
35782
35783
35783
35784
35785
35785
35786
35787
35788
