2715.9
2716.6
2717.3
2718
2718.7
2719.4
2720.1
2720.8
2721.5
2722.2
2722.9
2723.6
2724.3
2725
2725.7
2726.4
2727.1
2727.8
2728.5
2729.2
2729.9
2730.6
2731.3
2732
2732.7
2733.4
2734.1
2734.8
2735.5
2736.2
2736.9
2737.6
2738.3
2739
2739.7
2740.4
2741.1
2741.8
2742.5
2743.2
2743.9
2744.6
2745.3
2746
2746.7
2747.4
2748.1
2748.8
2749.5
2750.2
2750.9
2751.6
2752.3
2753
2753.7
2754.4
2755.1
2755.8
2756.5
2757.2
2757.9
2758.6
2759.3
2760
2760.7
2761.4
2762.1
2762.8
2763.5
2764.2
2764.9
2765.6
2766.3
2767
2767.7
2768.4
2769.1
2769.8
2770.5
2771.2
2771.9
2772.6
2773.3
2774
2774.7
2775.4
2776.1
2776.8
2777.5
2778.2
2778.9
2779.6
2780.3
2781
2781.7
2782.4
2783.1
2783.8
2784.5
2785.2
2785.9
2786.6
2787.3
2788
2788.7
2789.4
2790.1
2790.8
2791.5
2792.2
2792.9
2793.6
2794.3
2795
2795.7
2796.4
2797.1
2797.8
2798.5
2799.2
2799.9
2800.6
2801.3
2802
2802.7
2803.4
2804.1
2804.8
2805.5
2806.2
2806.9
2807.6
2808.3
2809
2809.7
2810.4
2811.1
2811.8
2812.5
2813.2
2813.9
2814.6
2815.3
2816
2816.7
2817.4
2818.1
2818.8
2819.5
2820.2
2820.9
2821.6
2822.3
2823
2823.7
2824.4
2825.1
2825.8
2826.5
2827.2
2827.9
2828.6
2829.3
2830
2830.7
2831.4
2832.1
2832.8
2833.5
2834.2
2834.9
2835.6
2836.3
2837
2837.7
2838.4
2839.1
2839.8
2840.5
2841.2
2841.9
2842.6
2843.3
2844
2844.7
2845.4
2846.1
2846.8
2847.5
2848.2
2848.9
2849.6
2850.3
2851
2851.7
2852.4
2853.1
2853.8
2854.5
2855.2
2855.9
2856.6
2857.3
2858
2858.7
2859.4
2860.1
2860.8
2861.5
2862.2
2862.9
2863.6
2864.3
2865
2865.7
2866.4
2867.1
2867.8
2868.5
2869.2
2869.9
2870.6
2871.3
2872
2872.7
2873.4
2874.1
2874.8
2875.5
2876.2
2876.9
2877.6
2878.3
2879
2879.7
2880.4
2881.1
2881.8
2882.5
2883.2
2883.9
2884.6
2885.3
2886
2886.7
2887.4
2888.1
2888.8
2889.5
2890.2
2890.9
2891.6
2892.3
2893
2893.7
2894.4
2895.1
2895.8
2896.5
2897.2
2897.9
2898.6
2899.3
2900
2900.7
2901.4
2902.1
2902.8
2903.5
2904.2
2904.9
2905.6
2906.3
2907
2907.7
2908.4
2909.1
2909.8
2910.5
2911.2
2911.9
2912.6
2913.3
2914
2914.7
2915.4
2916.1
2916.8
2917.5
2918.2
2918.9
2919.6
2920.3
2921
2921.7
2922.4
2923.1
2923.8
2924.5
2925.2
2925.9
2926.6
2927.3
2928
2928.7
2929.4
2930.1
2930.8
2931.5
2932.2
2932.9
2933.6
2934.3
2935
2935.7
2936.4
2937.1
2937.8
2938.5
2939.2
2939.9
2940.6
2941.3
2942
2942.7
2943.4
2944.1
2944.8
2945.5
2946.2
2946.9
2947.6
2948.3
2949
2949.7
2950.4
2951.1
2951.8
2952.5
2953.2
2953.9
2954.6
2955.3
2956
2956.7
2957.4
2958.1
2958.8
2959.5
2960.2
2960.9
2961.6
2962.3
2963
2963.7
2964.4
2965.1
2965.8
2966.5
2967.2
2967.9
2968.6
2969.3
2970
2970.7
2971.4
2972.1
2972.8
2973.5
2974.2
2974.9
2975.6
