7433.9
7434.6
7435.3
7436
7436.7
7437.4
7438.1
7438.8
7439.5
7440.2
7440.9
7441.6
7442.3
7443
7443.7
7444.4
7445.1
7445.8
7446.5
7447.2
7447.9
7448.6
7449.3
7450
7450.7
7451.4
7452.1
7452.8
7453.5
7454.2
7454.9
7455.6
7456.3
7457
7457.7
7458.4
7459.1
7459.8
7460.5
7461.2
7461.9
7462.6
7463.3
7464
7464.7
7465.4
7466.1
7466.8
7467.5
7468.2
7468.9
7469.6
7470.3
7471
7471.7
7472.4
7473.1
7473.8
7474.5
7475.2
7475.9
7476.6
7477.3
7478
7478.7
7479.4
7480.1
7480.8
7481.5
7482.2
7482.9
7483.6
7484.3
7485
7485.7
7486.4
7487.1
7487.8
7488.5
7489.2
7489.9
7490.6
7491.3
7492
7492.7
7493.4
7494.1
7494.8
7495.5
7496.2
7496.9
7497.6
7498.3
7499
7499.7
7500.4
7501.1
7501.8
7502.5
7503.2
7503.9
7504.6
7505.3
7506
7506.7
7507.4
7508.1
7508.8
7509.5
7510.2
7510.9
7511.6
7512.3
7513
7513.7
7514.4
7515.1
7515.8
7516.5
7517.2
7517.9
7518.6
7519.3
7520
7520.7
7521.4
7522.1
7522.8
7523.5
7524.2
7524.9
7525.6
7526.3
7527
7527.7
7528.4
7529.1
7529.8
7530.5
7531.2
7531.9
7532.6
7533.3
7534
7534.7
7535.4
7536.1
7536.8
7537.5
7538.2
7538.9
7539.6
7540.3
7541
7541.7
7542.4
7543.1
7543.8
7544.5
7545.2
7545.9
7546.6
7547.3
7548
7548.7
7549.4
7550.1
7550.8
7551.5
7552.2
7552.9
7553.6
7554.3
7555
7555.7
7556.4
7557.1
7557.8
7558.5
7559.2
7559.9
7560.6
7561.3
7562
7562.7
7563.4
7564.1
7564.8
7565.5
7566.2
7566.9
7567.6
7568.3
7569
7569.7
7570.4
7571.1
7571.8
7572.5
7573.2
7573.9
7574.6
7575.3
7576
7576.7
7577.4
7578.1
7578.8
7579.5
7580.2
7580.9
7581.6
7582.3
7583
7583.7
7584.4
7585.1
7585.8
7586.5
7587.2
7587.9
7588.6
7589.3
7590
7590.7
7591.4
7592.1
7592.8
7593.5
7594.2
7594.9
7595.6
7596.3
7597
7597.7
7598.4
7599.1
7599.8
7600.5
7601.2
7601.9
7602.6
7603.3
7604
7604.7
7605.4
7606.1
7606.8
7607.5
7608.2
7608.9
7609.6
7610.3
7611
7611.7
7612.4
7613.1
7613.8
7614.5
7615.2
7615.9
7616.6
7617.3
7618
7618.7
7619.4
7620.1
7620.8
7621.5
7622.2
7622.9
7623.6
7624.3
7625
7625.7
7626.4
7627.1
7627.8
7628.5
7629.2
7629.9
7630.6
7631.3
7632
7632.7
7633.4
7634.1
7634.8
7635.5
7636.2
7636.9
7637.6
7638.3
7639
7639.7
7640.4
7641.1
7641.8
7642.5
7643.2
7643.9
7644.6
7645.3
7646
7646.7
7647.4
7648.1
7648.8
7649.5
7650.2
7650.9
7651.6
7652.3
7653
7653.7
7654.4
7655.1
7655.8
7656.5
7657.2
7657.9
7658.6
7659.3
7660
7660.7
7661.4
7662.1
7662.8
7663.5
7664.2
7664.9
7665.6
7666.3
7667
7667.7
7668.4
7669.1
7669.8
7670.5
7671.2
7671.9
7672.6
7673.3
7674
7674.7
7675.4
7676.1
7676.8
7677.5
7678.2
7678.9
7679.6
7680.3
7681
7681.7
7682.4
7683.1
7683.8
7684.5
7685.2
7685.9
7686.6
7687.3
7688
7688.7
7689.4
7690.1
7690.8
7691.5
7692.2
7692.9
7693.6
7694.3
7695
7695.7
7696.4
7697.1
7697.8
7698.5
7699.2
7699.9
7700.6
7701.3
7702
7702.7
7703.4
7704.1
7704.8
7705.5
7706.2
7706.9
7707.6
7708.3
7709
7709.7
7710.4
7711.1
7711.8
7712.5
7713.2
7713.9
7714.6
7715.3
7716
7716.7
7717.4
7718.1
