7333.7
7334.4
7335.1
7335.8
7336.5
7337.2
7337.9
7338.6
7339.3
7340
7340.7
7341.4
7342.1
7342.8
7343.5
7344.2
7344.9
7345.6
7346.3
7347
7347.7
7348.4
7349.1
7349.8
7350.5
7351.2
7351.9
7352.6
7353.3
7354
7354.7
7355.4
7356.1
7356.8
7357.5
7358.2
7358.9
7359.6
7360.3
7361
7361.7
7362.4
7363.1
7363.8
7364.5
7365.2
7365.9
7366.6
7367.3
7368
7368.7
7369.4
7370.1
7370.8
7371.5
7372.2
7372.9
7373.6
7374.3
7375
7375.7
7376.4
7377.1
7377.8
7378.5
7379.2
7379.9
7380.6
7381.3
7382
7382.7
7383.4
7384.1
7384.8
7385.5
7386.2
7386.9
7387.6
7388.3
7389
7389.7
7390.4
7391.1
7391.8
7392.5
7393.2
7393.9
7394.6
7395.3
7396
7396.7
7397.4
7398.1
7398.8
7399.5
7400.2
7400.9
7401.6
7402.3
7403
7403.7
7404.4
7405.1
7405.8
7406.5
7407.2
7407.9
7408.6
7409.3
7410
7410.7
7411.4
7412.1
7412.8
7413.5
7414.2
7414.9
7415.6
7416.3
7417
7417.7
7418.4
7419.1
7419.8
7420.5
7421.2
7421.9
7422.6
7423.3
7424
7424.7
7425.4
7426.1
7426.8
7427.5
7428.2
7428.9
7429.6
7430.3
7431
7431.7
7432.4
7433.1
7433.8
7434.5
