70700
70701
70701
70702
70703
70703
70704
70705
70705
70706
70707
70708
70708
70709
70710
70710
70711
70712
70712
70713
70714
70715
70715
70716
70717
70717
70718
70719
70719
70720
70721
70722
70722
70723
70724
70724
70725
70726
70726
70727
70728
70729
70729
70730
70731
70731
70732
70733
70733
70734
70735
70736
70736
70737
70738
70738
70739
70740
70740
70741
70742
70743
70743
70744
70745
70745
70746
70747
70747
70748
70749
70750
70750
70751
70752
70752
70753
70754
70754
70755
70756
70757
70757
70758
70759
70759
70760
70761
70761
70762
70763
70764
70764
70765
70766
70766
70767
70768
70768
70769
70770
70771
70771
70772
70773
70773
70774
70775
70775
70776
70777
70778
70778
70779
70780
70780
70781
70782
70782
70783
70784
70785
70785
70786
70787
70787
70788
70789
70789
70790
70791
70792
70792
70793
70794
70794
70795
70796
70796
70797
70798
70799
70799
70800
70801
70801
70802
70803
70803
70804
70805
70806
70806
70807
70808
70808
70809
70810
70810
70811
70812
70813
70813
70814
70815
70815
70816
70817
70817
70818
70819
70820
70820
70821
70822
70822
70823
70824
70824
70825
70826
70827
70827
70828
70829
70829
70830
70831
70831
70832
70833
70834
70834
70835
70836
70836
70837
70838
70838
70839
70840
70841
70841
70842
70843
70843
70844
70845
70845
70846
70847
70848
70848
70849
70850
70850
70851
70852
70852
70853
70854
70855
70855
70856
70857
70857
70858
70859
70859
70860
70861
70862
70862
70863
70864
70864
70865
70866
70866
70867
70868
70869
70869
70870
70871
70871
70872
70873
70873
70874
70875
70876
70876
70877
70878
70878
70879
70880
70880
70881
70882
70883
70883
70884
70885
70885
70886
70887
70887
70888
70889
70890
70890
70891
70892
70892
70893
70894
70894
70895
70896
70897
70897
70898
70899
70899
70900
70901
70901
70902
70903
70904
