60898
60898
60899
60900
60901
60901
60902
60903
60903
60904
60905
60905
60906
60907
60908
60908
60909
60910
60910
60911
60912
60912
60913
60914
60915
60915
60916
60917
60917
60918
60919
60919
60920
60921
60922
60922
60923
60924
60924
60925
60926
60926
60927
60928
60929
60929
60930
60931
60931
60932
60933
60933
60934
60935
60936
60936
60937
60938
60938
60939
60940
60940
60941
60942
60943
60943
60944
60945
60945
60946
60947
60947
60948
60949
60950
60950
60951
60952
60952
60953
60954
60954
60955
60956
60957
60957
60958
60959
60959
60960
60961
60961
60962
60963
60964
60964
60965
60966
60966
60967
60968
60968
60969
60970
60971
60971
60972
60973
60973
60974
60975
60975
60976
60977
60978
60978
60979
60980
60980
60981
60982
60982
60983
60984
60985
60985
60986
60987
60987
60988
60989
60989
60990
60991
60992
60992
60993
60994
60994
60995
60996
60996
60997
60998
60999
60999
61000
61001
61001
61002
61003
61003
61004
61005
61006
61006
61007
61008
61008
61009
61010
61010
61011
61012
61013
61013
61014
61015
61015
61016
61017
61017
61018
61019
61020
61020
61021
61022
61022
61023
61024
61024
61025
61026
61027
61027
61028
61029
61029
61030
61031
61031
61032
61033
61034
61034
61035
61036
61036
61037
61038
61038
61039
61040
61041
61041
61042
61043
61043
61044
61045
61045
61046
61047
61048
61048
61049
61050
61050
61051
61052
61052
61053
61054
61055
61055
61056
61057
61057
61058
61059
61059
61060
61061
61062
61062
61063
61064
61064
61065
61066
61066
61067
61068
61069
61069
61070
61071
61071
61072
61073
61073
61074
61075
61076
61076
61077
61078
61078
61079
61080
61080
61081
61082
61083
61083
61084
61085
61085
61086
61087
61087
61088
61089
61090
61090
61091
61092
61092
61093
61094
61094
61095
61096
61097
61097
61098
61099
61099
61100
61101
61101
61102
61103
61104
61104
61105
61106
61106
61107
61108
61108
61109
61110
61111
61111
61112
61113
61113
61114
61115
61115
61116
61117
61118
61118
61119
61120
61120
61121
61122
61122
61123
61124
61125
61125
61126
61127
61127
61128
61129
61129
61130
61131
61132
61132
61133
61134
61134
61135
61136
61136
61137
61138
61139
61139
61140
61141
61141
61142
61143
61143
61144
61145
61146
61146
61147
61148
61148
61149
61150
61150
61151
