57382
57383
57384
57384
57385
57386
57386
57387
57388
57389
57389
57390
57391
57391
57392
57393
57393
57394
57395
57396
57396
57397
57398
57398
57399
57400
57400
57401
57402
57403
57403
57404
57405
57405
57406
57407
57407
57408
57409
57410
57410
57411
57412
57412
57413
57414
57414
57415
57416
57417
57417
57418
57419
57419
57420
57421
57421
57422
57423
57424
57424
57425
57426
57426
57427
57428
57428
57429
57430
57431
57431
57432
57433
57433
57434
57435
57435
57436
57437
57438
57438
57439
57440
57440
57441
57442
57442
57443
57444
57445
57445
57446
57447
57447
57448
57449
57449
57450
57451
57452
57452
57453
57454
57454
57455
57456
57456
57457
57458
57459
57459
57460
57461
57461
57462
57463
57463
57464
57465
57466
57466
57467
57468
57468
57469
57470
57470
57471
57472
57473
57473
57474
57475
57475
57476
57477
57477
57478
57479
57480
57480
57481
57482
57482
57483
57484
57484
57485
57486
57487
57487
57488
57489
57489
57490
57491
57491
57492
57493
57494
57494
57495
57496
57496
57497
57498
57498
57499
57500
57501
57501
57502
57503
57503
57504
57505
57505
57506
57507
57508
57508
57509
57510
57510
57511
57512
57512
57513
57514
57515
57515
57516
57517
57517
57518
57519
57519
57520
57521
57522
57522
57523
57524
57524
57525
57526
57526
57527
57528
57529
57529
57530
57531
57531
57532
57533
57533
57534
57535
57536
57536
57537
57538
57538
57539
57540
57540
57541
57542
57543
57543
57544
57545
57545
57546
57547
57547
57548
57549
57550
57550
57551
57552
57552
57553
57554
57554
57555
57556
57557
57557
57558
57559
57559
57560
57561
57561
57562
57563
57564
57564
57565
57566
57566
57567
57568
57568
57569
57570
57571
57571
57572
57573
57573
57574
57575
57575
57576
57577
57578
57578
57579
57580
57580
57581
57582
57582
57583
57584
57585
57585
57586
57587
57587
57588
57589
57589
57590
57591
57592
57592
57593
57594
57594
57595
57596
57596
57597
57598
57599
57599
57600
57601
57601
57602
57603
57603
57604
57605
57606
57606
57607
57608
57608
57609
57610
57610
57611
57612
57613
57613
57614
57615
57615
57616
57617
57617
57618
57619
57620
57620
57621
57622
57622
57623
57624
57624
57625
57626
57627
57627
57628
57629
57629
57630
57631
57631
57632
57633
57634
57634
57635
57636
57636
57637
57638
57638
57639
57640
57641
57641
57642
57643
57643
57644
57645
57645
57646
57647
57648
57648
57649
57650
57650
57651
57652
57652
57653
57654
57655
57655
57656
57657
57657
57658
57659
57659
57660
57661
57662
57662
57663
57664
57664
57665
57666
57666
57667
57668
57669
57669
57670
57671
57671
57672
57673
57673
57674
57675
57676
57676
57677
57678
57678
57679
57680
57680
57681
57682
57683
57683
57684
57685
57685
57686
57687
57687
57688
57689
57690
57690
57691
57692
57692
57693
57694
57694
57695
57696
57697
57697
57698
57699
57699
57700
57701
57701
57702
57703
57704
57704
57705
57706
57706
57707
57708
57708
57709
57710
57711
57711
57712
57713
57713
57714
57715
57715
57716
57717
57718
57718
57719
57720
57720
57721
57722
57722
57723
57724
57725
57725
57726
57727
57727
57728
57729
57729
57730
57731
57732
57732
57733
57734
57734
57735
57736
57736
57737
57738
57739
57739
57740
57741
57741
57742
57743
57743
57744
57745
57746
57746
57747
57748
57748
57749
57750
57750
57751
57752
57753
57753
57754
57755
57755
57756
57757
57757
57758
57759
57760
57760
57761
57762
57762
57763
57764
57764
57765
57766
57767
57767
57768
57769
57769
57770
57771
57771
57772
57773
57774
57774
57775
57776
57776
57777
57778
57778
57779
57780
57781
57781
57782
57783
57783
57784
57785
57785
57786
57787
57788
57788
57789
57790
57790
57791
57792
57792
57793
57794
57795
