371.37
372.07
372.77
373.47
374.17
374.87
375.57
376.27
376.97
377.67
378.37
379.07
379.77
380.47
381.17
381.87
382.57
383.27
383.97
384.67
385.37
386.07
386.77
387.47
388.17
388.87
389.57
390.27
390.97
391.67
392.37
393.07
393.77
394.47
395.17
395.87
396.57
397.27
397.97
398.67
399.37
400.07
400.77
401.47
402.17
402.87
403.57
404.27
404.97
405.67
406.37
407.07
407.77
408.47
409.17
409.87
410.57
411.27
411.97
412.67
413.37
414.07
414.77
415.47
416.17
416.87
417.57
418.27
418.97
419.67
420.37
421.07
421.77
422.47
423.17
423.87
424.57
425.27
425.97
426.67
427.37
428.07
428.77
429.47
430.17
430.87
431.57
432.27
432.97
433.67
434.37
435.07
435.77
436.47
437.17
437.87
438.57
439.27
439.97
440.67
441.37
442.07
442.77
443.47
444.17
444.87
445.57
446.27
446.97
447.67
448.37
449.07
449.77
450.47
451.17
451.87
452.57
453.27
453.97
454.67
455.37
456.07
456.77
457.47
458.17
458.87
459.57
460.27
460.97
461.67
462.37
463.07
463.77
464.47
465.17
465.87
466.57
467.27
467.97
468.67
469.37
470.07
470.77
471.47
472.17
472.87
473.57
474.27
474.97
475.67
476.37
477.07
477.77
478.47
479.17
479.87
480.57
481.27
481.97
482.67
483.37
484.07
484.77
485.47
486.17
486.87
487.57
488.27
488.97
489.67
490.37
491.07
491.77
492.47
493.17
493.87
494.57
495.27
495.97
496.67
497.37
498.07
498.77
499.47
500.17
500.87
501.57
502.27
502.97
503.67
504.37
505.07
505.77
506.47
507.17
507.87
508.57
509.27
509.97
510.67
511.37
512.07
512.77
513.47
514.17
514.87
515.57
516.27
516.97
517.67
518.37
519.07
519.77
520.47
521.17
521.87
522.57
523.27
523.97
524.67
525.37
526.07
526.77
527.47
528.17
528.87
529.57
530.27
530.97
531.67
532.37
533.07
533.77
534.47
535.17
535.87
536.57
537.27
537.97
538.67
539.37
540.07
540.77
541.47
542.17
542.87
543.57
544.27
544.97
545.67
546.37
547.07
547.77
548.47
549.17
549.87
550.57
551.27
551.97
552.67
553.37
554.07
554.77
555.47
556.17
556.87
557.57
558.27
558.97
559.67
560.37
561.07
561.77
562.47
563.17
563.87
564.57
565.27
565.97
566.67
567.37
568.07
568.77
569.47
570.17
570.87
571.57
572.27
572.97
573.67
574.37
575.07
575.77
576.47
577.17
577.87
578.57
579.27
579.97
580.67
581.37
582.07
582.77
583.47
584.17
584.87
585.57
586.27
586.97
587.67
588.37
589.07
589.77
590.47
591.17
591.87
592.57
593.27
593.97
594.67
595.37
596.07
596.77
597.47
598.17
598.87
599.57
600.27
600.97
601.67
602.37
603.07
603.77
604.47
605.17
605.87
606.57
607.27
607.97
608.67
609.37
610.07
610.77
611.47
612.17
612.87
613.57
614.27
614.97
615.67
616.37
617.07
617.77
618.47
619.17
619.87
620.57
621.27
621.97
622.67
623.37
624.07
624.77
625.47
626.17
626.87
627.57
628.27
628.97
629.67
630.37
631.07
631.77
