13.758
14.458
15.158
15.858
16.558
17.258
17.958
18.658
19.358
20.058
20.758
21.458
22.158
22.858
23.558
24.258
24.958
25.658
26.358
27.058
27.758
28.458
29.158
29.858
30.558
31.258
31.958
32.658
33.358
34.058
34.758
35.458
36.158
36.858
37.558
38.258
38.958
39.658
40.358
41.058
41.758
42.458
43.158
43.858
44.558
45.258
45.958
46.658
47.358
48.058
48.758
49.458
50.158
50.858
51.558
52.258
52.958
53.658
54.358
55.058
55.758
56.458
57.158
57.858
58.558
59.258
59.958
60.658
61.358
62.058
62.758
63.458
64.158
64.858
65.558
66.258
66.958
67.658
68.358
69.058
69.758
70.458
71.158
71.858
72.558
73.258
73.958
74.658
75.358
76.058
76.758
77.458
78.158
78.858
79.558
80.258
80.958
81.658
82.358
83.058
83.758
84.458
85.158
85.858
86.558
87.258
87.958
88.658
89.358
90.058
90.758
91.458
92.158
92.858
93.558
94.258
94.958
95.658
96.358
97.058
97.758
98.458
99.158
99.858
100.56
101.26
101.96
102.66
103.36
104.06
104.76
105.46
106.16
106.86
107.56
108.26
108.96
109.66
110.36
111.06
111.76
112.46
113.16
113.86
114.56
115.26
115.96
116.66
117.36
118.06
118.76
119.46
120.16
120.86
121.56
122.26
122.96
123.66
124.36
125.06
125.76
126.46
127.16
127.86
128.56
129.26
129.96
130.66
131.36
132.06
132.76
133.46
134.16
134.86
135.56
136.26
136.96
137.66
138.36
139.06
139.76
140.46
141.16
141.86
142.56
143.26
143.96
144.66
145.36
146.06
146.76
147.46
148.16
148.86
149.56
150.26
150.96
151.66
152.36
153.06
153.76
154.46
155.16
155.86
156.56
157.26
157.96
158.66
159.36
160.06
160.76
161.46
162.16
162.86
163.56
164.26
164.96
165.66
166.36
167.06
167.76
168.46
169.16
169.86
170.56
171.26
171.96
172.66
173.36
174.06
174.76
175.46
176.16
176.86
177.56
178.26
178.96
179.66
180.36
181.06
181.76
182.46
183.16
183.86
184.56
185.26
185.96
186.66
187.36
188.06
188.76
189.46
190.16
190.86
191.56
192.26
192.96
193.66
194.36
195.06
195.76
196.46
197.16
197.86
198.56
199.26
199.96
200.66
201.36
202.06
202.76
203.46
204.16
204.86
205.56
206.26
206.96
207.66
208.36
209.06
209.76
210.46
211.16
211.86
212.56
213.26
213.96
214.66
215.36
216.06
216.76
217.46
218.16
218.86
219.56
220.26
220.96
221.66
222.36
223.06
223.76
224.46
225.16
225.86
226.56
227.26
227.96
228.66
229.36
230.06
230.76
231.46
232.16
232.86
233.56
234.26
234.96
235.66
236.36
237.06
237.76
238.46
239.16
239.86
240.56
241.26
241.96
242.66
243.36
244.06
244.76
245.46
246.16
246.86
247.56
248.26
248.96
249.66
250.36
251.06
251.76
252.46
253.16
