74111
74112
74113
74114
74114
74115
74116
74116
74117
74118
74118
74119
74120
74121
74121
74122
74123
74123
74124
74125
74125
74126
74127
74128
74128
74129
74130
74130
74131
74132
74132
74133
74134
74135
74135
74136
74137
74137
74138
74139
74139
74140
74141
74142
74142
74143
74144
74144
74145
74146
74146
74147
74148
74149
74149
74150
74151
74151
74152
74153
74153
74154
74155
74156
74156
74157
74158
74158
74159
74160
74160
74161
74162
74163
74163
74164
74165
74165
74166
74167
74167
74168
74169
74170
74170
74171
74172
74172
74173
74174
74174
74175
74176
74177
74177
74178
74179
74179
74180
74181
74181
74182
74183
74184
74184
74185
74186
74186
74187
74188
74188
74189
74190
74191
74191
74192
74193
74193
74194
74195
74195
74196
74197
74198
74198
74199
74200
74200
74201
74202
74202
74203
74204
74205
74205
74206
74207
74207
74208
74209
74209
74210
74211
74212
74212
74213
74214
74214
74215
74216
74216
74217
74218
74219
74219
74220
74221
74221
74222
74223
74223
74224
74225
74226
74226
74227
74228
74228
74229
74230
74230
74231
74232
74233
74233
74234
74235
74235
74236
74237
74237
74238
74239
74240
74240
74241
74242
74242
74243
74244
74244
74245
74246
74247
74247
74248
74249
74249
74250
74251
74251
74252
74253
74254
74254
74255
74256
74256
74257
74258
74258
74259
74260
74261
74261
74262
74263
74263
74264
74265
74265
74266
74267
74268
74268
74269
74270
74270
74271
74272
74272
74273
74274
74275
74275
74276
74277
74277
74278
74279
74279
74280
74281
74282
74282
74283
74284
74284
74285
74286
74286
74287
74288
74289
74289
74290
74291
74291
74292
74293
74293
74294
74295
74296
74296
74297
74298
74298
74299
74300
74300
74301
74302
74303
74303
74304
74305
74305
74306
74307
74307
74308
74309
74310
74310
74311
74312
74312
74313
74314
74314
74315
74316
74317
74317
74318
74319
74319
74320
74321
74321
74322
74323
74324
74324
74325
74326
74326
74327
74328
74328
74329
74330
74331
74331
74332
74333
74333
74334
74335
74335
74336
74337
74338
74338
74339
74340
74340
74341
74342
74342
74343
74344
74345
74345
74346
74347
74347
74348
74349
74349
74350
74351
74352
74352
74353
74354
74354
74355
74356
74356
74357
74358
74359
74359
74360
74361
74361
74362
74363
74363
74364
74365
74366
74366
74367
74368
74368
74369
74370
74370
74371
74372
74373
74373
74374
74375
74375
74376
74377
74377
74378
74379
74380
74380
74381
74382
74382
74383
74384
74384
74385
74386
74387
74387
74388
74389
74389
74390
74391
74391
74392
74393
74394
74394
74395
74396
74396
74397
74398
74398
74399
74400
74401
74401
74402
74403
74403
74404
74405
74405
74406
74407
74408
74408
74409
74410
74410
74411
74412
74412
74413
74414
74415
74415
74416
74417
74417
74418
74419
74419
74420
74421
74422
74422
74423
74424
74424
74425
74426
74426
74427
74428
74429
74429
74430
74431
74431
74432
74433
74433
74434
74435
74436
74436
74437
74438
74438
74439
74440
74440
74441
74442
74443
74443
74444
74445
74445
