8656.1
8656.8
8657.5
8658.2
8658.9
8659.6
8660.3
8661
8661.7
8662.4
8663.1
8663.8
8664.5
8665.2
8665.9
8666.6
8667.3
8668
8668.7
8669.4
8670.1
8670.8
8671.5
8672.2
8672.9
8673.6
8674.3
8675
8675.7
8676.4
8677.1
8677.8
8678.5
8679.2
8679.9
8680.6
8681.3
8682
8682.7
8683.4
8684.1
8684.8
8685.5
8686.2
8686.9
8687.6
8688.3
8689
8689.7
8690.4
8691.1
8691.8
8692.5
8693.2
8693.9
8694.6
8695.3
8696
8696.7
8697.4
8698.1
8698.8
8699.5
8700.2
8700.9
8701.6
8702.3
8703
8703.7
8704.4
8705.1
8705.8
8706.5
8707.2
8707.9
8708.6
8709.3
8710
8710.7
8711.4
8712.1
8712.8
8713.5
8714.2
8714.9
8715.6
8716.3
8717
8717.7
8718.4
8719.1
8719.8
8720.5
8721.2
8721.9
8722.6
8723.3
8724
8724.7
8725.4
8726.1
8726.8
8727.5
8728.2
8728.9
8729.6
8730.3
8731
8731.7
8732.4
8733.1
8733.8
8734.5
8735.2
8735.9
8736.6
8737.3
8738
8738.7
8739.4
8740.1
8740.8
8741.5
8742.2
8742.9
8743.6
8744.3
8745
8745.7
8746.4
8747.1
8747.8
8748.5
8749.2
8749.9
8750.6
8751.3
8752
8752.7
8753.4
8754.1
8754.8
8755.5
8756.2
8756.9
8757.6
8758.3
8759
8759.7
8760.4
8761.1
8761.8
8762.5
8763.2
8763.9
8764.6
8765.3
8766
8766.7
8767.4
8768.1
8768.8
8769.5
8770.2
8770.9
8771.6
