43.379	43.415	43.452	43.489	43.525	43.562	43.599	43.635	43.672	43.708	43.745	43.782	43.818	43.855	43.891	43.928	43.964	44.001	44.037	44.074	44.11	44.147	44.183	44.219	44.256	44.292	44.329	44.365	44.401	44.438	44.474	44.51	44.547	44.583	44.619	44.655	44.692	44.728	44.764	44.8	44.837	44.873	44.909	44.945	44.981	45.017	45.053	45.089	45.125	45.162	45.198	45.234	45.27	45.306	45.342	45.378	45.414	45.45	45.485	45.521	45.557	45.593	45.629	45.665	45.701	45.737	45.772
43.406	43.443	43.48	43.516	43.553	43.59	43.626	43.663	43.7	43.736	43.773	43.81	43.846	43.883	43.919	43.956	43.992	44.029	44.065	44.102	44.138	44.175	44.211	44.248	44.284	44.32	44.357	44.393	44.43	44.466	44.502	44.539	44.575	44.611	44.648	44.684	44.72	44.756	44.793	44.829	44.865	44.901	44.937	44.974	45.01	45.046	45.082	45.118	45.154	45.19	45.226	45.262	45.298	45.334	45.37	45.406	45.442	45.478	45.514	45.55	45.586	45.622	45.658	45.694	45.73	45.765	45.801
43.434	43.471	43.507	43.544	43.581	43.617	43.654	43.691	43.727	43.764	43.801	43.837	43.874	43.91	43.947	43.984	44.02	44.057	44.093	44.13	44.166	44.203	44.239	44.276	44.312	44.348	44.385	44.421	44.458	44.494	44.53	44.567	44.603	44.639	44.676	44.712	44.748	44.784	44.821	44.857	44.893	44.929	44.966	45.002	45.038	45.074	45.11	45.146	45.182	45.219	45.255	45.291	45.327	45.363	45.399	45.435	45.471	45.507	45.543	45.579	45.615	45.651	45.686	45.722	45.758	45.794	45.83
43.462	43.498	43.535	43.572	43.609	43.645	43.682	43.719	43.755	43.792	43.829	43.865	43.902	43.938	43.975	44.012	44.048	44.085	44.121	44.158	44.194	44.231	44.267	44.304	44.34	44.377	44.413	44.449	44.486	44.522	44.559	44.595	44.631	44.668	44.704	44.74	44.777	44.813	44.849	44.885	44.922	44.958	44.994	45.03	45.067	45.103	45.139	45.175	45.211	45.247	45.283	45.319	45.355	45.391	45.428	45.464	45.5	45.536	45.572	45.608	45.644	45.679	45.715	45.751	45.787	45.823	45.859
43.489	43.526	43.562	43.599	43.636	43.673	43.709	43.746	43.783	43.819	43.856	43.893	43.929	43.966	44.002	44.039	44.076	44.112	44.149	44.185	44.222	44.258	44.295	44.331	44.368	44.404	44.441	44.477	44.514	44.55	44.586	44.623	44.659	44.696	44.732	44.768	44.805	44.841	44.877	44.913	44.95	44.986	45.022	45.058	45.095	45.131	45.167	45.203	45.239	45.275	45.311	45.348	45.384	45.42	45.456	45.492	45.528	45.564	45.6	45.636	45.672	45.708	45.744	45.78	45.816	45.852	45.887
43.516	43.553	43.59	43.627	43.663	43.7	43.737	43.774	43.81	43.847	43.884	43.92	43.957	43.994	44.03	44.067	44.103	44.14	44.177	44.213	44.25	44.286	44.323	44.359	44.396	44.432	44.469	44.505	44.542	44.578	44.614	44.651	44.687	44.724	44.76	44.796	44.833	44.869	44.905	44.942	44.978	45.014	45.05	45.087	45.123	45.159	45.195	45.231	45.267	45.304	45.34	45.376	45.412	45.448	45.484	45.52	45.556	45.592	45.628	45.664	45.7	45.736	45.772	45.808	45.844	45.88	45.916
43.544	43.581	43.617	43.654	43.691	43.728	43.764	43.801	43.838	43.875	43.911	43.948	43.985	44.021	44.058	44.095	44.131	44.168	44.204	44.241	44.277	44.314	44.351	44.387	44.424	44.46	44.497	44.533	44.57	44.606	44.642	44.679	44.715	44.752	44.788	44.824	44.861	44.897	44.933	44.97	45.006	45.042	45.079	45.115	45.151	45.187	45.223	45.26	45.296	45.332	45.368	45.404	45.44	45.476	45.513	45.549	45.585	45.621	45.657	45.693	45.729	45.765	45.801	45.837	45.873	45.909	45.945
43.571	43.608	43.645	43.682	43.718	43.755	43.792	43.829	43.865	43.902	43.939	43.976	44.012	44.049	44.086	44.122	44.159	44.195	44.232	44.269	44.305	44.342	44.378	44.415	44.451	44.488	44.524	44.561	44.597	44.634	44.67	44.707	44.743	44.78	44.816	44.852	44.889	44.925	44.961	44.998	45.034	45.07	45.107	45.143	45.179	45.215	45.252	45.288	45.324	45.36	45.396	45.433	45.469	45.505	45.541	45.577	45.613	45.649	45.685	45.721	45.757	45.793	45.829	45.865	45.901	45.937	45.973
43.598	43.635	43.672	43.709	43.746	43.783	43.819	43.856	43.893	43.93	43.966	44.003	44.04	44.076	44.113	44.15	44.186	44.223	44.26	44.296	44.333	44.369	44.406	44.442	44.479	44.516	44.552	44.589	44.625	44.662	44.698	44.734	44.771	44.807	44.844	44.88	44.917	44.953	44.989	45.026	45.062	45.098	45.135	45.171	45.207	45.243	45.28	45.316	45.352	45.388	45.424	45.461	45.497	45.533	45.569	45.605	45.641	45.677	45.714	45.75	45.786	45.822	45.858	45.894	45.93	45.966	46.002
43.626	43.663	43.699	43.736	43.773	43.81	43.847	43.883	43.92	43.957	43.994	44.03	44.067	44.104	44.141	44.177	44.214	44.25	44.287	44.324	44.36	44.397	44.434	44.47	44.507	44.543	44.58	44.616	44.653	44.689	44.726	44.762	44.799	44.835	44.872	44.908	44.944	44.981	45.017	45.054	45.09	45.126	45.163	45.199	45.235	45.271	45.308	45.344	45.38	45.416	45.453	45.489	45.525	45.561	45.597	45.633	45.67	45.706	45.742	45.778	45.814	45.85	45.886	45.922	45.958	45.994	46.03
43.653	43.69	43.727	43.764	43.8	43.837	43.874	43.911	43.948	43.984	44.021	44.058	44.095	44.131	44.168	44.205	44.241	44.278	44.315	44.351	44.388	44.424	44.461	44.498	44.534	44.571	44.607	44.644	44.681	44.717	44.754	44.79	44.826	44.863	44.899	44.936	44.972	45.009	45.045	45.081	45.118	45.154	45.191	45.227	45.263	45.299	45.336	45.372	45.408	45.444	45.481	45.517	45.553	45.589	45.625	45.662	45.698	45.734	45.77	45.806	45.842	45.878	45.914	45.95	45.986	46.022	46.058
43.68	43.717	43.754	43.791	43.828	43.865	43.901	43.938	43.975	44.012	44.049	44.085	44.122	44.159	44.196	44.232	44.269	44.306	44.342	44.379	44.416	44.452	44.489	44.525	44.562	44.599	44.635	44.672	44.708	44.745	44.781	44.818	44.854	44.891	44.927	44.964	45	45.037	45.073	45.11	45.146	45.182	45.219	45.255	45.291	45.328	45.364	45.4	45.436	45.473	45.509	45.545	45.581	45.618	45.654	45.69	45.726	45.762	45.798	45.835	45.871	45.907	45.943	45.979	46.015	46.051	46.087
43.708	43.745	43.781	43.818	43.855	43.892	43.929	43.966	44.002	44.039	44.076	44.113	44.15	44.186	44.223	44.26	44.296	44.333	44.37	44.407	44.443	44.48	44.517	44.553	44.59	44.626	44.663	44.7	44.736	44.773	44.809	44.846	44.882	44.919	44.955	44.992	45.028	45.065	45.101	45.137	45.174	45.21	45.247	45.283	45.319	45.356	45.392	45.428	45.465	45.501	45.537	45.573	45.61	45.646	45.682	45.718	45.754	45.791	45.827	45.863	45.899	45.935	45.971	46.007	46.043	46.079	46.115
43.735	43.772	43.809	43.846	43.882	43.919	43.956	43.993	44.03	44.067	44.103	44.14	44.177	44.214	44.251	44.287	44.324	44.361	44.397	44.434	44.471	44.508	44.544	44.581	44.617	44.654	44.691	44.727	44.764	44.8	44.837	44.874	44.91	44.947	44.983	45.02	45.056	45.093	45.129	45.165	45.202	45.238	45.275	45.311	45.347	45.384	45.42	45.456	45.493	45.529	45.565	45.602	45.638	45.674	45.71	45.746	45.783	45.819	45.855	45.891	45.927	45.963	46	46.036	46.072	46.108	46.144
43.762	43.799	43.836	43.873	43.91	43.947	43.984	44.02	44.057	44.094	44.131	44.168	44.205	44.241	44.278	44.315	44.352	44.388	44.425	44.462	44.499	44.535	44.572	44.609	44.645	44.682	44.718	44.755	44.792	44.828	44.865	44.901	44.938	44.974	45.011	45.048	45.084	45.12	45.157	45.193	45.23	45.266	45.303	45.339	45.375	45.412	45.448	45.484	45.521	45.557	45.593	45.63	45.666	45.702	45.738	45.775	45.811	45.847	45.883	45.92	45.956	45.992	46.028	46.064	46.1	46.136	46.172
43.789	43.826	43.863	43.9	43.937	43.974	44.011	44.048	44.085	44.122	44.158	44.195	44.232	44.269	44.306	44.342	44.379	44.416	44.453	44.489	44.526	44.563	44.599	44.636	44.673	44.709	44.746	44.783	44.819	44.856	44.893	44.929	44.966	45.002	45.039	45.075	45.112	45.148	45.185	45.221	45.258	45.294	45.331	45.367	45.403	45.44	45.476	45.513	45.549	45.585	45.622	45.658	45.694	45.73	45.767	45.803	45.839	45.875	45.912	45.948	45.984	46.02	46.056	46.092	46.129	46.165	46.201
43.817	43.854	43.891	43.928	43.965	44.002	44.039	44.075	44.112	44.149	44.186	44.223	44.26	44.297	44.333	44.37	44.407	44.444	44.48	44.517	44.554	44.591	44.627	44.664	44.701	44.737	44.774	44.811	44.847	44.884	44.921	44.957	44.994	45.03	45.067	45.103	45.14	45.176	45.213	45.249	45.286	45.322	45.359	45.395	45.432	45.468	45.504	45.541	45.577	45.614	45.65	45.686	45.723	45.759	45.795	45.831	45.868	45.904	45.94	45.976	46.013	46.049	46.085	46.121	46.157	46.193	46.229
43.844	43.881	43.918	43.955	43.992	44.029	44.066	44.103	44.14	44.177	44.214	44.251	44.287	44.324	44.361	44.398	44.435	44.471	44.508	44.545	44.582	44.618	44.655	44.692	44.729	44.765	44.802	44.839	44.875	44.912	44.949	44.985	45.022	45.058	45.095	45.132	45.168	45.205	45.241	45.278	45.314	45.351	45.387	45.424	45.46	45.496	45.533	45.569	45.606	45.642	45.678	45.715	45.751	45.787	45.824	45.86	45.896	45.932	45.969	46.005	46.041	46.077	46.113	46.15	46.186	46.222	46.258
43.872	43.909	43.946	43.983	44.02	44.057	44.094	44.131	44.167	44.204	44.241	44.278	44.315	44.352	44.389	44.426	44.462	44.499	44.536	44.573	44.61	44.646	44.683	44.72	44.756	44.793	44.83	44.867	44.903	44.94	44.977	45.013	45.05	45.086	45.123	45.16	45.196	45.233	45.269	45.306	45.342	45.379	45.415	45.452	45.488	45.525	45.561	45.597	45.634	45.67	45.707	45.743	45.779	45.816	45.852	45.888	45.924	45.961	45.997	46.033	46.07	46.106	46.142	46.178	46.214	46.25	46.287
43.899	43.936	43.973	44.01	44.047	44.084	44.121	44.158	44.195	44.232	44.269	44.306	44.343	44.38	44.416	44.453	44.49	44.527	44.564	44.601	44.637	44.674	44.711	44.748	44.784	44.821	44.858	44.894	44.931	44.968	45.005	45.041	45.078	45.114	45.151	45.188	45.224	45.261	45.297	45.334	45.37	45.407	45.443	45.48	45.516	45.553	45.589	45.626	45.662	45.698	45.735	45.771	45.808	45.844	45.88	45.917	45.953	45.989	46.025	46.062	46.098	46.134	46.17	46.207	46.243	46.279	46.315
43.927	43.964	44.001	44.038	44.075	44.112	44.149	44.186	44.223	44.26	44.297	44.334	44.371	44.408	44.444	44.481	44.518	44.555	44.592	44.629	44.665	44.702	44.739	44.776	44.812	44.849	44.886	44.923	44.959	44.996	45.033	45.069	45.106	45.143	45.179	45.216	45.253	45.289	45.326	45.362	45.399	45.435	45.472	45.508	45.545	45.581	45.618	45.654	45.691	45.727	45.763	45.8	45.836	45.873	45.909	45.945	45.982	46.018	46.054	46.091	46.127	46.163	46.199	46.236	46.272	46.308	46.344
43.955	43.992	44.029	44.066	44.103	44.14	44.177	44.214	44.251	44.288	44.325	44.362	44.399	44.436	44.472	44.509	44.546	44.583	44.62	44.657	44.694	44.73	44.767	44.804	44.841	44.877	44.914	44.951	44.988	45.024	45.061	45.098	45.134	45.171	45.208	45.244	45.281	45.318	45.354	45.391	45.427	45.464	45.5	45.537	45.573	45.61	45.646	45.683	45.719	45.756	45.792	45.829	45.865	45.901	45.938	45.974	46.01	46.047	46.083	46.119	46.156	46.192	46.228	46.264	46.301	46.337	46.373
43.983	44.02	44.057	44.094	44.131	44.168	44.205	44.242	44.279	44.316	44.353	44.39	44.427	44.463	44.5	44.537	44.574	44.611	44.648	44.685	44.722	44.758	44.795	44.832	44.869	44.906	44.942	44.979	45.016	45.053	45.089	45.126	45.163	45.199	45.236	45.273	45.309	45.346	45.383	45.419	45.456	45.492	45.529	45.565	45.602	45.638	45.675	45.711	45.748	45.784	45.821	45.857	45.894	45.93	45.966	46.003	46.039	46.075	46.112	46.148	46.184	46.221	46.257	46.293	46.33	46.366	46.402
44.011	44.048	44.085	44.122	44.159	44.196	44.233	44.27	44.307	44.344	44.381	44.418	44.455	44.492	44.529	44.565	44.602	44.639	44.676	44.713	44.75	44.787	44.824	44.86	44.897	44.934	44.971	45.008	45.044	45.081	45.118	45.154	45.191	45.228	45.265	45.301	45.338	45.375	45.411	45.448	45.484	45.521	45.557	45.594	45.631	45.667	45.704	45.74	45.777	45.813	45.85	45.886	45.922	45.959	45.995	46.032	46.068	46.104	46.141	46.177	46.213	46.25	46.286	46.322	46.359	46.395	46.431
