65815
65816
65817
65818
65818
65819
65820
65820
65821
65822
65822
65823
65824
65825
65825
65826
65827
65827
65828
65829
65829
65830
65831
65832
65832
65833
65834
65834
65835
65836
65836
65837
65838
65839
65839
65840
65841
65841
65842
65843
65843
65844
65845
65846
65846
65847
65848
65848
65849
65850
65850
65851
65852
65853
65853
65854
65855
65855
65856
65857
65857
65858
65859
65860
65860
65861
65862
65862
65863
65864
65864
65865
65866
65867
65867
65868
65869
65869
65870
65871
65871
65872
65873
65874
65874
65875
65876
65876
65877
65878
65878
65879
65880
65881
65881
65882
65883
65883
65884
65885
65885
65886
65887
65888
65888
65889
65890
65890
65891
65892
65892
65893
65894
65895
65895
65896
65897
65897
65898
65899
65899
65900
65901
65902
65902
65903
65904
65904
65905
65906
65906
65907
65908
65909
65909
65910
65911
65911
65912
65913
65913
65914
65915
65916
65916
65917
65918
65918
65919
65920
65920
65921
65922
65923
65923
65924
65925
65925
65926
65927
65927
65928
65929
65930
65930
65931
65932
65932
65933
65934
65934
65935
65936
65937
65937
65938
65939
65939
65940
65941
65941
65942
65943
65944
65944
65945
65946
65946
65947
65948
65948
65949
65950
65951
65951
65952
65953
65953
65954
65955
65955
65956
65957
65958
65958
65959
65960
65960
65961
65962
65962
65963
65964
65965
65965
65966
65967
65967
65968
65969
65969
65970
65971
65972
65972
65973
65974
65974
65975
65976
65976
65977
65978
65979
65979
65980
65981
65981
65982
65983
65983
65984
65985
65986
65986
65987
65988
65988
65989
65990
65990
65991
65992
65993
65993
65994
65995
65995
65996
65997
65997
65998
65999
66000
66000
66001
66002
66002
66003
66004
66004
66005
66006
66007
66007
66008
66009
66009
66010
66011
66011
66012
66013
66014
66014
66015
66016
66016
66017
66018
66018
66019
66020
66021
66021
66022
66023
66023
66024
66025
66025
66026
66027
66028
66028
66029
66030
66030
66031
66032
66032
66033
66034
66035
66035
66036
66037
66037
66038
66039
66039
66040
66041
66042
66042
66043
66044
66044
66045
66046
66046
66047
66048
66049
66049
66050
66051
66051
66052
66053
66053
66054
66055
66056
66056
66057
66058
66058
66059
66060
66060
66061
66062
66063
66063
66064
66065
66065
66066
66067
66067
66068
66069
66070
66070
66071
66072
66072
66073
66074
66074
66075
66076
66077
66077
66078
66079
66079
66080
66081
66081
