71488
71489
71490
71490
71491
71492
71492
71493
71494
71495
71495
71496
71497
71497
71498
71499
71499
71500
71501
71502
71502
71503
71504
71504
71505
71506
71506
71507
71508
71509
71509
71510
71511
71511
71512
71513
71513
71514
71515
71516
71516
71517
71518
71518
71519
71520
71520
71521
71522
71523
71523
71524
71525
71525
71526
71527
71527
71528
71529
71530
71530
71531
71532
71532
71533
71534
71534
71535
71536
71537
71537
71538
71539
71539
71540
71541
71541
71542
71543
71544
71544
71545
71546
71546
71547
71548
71548
71549
71550
71551
71551
71552
71553
71553
