42699
42700
42701
42701
42702
42703
42703
42704
42705
42706
42706
42707
42708
42708
42709
42710
42710
42711
42712
42713
42713
42714
42715
42715
42716
42717
42717
42718
42719
42720
42720
42721
42722
42722
42723
42724
42724
42725
42726
42727
42727
42728
42729
42729
42730
42731
42731
42732
42733
42734
42734
42735
42736
42736
42737
42738
42738
42739
42740
42741
42741
42742
42743
42743
42744
42745
42745
42746
42747
42748
42748
42749
42750
42750
42751
42752
42752
42753
42754
42755
42755
42756
42757
42757
42758
42759
42759
42760
42761
42762
42762
42763
42764
42764
42765
42766
42766
42767
42768
42769
42769
42770
42771
42771
42772
42773
42773
42774
42775
42776
42776
42777
42778
42778
42779
42780
42780
42781
42782
42783
42783
42784
42785
42785
42786
42787
42787
42788
42789
42790
42790
42791
42792
42792
42793
42794
42794
42795
42796
42797
42797
42798
42799
42799
42800
42801
42801
42802
42803
42804
42804
42805
42806
42806
42807
42808
42808
42809
42810
42811
42811
42812
42813
42813
42814
42815
42815
42816
42817
42818
42818
42819
42820
42820
42821
42822
42822
42823
42824
42825
42825
42826
42827
42827
42828
42829
42829
42830
42831
42832
42832
42833
42834
42834
42835
42836
42836
42837
42838
42839
42839
42840
42841
42841
42842
42843
42843
42844
42845
42846
42846
42847
42848
42848
42849
42850
42850
42851
42852
42853
42853
42854
42855
42855
42856
42857
42857
42858
42859
42860
42860
42861
42862
42862
42863
42864
42864
42865
42866
42867
42867
42868
42869
42869
42870
42871
42871
42872
42873
42874
42874
42875
42876
42876
42877
42878
42878
42879
42880
42881
42881
42882
42883
42883
42884
42885
42885
42886
42887
42888
42888
42889
42890
42890
42891
42892
42892
42893
42894
42895
42895
42896
42897
42897
42898
42899
42899
42900
42901
42902
42902
42903
42904
42904
42905
42906
42906
42907
42908
42909
42909
42910
42911
42911
42912
42913
42913
42914
42915
42916
42916
42917
42918
42918
42919
42920
42920
42921
42922
42923
42923
42924
42925
42925
42926
42927
42927
42928
42929
42930
42930
42931
42932
42932
42933
42934
42934
42935
42936
42937
42937
42938
42939
42939
42940
42941
42941
42942
42943
42944
42944
42945
42946
42946
42947
42948
42948
42949
42950
42951
42951
42952
42953
42953
42954
42955
42955
42956
42957
42958
42958
42959
42960
42960
42961
42962
42962
42963
42964
42965
42965
42966
42967
42967
42968
42969
42969
42970
42971
42972
42972
42973
42974
42974
42975
42976
42976
42977
42978
42979
42979
42980
42981
42981
42982
42983
42983
42984
42985
42986
42986
42987
42988
