66390
66390
66391
66392
66393
66393
66394
66395
66395
66396
66397
66397
66398
66399
66400
66400
66401
66402
66402
66403
66404
66404
66405
66406
66407
66407
66408
66409
66409
66410
66411
66411
66412
66413
66414
66414
66415
66416
66416
66417
66418
66418
66419
66420
66421
66421
66422
66423
66423
66424
66425
66425
66426
66427
66428
66428
66429
66430
66430
66431
66432
66432
66433
66434
66435
66435
66436
66437
66437
66438
66439
66439
66440
66441
66442
66442
66443
66444
66444
66445
66446
66446
66447
66448
66449
66449
66450
66451
66451
66452
66453
66453
66454
66455
66456
66456
66457
66458
66458
66459
66460
66460
66461
66462
66463
66463
66464
66465
66465
66466
66467
66467
66468
66469
66470
66470
66471
66472
66472
66473
66474
66474
66475
66476
66477
66477
66478
66479
66479
66480
66481
66481
66482
66483
66484
66484
66485
66486
66486
66487
66488
66488
66489
66490
66491
66491
66492
66493
66493
66494
66495
66495
66496
66497
66498
66498
66499
66500
66500
66501
66502
66502
66503
66504
66505
66505
66506
66507
66507
66508
66509
66509
66510
66511
66512
66512
66513
66514
66514
66515
66516
66516
66517
66518
66519
66519
66520
66521
66521
66522
66523
66523
66524
66525
66526
66526
66527
66528
66528
66529
66530
66530
66531
66532
66533
66533
66534
66535
66535
66536
66537
66537
66538
66539
66540
66540
66541
66542
66542
66543
66544
66544
66545
66546
66547
66547
66548
66549
66549
66550
66551
66551
66552
66553
66554
66554
66555
66556
66556
66557
66558
66558
66559
66560
66561
66561
66562
66563
66563
66564
66565
66565
66566
66567
66568
66568
66569
66570
66570
66571
66572
66572
66573
66574
66575
66575
66576
66577
66577
66578
66579
66579
66580
66581
66582
66582
66583
66584
66584
66585
66586
66586
66587
66588
66589
66589
66590
66591
66591
66592
66593
66593
66594
66595
66596
66596
66597
66598
66598
66599
66600
66600
66601
66602
66603
66603
66604
66605
66605
66606
66607
66607
66608
66609
66610
66610
66611
66612
66612
66613
66614
66614
66615
66616
66617
66617
66618
66619
66619
66620
66621
66621
66622
66623
66624
66624
66625
66626
66626
66627
66628
66628
66629
66630
66631
66631
66632
66633
66633
66634
66635
66635
66636
66637
66638
66638
66639
66640
66640
66641
66642
66642
66643
66644
66645
66645
66646
66647
66647
66648
66649
66649
66650
66651
66652
66652
66653
66654
66654
66655
66656
66656
66657
66658
66659
66659
66660
66661
66661
66662
66663
66663
66664
66665
66666
66666
66667
66668
66668
