11070
11071
11072
11073
11073
11074
11075
11075
11076
11077
11077
11078
11079
11080
11080
11081
11082
11082
11083
11084
11084
11085
11086
11087
11087
11088
11089
11089
11090
11091
11091
11092
11093
11094
11094
11095
11096
11096
11097
11098
11098
11099
11100
11101
11101
11102
11103
11103
11104
11105
11105
11106
11107
11108
11108
11109
11110
11110
11111
11112
11112
11113
11114
11115
11115
11116
11117
11117
11118
11119
11119
11120
11121
11122
11122
11123
11124
11124
11125
11126
11126
11127
11128
11129
11129
11130
11131
11131
11132
11133
11133
11134
11135
11136
11136
11137
11138
11138
11139
11140
11140
11141
11142
11143
11143
11144
11145
11145
11146
11147
