79100
79101
79101
79102
79103
79103
79104
79105
79105
79106
79107
79108
79108
79109
79110
79110
79111
79112
79112
79113
79114
79115
79115
79116
79117
79117
79118
79119
79119
79120
79121
79122
79122
79123
79124
79124
79125
79126
79126
79127
79128
79129
79129
79130
79131
79131
79132
79133
79133
79134
79135
79136
79136
79137
79138
79138
79139
79140
79140
79141
79142
79143
79143
79144
79145
79145
79146
79147
79147
79148
79149
79150
79150
79151
79152
79152
79153
79154
79154
79155
79156
79157
79157
79158
79159
79159
79160
79161
79161
79162
79163
79164
79164
79165
79166
79166
79167
79168
79168
79169
79170
79171
79171
79172
79173
79173
79174
79175
79175
79176
79177
79178
79178
79179
79180
79180
79181
79182
79182
79183
79184
79185
79185
79186
79187
79187
79188
79189
79189
79190
79191
79192
79192
79193
79194
79194
79195
79196
79196
79197
79198
79199
79199
79200
79201
79201
79202
79203
79203
79204
79205
79206
79206
79207
79208
79208
79209
79210
79210
79211
79212
79213
79213
79214
79215
79215
79216
79217
79217
79218
79219
79220
79220
79221
79222
79222
79223
79224
79224
79225
79226
79227
79227
79228
79229
79229
79230
79231
79231
79232
79233
79234
79234
79235
79236
79236
79237
79238
79238
79239
79240
79241
79241
79242
79243
79243
79244
79245
79245
79246
79247
79248
79248
79249
79250
79250
79251
79252
79252
79253
79254
79255
79255
79256
79257
79257
79258
79259
79259
79260
79261
79262
79262
79263
79264
79264
79265
79266
79266
79267
79268
79269
79269
79270
79271
79271
79272
79273
79273
79274
79275
79276
79276
79277
79278
79278
79279
79280
79280
79281
79282
79283
79283
79284
79285
79285
79286
79287
79287
79288
79289
79290
79290
79291
79292
79292
79293
79294
79294
79295
79296
79297
79297
79298
79299
79299
79300
79301
79301
