60301
60301
60302
60303
60303
60304
60305
60305
60306
60307
60308
60308
60309
60310
60310
60311
60312
60312
60313
60314
60315
60315
60316
60317
60317
60318
60319
60319
60320
60321
60322
60322
60323
60324
60324
60325
60326
60326
60327
60328
60329
60329
60330
60331
60331
60332
60333
60333
60334
60335
60336
60336
60337
60338
60338
60339
60340
60340
60341
60342
60343
60343
60344
60345
60345
60346
60347
60347
60348
60349
60350
60350
60351
60352
60352
60353
60354
60354
60355
60356
60357
60357
60358
60359
60359
60360
60361
60361
60362
60363
60364
60364
60365
60366
60366
60367
60368
60368
60369
60370
60371
60371
60372
60373
60373
60374
60375
60375
60376
60377
60378
60378
60379
60380
60380
60381
60382
60382
60383
60384
60385
60385
60386
60387
60387
60388
60389
60389
60390
60391
60392
60392
60393
60394
60394
60395
60396
60396
60397
60398
60399
60399
60400
60401
60401
60402
60403
60403
60404
60405
60406
60406
60407
60408
60408
60409
60410
60410
60411
60412
60413
60413
60414
60415
60415
60416
60417
60417
60418
60419
60420
60420
60421
60422
60422
60423
60424
60424
60425
60426
60427
60427
60428
60429
60429
60430
60431
60431
60432
60433
60434
60434
60435
60436
60436
60437
60438
60438
60439
60440
60441
60441
60442
60443
60443
60444
60445
60445
60446
60447
60448
60448
60449
60450
60450
60451
60452
60452
60453
60454
60455
60455
60456
60457
60457
60458
60459
60459
60460
60461
60462
60462
60463
60464
60464
60465
60466
60466
60467
60468
60469
60469
60470
60471
60471
60472
60473
60473
60474
60475
60476
60476
60477
60478
60478
60479
60480
60480
60481
60482
60483
60483
60484
60485
60485
60486
60487
60487
60488
60489
60490
60490
60491
60492
60492
60493
60494
60494
60495
60496
60497
60497
60498
60499
60499
60500
60501
60501
60502
60503
60504
60504
60505
60506
60506
60507
60508
60508
60509
60510
60511
60511
60512
60513
60513
60514
60515
60515
60516
60517
60518
60518
60519
60520
60520
60521
60522
60522
60523
60524
60525
60525
60526
60527
60527
60528
60529
60529
60530
60531
60532
60532
60533
60534
60534
60535
60536
60536
60537
60538
60539
60539
60540
60541
60541
60542
60543
60543
60544
60545
60546
60546
60547
60548
60548
60549
60550
60550
60551
60552
60553
60553
60554
60555
60555
60556
60557
60557
60558
60559
60560
60560
60561
60562
60562
60563
