82694
82694
82695
82696
82697
82697
82698
82699
82699
82700
82701
82701
82702
82703
82704
82704
82705
82706
82706
82707
82708
82708
82709
82710
82711
82711
82712
82713
82713
82714
82715
82715
82716
82717
82718
82718
82719
82720
82720
82721
82722
82722
82723
82724
82725
82725
82726
82727
82727
82728
82729
82729
82730
82731
82732
82732
82733
82734
82734
82735
82736
82736
82737
82738
82739
82739
82740
82741
82741
82742
82743
82743
82744
82745
82746
82746
82747
82748
82748
82749
82750
82750
82751
82752
82753
82753
82754
82755
82755
82756
82757
82757
82758
82759
82760
82760
82761
82762
82762
82763
82764
82764
82765
82766
82767
82767
82768
82769
82769
82770
82771
82771
82772
82773
82774
82774
82775
82776
82776
82777
82778
82778
82779
82780
82781
82781
82782
82783
82783
82784
82785
82785
82786
82787
82788
82788
82789
82790
82790
82791
82792
82792
82793
82794
82795
82795
82796
82797
82797
82798
82799
82799
82800
82801
82802
82802
82803
82804
82804
82805
82806
82806
82807
82808
82809
82809
82810
82811
82811
82812
82813
82813
82814
82815
82816
82816
82817
82818
82818
82819
82820
82820
82821
82822
82823
82823
82824
82825
82825
82826
82827
82827
82828
82829
82830
82830
82831
82832
82832
82833
82834
82834
82835
82836
82837
82837
82838
82839
82839
82840
82841
82841
82842
82843
82844
82844
82845
82846
82846
82847
82848
82848
82849
82850
82851
82851
82852
82853
82853
82854
82855
82855
82856
82857
82858
82858
82859
82860
82860
82861
82862
82862
82863
82864
82865
82865
82866
82867
82867
82868
82869
82869
82870
82871
82872
82872
82873
82874
82874
82875
82876
82876
82877
82878
82879
82879
82880
82881
82881
82882
82883
82883
82884
82885
82886
82886
82887
82888
82888
82889
82890
82890
82891
82892
82893
82893
82894
82895
82895
82896
82897
82897
82898
82899
82900
82900
