1489.3
1490
1490.7
1491.4
1492.1
1492.8
1493.5
1494.2
1494.9
1495.6
1496.3
1497
1497.7
1498.4
1499.1
1499.8
1500.5
1501.2
1501.9
1502.6
1503.3
1504
1504.7
1505.4
1506.1
1506.8
1507.5
1508.2
1508.9
1509.6
1510.3
1511
1511.7
1512.4
1513.1
1513.8
1514.5
1515.2
1515.9
1516.6
1517.3
1518
1518.7
1519.4
1520.1
1520.8
1521.5
1522.2
1522.9
1523.6
1524.3
1525
1525.7
1526.4
1527.1
1527.8
1528.5
1529.2
1529.9
1530.6
1531.3
1532
1532.7
1533.4
1534.1
1534.8
1535.5
1536.2
1536.9
1537.6
1538.3
1539
1539.7
1540.4
1541.1
1541.8
1542.5
1543.2
1543.9
1544.6
1545.3
1546
1546.7
1547.4
1548.1
1548.8
1549.5
1550.2
1550.9
1551.6
1552.3
1553
1553.7
1554.4
1555.1
1555.8
1556.5
1557.2
1557.9
1558.6
1559.3
1560
1560.7
1561.4
1562.1
1562.8
1563.5
1564.2
1564.9
1565.6
1566.3
1567
1567.7
1568.4
1569.1
1569.8
1570.5
1571.2
1571.9
1572.6
1573.3
1574
1574.7
1575.4
1576.1
1576.8
1577.5
1578.2
1578.9
1579.6
1580.3
1581
1581.7
1582.4
1583.1
1583.8
1584.5
1585.2
1585.9
1586.6
1587.3
1588
1588.7
1589.4
1590.1
1590.8
1591.5
1592.2
1592.9
1593.6
1594.3
1595
1595.7
1596.4
1597.1
1597.8
1598.5
1599.2
1599.9
1600.6
1601.3
1602
1602.7
1603.4
1604.1
1604.8
1605.5
1606.2
1606.9
1607.6
1608.3
1609
1609.7
1610.4
1611.1
1611.8
1612.5
1613.2
1613.9
1614.6
1615.3
1616
1616.7
1617.4
1618.1
1618.8
1619.5
1620.2
1620.9
1621.6
1622.3
1623
1623.7
1624.4
1625.1
1625.8
1626.5
1627.2
1627.9
1628.6
1629.3
1630
1630.7
1631.4
1632.1
1632.8
1633.5
1634.2
1634.9
1635.6
1636.3
1637
1637.7
1638.4
1639.1
1639.8
1640.5
1641.2
1641.9
1642.6
1643.3
1644
1644.7
1645.4
1646.1
1646.8
1647.5
1648.2
1648.9
1649.6
1650.3
1651
1651.7
1652.4
1653.1
1653.8
1654.5
1655.2
1655.9
1656.6
1657.3
1658
1658.7
1659.4
1660.1
1660.8
1661.5
1662.2
1662.9
1663.6
1664.3
1665
1665.7
1666.4
1667.1
1667.8
1668.5
1669.2
1669.9
1670.6
1671.3
1672
1672.7
1673.4
1674.1
1674.8
1675.5
1676.2
1676.9
1677.6
1678.3
1679
1679.7
1680.4
1681.1
1681.8
1682.5
1683.2
1683.9
1684.6
1685.3
1686
1686.7
1687.4
1688.1
1688.8
1689.5
1690.2
1690.9
1691.6
1692.3
1693
1693.7
1694.4
1695.1
1695.8
1696.5
1697.2
1697.9
1698.6
1699.3
1700
1700.7
1701.4
1702.1
1702.8
1703.5
1704.2
1704.9
1705.6
1706.3
1707
1707.7
1708.4
1709.1
1709.8
1710.5
1711.2
1711.9
1712.6
1713.3
1714
1714.7
1715.4
1716.1
1716.8
1717.5
1718.2
1718.9
1719.6
1720.3
1721
1721.7
1722.4
1723.1
1723.8
1724.5
1725.2
1725.9
1726.6
1727.3
1728
1728.7
1729.4
1730.1
1730.8
1731.5
1732.2
1732.9
1733.6
1734.3
1735
1735.7
1736.4
1737.1
1737.8
1738.5
1739.2
1739.9
1740.6
1741.3
1742
1742.7
1743.4
1744.1
1744.8
1745.5
1746.2
1746.9
1747.6
1748.3
1749
1749.7
1750.4
1751.1
1751.8
1752.5
1753.2
1753.9
1754.6
1755.3
1756
1756.7
1757.4
1758.1
1758.8
1759.5
1760.2
1760.9
1761.6
1762.3
1763
1763.7
1764.4
1765.1
1765.8
1766.5
1767.2
1767.9
1768.6
1769.3
1770
1770.7
1771.4
1772.1
1772.8
1773.5
1774.2
1774.9
1775.6
1776.3
1777
1777.7
1778.4
1779.1
1779.8
1780.5
1781.2
1781.9
1782.6
1783.3
1784
1784.7
1785.4
1786.1
1786.8
1787.5
1788.2
1788.9
1789.6
1790.3
1791
1791.7
1792.4
1793.1
1793.8
1794.5
1795.2
1795.9
1796.6
1797.3
1798
1798.7
1799.4
1800.1
1800.8
1801.5
1802.2
1802.9
1803.6
1804.3
1805
1805.7
1806.4
1807.1
1807.8
1808.5
1809.2
1809.9
1810.6
1811.3
1812
1812.7
1813.4
1814.1
1814.8
1815.5
1816.2
1816.9
1817.6
1818.3
1819
1819.7
1820.4
1821.1
1821.8
1822.5
1823.2
1823.9
1824.6
1825.3
1826
1826.7
1827.4
1828.1
1828.8
1829.5
1830.2
1830.9
1831.6
1832.3
1833
1833.7
1834.4
1835.1
1835.8
1836.5
1837.2
1837.9
1838.6
1839.3
1840
1840.7
1841.4
1842.1
1842.8
1843.5
1844.2
1844.9
1845.6
1846.3
1847
1847.7
1848.4
1849.1
1849.8
1850.5
1851.2
1851.9
1852.6
1853.3
1854
1854.7
1855.4
1856.1
1856.8
1857.5
1858.2
1858.9
1859.6
1860.3
1861
1861.7
1862.4
1863.1
1863.8
1864.5
1865.2
1865.9
1866.6
1867.3
1868
1868.7
1869.4
1870.1
1870.8
1871.5
1872.2
1872.9
1873.6
1874.3
1875
1875.7
1876.4
1877.1
1877.8
1878.5
1879.2
1879.9
1880.6
1881.3
1882
1882.7
1883.4
1884.1
1884.8
1885.5
1886.2
