69175
69176
69176
69177
69178
69178
69179
69180
69181
69181
69182
69183
69183
69184
69185
69185
69186
69187
69188
69188
69189
69190
69190
69191
69192
69192
69193
69194
69195
69195
69196
69197
69197
69198
69199
69199
69200
69201
69202
69202
69203
69204
69204
69205
69206
69206
69207
69208
69209
69209
69210
69211
69211
69212
69213
69213
69214
69215
69216
69216
69217
69218
69218
69219
69220
69220
69221
69222
69223
69223
69224
69225
69225
69226
69227
69227
69228
69229
69230
69230
69231
69232
69232
69233
69234
69234
69235
69236
69237
69237
69238
69239
69239
69240
69241
69241
69242
69243
69244
69244
69245
69246
69246
69247
69248
69248
69249
69250
69251
69251
69252
69253
69253
69254
69255
69255
69256
69257
69258
69258
69259
69260
69260
69261
69262
69262
69263
69264
69265
69265
69266
69267
69267
69268
69269
69269
69270
69271
69272
69272
69273
69274
69274
69275
69276
69276
69277
69278
69279
69279
69280
69281
69281
69282
69283
69283
69284
69285
69286
69286
69287
69288
69288
69289
69290
69290
69291
69292
69293
69293
69294
69295
69295
69296
69297
69297
69298
69299
69300
69300
69301
69302
69302
69303
69304
69304
69305
69306
69307
69307
69308
69309
69309
69310
69311
69311
69312
69313
69314
69314
69315
69316
69316
69317
69318
69318
69319
69320
69321
69321
69322
69323
69323
69324
69325
69325
69326
69327
69328
69328
69329
69330
69330
69331
69332
69332
69333
69334
69335
69335
69336
69337
69337
69338
69339
69339
69340
69341
69342
69342
69343
69344
69344
69345
69346
69346
69347
69348
69349
69349
69350
69351
69351
69352
69353
69353
69354
69355
69356
69356
69357
69358
69358
69359
69360
69360
69361
69362
69363
69363
69364
69365
69365
69366
69367
69367
69368
69369
69370
69370
69371
69372
69372
69373
69374
69374
69375
69376
69377
69377
69378
69379
69379
69380
69381
69381
69382
69383
69384
69384
69385
69386
69386
69387
69388
69388
69389
69390
69391
69391
69392
69393
69393
69394
69395
69395
69396
69397
69398
69398
69399
69400
69400
69401
69402
69402
69403
69404
69405
69405
69406
69407
69407
69408
69409
69409
69410
69411
69412
69412
69413
69414
69414
69415
69416
69416
69417
69418
69419
69419
69420
69421
69421
69422
69423
69423
69424
69425
69426
69426
69427
69428
69428
69429
69430
69430
69431
69432
69433
69433
69434
69435
69435
69436
69437
69437
69438
69439
69440
69440
69441
69442
69442
69443
69444
69444
69445
69446
69447
69447
69448
69449
69449
69450
69451
69451
69452
69453
69454
69454
69455
69456
69456
69457
69458
69458
69459
69460
69461
69461
69462
69463
69463
69464
69465
69465
69466
69467
69468
69468
69469
69470
69470
69471
69472
69472
69473
69474
69475
69475
69476
69477
69477
69478
69479
69479
69480
69481
69482
69482
69483
69484
69484
69485
69486
69486
69487
69488
69489
69489
69490
69491
69491
69492
69493
69493
69494
69495
69496
69496
69497
69498
69498
69499
69500
69500
69501
69502
69503
69503
69504
69505
69505
69506
69507
69507
69508
69509
69510
69510
69511
69512
69512
69513
69514
69514
69515
69516
69517
69517
69518
69519
69519
69520
69521
69521
69522
69523
69524
69524
69525
69526
69526
69527
69528
69528
69529
69530
69531
69531
69532
69533
69533
69534
69535
69535
69536
69537
69538
69538
69539
69540
69540
69541
69542
69542
69543
69544
69545
69545
69546
69547
69547
69548
69549
69549
69550
69551
69552
69552
69553
69554
69554
69555
69556
69556
69557
69558
69559
69559
69560
69561
69561
69562
69563
69563
69564
69565
69566
69566
69567
69568
69568
69569
69570
69570
69571
69572
69573
69573
69574
69575
69575
69576
69577
69577
69578
69579
