4659.2
4659.9
4660.6
4661.3
4662
4662.7
4663.4
4664.1
4664.8
4665.5
4666.2
4666.9
4667.6
4668.3
4669
4669.7
4670.4
4671.1
4671.8
4672.5
4673.2
4673.9
4674.6
4675.3
4676
4676.7
4677.4
4678.1
4678.8
4679.5
4680.2
4680.9
4681.6
4682.3
4683
4683.7
4684.4
4685.1
4685.8
4686.5
4687.2
4687.9
4688.6
4689.3
4690
4690.7
4691.4
4692.1
4692.8
4693.5
4694.2
4694.9
4695.6
4696.3
4697
4697.7
4698.4
4699.1
4699.8
4700.5
4701.2
4701.9
4702.6
4703.3
4704
4704.7
4705.4
4706.1
4706.8
4707.5
4708.2
4708.9
4709.6
4710.3
4711
4711.7
4712.4
4713.1
4713.8
4714.5
4715.2
4715.9
4716.6
4717.3
4718
4718.7
4719.4
4720.1
4720.8
4721.5
4722.2
4722.9
4723.6
4724.3
4725
4725.7
4726.4
4727.1
4727.8
4728.5
4729.2
4729.9
4730.6
4731.3
4732
4732.7
4733.4
4734.1
4734.8
4735.5
4736.2
4736.9
4737.6
4738.3
4739
4739.7
4740.4
4741.1
4741.8
4742.5
4743.2
4743.9
4744.6
4745.3
4746
4746.7
4747.4
4748.1
4748.8
4749.5
4750.2
4750.9
4751.6
4752.3
4753
4753.7
4754.4
4755.1
4755.8
4756.5
4757.2
4757.9
4758.6
4759.3
4760
4760.7
4761.4
4762.1
4762.8
4763.5
4764.2
4764.9
4765.6
4766.3
4767
4767.7
4768.4
4769.1
4769.8
4770.5
4771.2
4771.9
4772.6
4773.3
4774
4774.7
4775.4
4776.1
4776.8
4777.5
4778.2
4778.9
4779.6
4780.3
4781
4781.7
4782.4
4783.1
4783.8
4784.5
4785.2
4785.9
4786.6
4787.3
4788
4788.7
4789.4
4790.1
4790.8
4791.5
4792.2
4792.9
4793.6
4794.3
4795
4795.7
4796.4
4797.1
4797.8
4798.5
4799.2
4799.9
4800.6
4801.3
4802
4802.7
4803.4
4804.1
4804.8
4805.5
4806.2
4806.9
4807.6
4808.3
4809
4809.7
4810.4
4811.1
4811.8
4812.5
4813.2
4813.9
4814.6
4815.3
4816
4816.7
4817.4
4818.1
4818.8
4819.5
4820.2
4820.9
4821.6
4822.3
4823
4823.7
4824.4
4825.1
4825.8
4826.5
4827.2
4827.9
4828.6
4829.3
4830
4830.7
4831.4
4832.1
4832.8
4833.5
4834.2
4834.9
4835.6
4836.3
4837
4837.7
4838.4
4839.1
4839.8
4840.5
4841.2
4841.9
4842.6
4843.3
4844
4844.7
4845.4
4846.1
4846.8
4847.5
4848.2
4848.9
4849.6
4850.3
4851
4851.7
4852.4
4853.1
4853.8
4854.5
4855.2
4855.9
4856.6
4857.3
4858
4858.7
4859.4
4860.1
4860.8
4861.5
4862.2
4862.9
4863.6
4864.3
4865
4865.7
4866.4
4867.1
4867.8
4868.5
4869.2
4869.9
4870.6
4871.3
4872
4872.7
4873.4
4874.1
4874.8
4875.5
4876.2
4876.9
4877.6
4878.3
4879
4879.7
4880.4
4881.1
4881.8
4882.5
4883.2
4883.9
4884.6
4885.3
4886
4886.7
4887.4
4888.1
4888.8
4889.5
4890.2
4890.9
4891.6
4892.3
4893
4893.7
4894.4
4895.1
4895.8
4896.5
4897.2
4897.9
4898.6
4899.3
4900
4900.7
4901.4
4902.1
4902.8
4903.5
4904.2
4904.9
4905.6
4906.3
4907
4907.7
4908.4
4909.1
4909.8
4910.5
4911.2
4911.9
4912.6
4913.3
4914
4914.7
4915.4
4916.1
4916.8
4917.5
4918.2
4918.9
4919.6
4920.3
4921
4921.7
4922.4
4923.1
4923.8
4924.5
4925.2
4925.9
4926.6
4927.3
4928
4928.7
4929.4
4930.1
4930.8
4931.5
4932.2
4932.9
4933.6
4934.3
4935
4935.7
4936.4
4937.1
4937.8
4938.5
4939.2
4939.9
4940.6
4941.3
4942
4942.7
4943.4
4944.1
4944.8
4945.5
4946.2
4946.9
4947.6
4948.3
4949
4949.7
4950.4
4951.1
4951.8
4952.5
4953.2
4953.9
4954.6
4955.3
4956
4956.7
4957.4
4958.1
4958.8
4959.5
4960.2
4960.9
4961.6
4962.3
4963
4963.7
4964.4
4965.1
4965.8
4966.5
4967.2
4967.9
4968.6
4969.3
4970
4970.7
4971.4
4972.1
4972.8
4973.5
4974.2
