8655.8
8656.5
8657.2
8657.9
8658.6
8659.3
8660
8660.7
8661.4
8662.1
8662.8
8663.5
8664.2
8664.9
8665.6
8666.3
8667
8667.7
8668.4
8669.1
8669.8
8670.5
8671.2
8671.9
8672.6
8673.3
8674
8674.7
8675.4
8676.1
8676.8
8677.5
8678.2
8678.9
8679.6
8680.3
8681
8681.7
8682.4
8683.1
8683.8
8684.5
8685.2
8685.9
8686.6
8687.3
8688
8688.7
8689.4
8690.1
8690.8
8691.5
8692.2
8692.9
8693.6
8694.3
8695
8695.7
8696.4
8697.1
8697.8
8698.5
8699.2
8699.9
8700.6
8701.3
8702
8702.7
8703.4
8704.1
8704.8
8705.5
8706.2
8706.9
8707.6
8708.3
8709
8709.7
8710.4
8711.1
8711.8
8712.5
8713.2
8713.9
8714.6
8715.3
8716
8716.7
8717.4
8718.1
8718.8
8719.5
8720.2
8720.9
8721.6
8722.3
8723
8723.7
8724.4
8725.1
8725.8
8726.5
8727.2
8727.9
8728.6
8729.3
8730
8730.7
8731.4
8732.1
8732.8
8733.5
8734.2
8734.9
8735.6
8736.3
8737
8737.7
8738.4
8739.1
8739.8
8740.5
8741.2
8741.9
8742.6
8743.3
8744
8744.7
8745.4
8746.1
8746.8
8747.5
8748.2
8748.9
8749.6
8750.3
8751
8751.7
8752.4
8753.1
8753.8
8754.5
8755.2
8755.9
8756.6
8757.3
8758
8758.7
8759.4
8760.1
8760.8
8761.5
8762.2
8762.9
8763.6
8764.3
8765
8765.7
8766.4
8767.1
8767.8
8768.5
8769.2
8769.9
8770.6
8771.3
8772
