74372
74372
74373
74374
74375
74375
74376
74377
74377
74378
74379
74379
74380
74381
74382
74382
74383
74384
74384
74385
74386
74386
74387
74388
74389
74389
74390
74391
74391
74392
74393
74393
74394
74395
74396
74396
74397
74398
74398
74399
74400
74400
74401
74402
74403
74403
74404
74405
74405
74406
74407
74407
74408
74409
74410
74410
74411
74412
74412
74413
74414
74414
74415
74416
74417
74417
74418
74419
74419
74420
74421
74421
74422
74423
74424
74424
74425
74426
74426
74427
74428
74428
74429
74430
74431
74431
74432
74433
74433
74434
74435
74435
74436
74437
74438
74438
74439
74440
74440
74441
74442
74442
74443
74444
74445
74445
74446
74447
74447
74448
74449
74449
74450
74451
74452
74452
74453
74454
74454
74455
74456
74456
74457
74458
74459
74459
74460
74461
74461
74462
74463
74463
74464
74465
74466
74466
74467
74468
74468
74469
74470
74470
74471
74472
74473
74473
74474
74475
74475
74476
74477
74477
74478
74479
74480
74480
74481
74482
74482
74483
74484
74484
74485
74486
74487
74487
74488
74489
74489
74490
74491
74491
74492
74493
74494
74494
74495
74496
74496
74497
74498
74498
74499
74500
74501
74501
74502
74503
74503
74504
74505
74505
74506
74507
74508
74508
74509
74510
74510
74511
74512
74512
74513
74514
74515
74515
74516
74517
74517
74518
74519
74519
74520
74521
74522
74522
74523
74524
74524
74525
74526
74526
74527
74528
74529
74529
74530
74531
74531
74532
74533
74533
74534
74535
74536
74536
74537
74538
74538
74539
74540
74540
74541
74542
74543
74543
74544
74545
74545
74546
74547
74547
74548
74549
74550
74550
74551
74552
74552
74553
74554
74554
74555
74556
74557
74557
74558
74559
74559
74560
74561
74561
74562
74563
74564
74564
74565
74566
74566
74567
74568
74568
74569
74570
74571
74571
74572
74573
74573
