6.2883	6.6408	7.0094	8.0642	8.0647	7.7234	8.0673	7.7185	8.4364	7.7171	8.0646	7.3516	7.3402	6.631	7.162	8.5666	8.0531	9.4749	8.4157	7.346	8.0581	8.4188	7.7107	8.7718	7.0028	8.7752	6.6444	8.7713	8.4231	8.7696	8.4021	8.4044	9.4681	9.1106	8.7634	9.1163	7.349	9.482	8.775	8.778	9.4906	8.7837	8.0752	8.0777	8.4385	8.4368
8.0062	7.6449	8.7026	8	7.9792	8.3314	9.0422	8.3336	9.0445	7.6252	9.0466	8.6876	7.6283	7.9893	8.3401	9.4014	9.0521	8.3602	7.6494	8.7074	8.3553	9.063	9.3971	9.758	8.3395	9.4012	9.052	9.4042	9.056	8.6981	9.0616	8.0038	8.7072	8.71	9.4232	9.4257	9.0776	9.784	9.4232	9.7826	9.4082	9.4087	10.121	9.773	9.775	10.126
8.349	8.0007	8.3515	8.0034	8.354	9.7758	8.3562	8.7177	8.7353	8.7367	8.3743	8.3717	9.0794	9.0605	8.8272	8.3527	9.0635	9.0648	9.4261	10.137	9.4285	10.85	9.7817	9.0722	8.724	9.4359	9.7639	9.4385	9.7642	9.4134	10.473	10.145	10.108	10.111	10.114	9.4062	10.12	10.122	9.765	10.838	10.841	10.844	11.196	10.138	9.779	9.8261
6.9747	7.7336	8.0811	7.3787	8.436	10.188	8.768	9.4798	9.8404	9.4819	9.4824	10.554	9.8446	9.846	9.1366	9.8484	9.489	8.4302	8.7782	9.8475	10.199	9.8462	9.464	9.8247	9.8267	9.4683	10.89	11.252	10.184	9.8356	10.549	10.901	10.555	10.197	10.2	9.8696	9.873	10.207	10.934	10.206	10.582	10.565	11.627	10.918	10.57	11.281
9.1208	9.4825	9.8336	9.1251	9.4856	9.4874	9.4881	9.1294	10.2	10.552	9.8391	10.534	9.8345	9.0923	10.163	10.515	10.166	11.227	9.458	10.52	10.521	10.295	9.957	9.2078	11.317	9.4685	10.18	10.209	10.531	11.267	10.916	11.265	10.901	10.193	10.546	10.909	11.972	11.614	10.918	10.92	12.332	12.335	11.986	10.928	11.28	10.22
9.1092	7.3539	9.8421	8.7698	9.1096	9.8214	9.462	10.174	10.884	11.236	11.237	11.238	9.469	10.89	10.891	11.603	10.269	9.1314	9.841	10.543	9.8369	10.988	10.708	9.9451	9.3167	11.352	11.235	10.537	11.599	11.952	11.954	11.247	12.32	11.612	10.905	11.258	11.26	11.646	11.285	11.644	12.702	11.628	11.629	11.631	11.633	11.984
9.5312	10.243	9.1737	9.1755	9.5363	10.248	9.5385	9.18	10.251	10.296	11.704	10.292	9.5615	10.623	11.334	9.9154	9.6923	10.978	11.689	10.98	10.632	11.8	11.124	9.3155	10.419	12.061	11.702	11.702	10.64	12.036	11.675	11.309	11.662	12.735	12.738	12.03	11.323	11.325	12.038	12.39	12.391	12.754	12.756	12.047	11.339	10.977
10.148	9.0762	10.824	9.4154	10.126	10.828	11.189	10.481	11.191	11.543	11.904	10.835	11.196	8.7171	10.138	10.267	9.9494	9.7797	10.823	11.181	10.802	10.453	10.93	11.297	10.599	11.171	11.523	11.525	12.597	11.529	11.532	12.605	11.187	10.83	10.833	11.22	10.859	11.927	11.566	12.259	11.91	12.973	12.264	13.686	11.918	13.339
9.3882	10.45	10.101	10.102	10.453	10.455	10.816	10.461	10.458	10.456	11.146	9.7372	10.438	11.51	10.091	10.206	10.237	12.225	12.226	11.867	11.519	11.16	10.452	10.454	11.227	11.874	13.319	11.548	11.547	12.592	11.884	12.247	13.309	12.602	13.665	13.317	12.97	12.971	12.614	12.616	11.197	12.27	11.911	12.269	11.557	11.911
10.944	10.236	10.947	12.019	11.31	10.951	10.602	12.374	10.955	11.666	10.607	10.609	10.25	10.961	8.5054	9.5736	11.691	12.173	12.032	12.034	10.615	12.747	12.039	12.75	12.393	13.455	12.757	12.759	12.401	11.694	10.276	11.699	10.99	12.065	11.354	11.702	12.045	12.757	12.759	12.761	12.403	13.465	14.177	12.768	12.41	12.771
9.6983	10.05	10.051	10.412	10.066	10.424	11.132	10.752	11.463	11.115	11.116	12.258	11.928	10.759	10.411	11.472	12.893	12.287	12.896	10.767	11.479	10.769	11.863	11.151	11.86	13.253	13.255	11.487	12.909	13.262	11.854	12.567	11.859	12.922	13.275	12.577	12.579	11.871	11.873	11.515	11.513	11.157	12.215	12.213	13.617	12.199
10.995	10.636	10.638	10.999	10.64	11.352	10.643	9.9343	9.2349	10.288	10.996	9.9234	10.034	9.6819	11.45	10.979	12.75	12.042	12.043	12.754	12.406	10.987	10.989	11.341	10.993	12.055	12.766	10.995	11.71	11.349	12.041	13.104	12.756	14.179	12.761	12.413	13.116	13.828	12.42	12.772	12.423	12.065	12.067	12.778	11.359	12.777
11.274	11.635	10.567	11.988	10.929	9.5104	10.572	10.223	9.8641	8.807	10.225	9.5124	9.6609	9.6445	10.557	10.918	12.689	11.981	12.461	12.794	12.695	11.986	10.568	12.35	11.038	11.644	13.055	12.01	11.659	12.368	13.05	12.353	13.415	13.058	13.42	13.063	11.655	12.367	13.779	13.071	12.723	12.014	12.376	11.667	13.078	10.955
10.835	10.836	9.767	9.7682	10.838	10.501	10.498	10.128	11.55	10.131	11.552	11.297	10.331	10.24	11.197	11.909	11.2	11.561	10.616	10.95	11.299	10.217	10.144	10.585	11.313	12.343	12.951	12.604	12.957	12.609	13.322	13.324	13.327	12.969	13.332	12.274	11.916	12.628	11.92	11.922	11.571	11.934	11.582	12.289	12.623	13.684
11.239	11.95	13.012	10.533	11.955	11.596	12.307	10.888	10.18	10.891	10.543	9.9435	11.711	11.256	11.257	10.2	11.268	11.266	11.379	12.309	12.311	11.602	10.894	11.255	12.071	12.049	12.683	12.325	13.038	12.69	11.983	12.695	11.278	11.626	11.275	12.32	11.968	13.014	13.366	13.017	12.309	13.73	12.671	13.373	12.674	13.735
10.75	11.462	11.103	11.104	9.6956	10.397	8.628	10.048	9.702	10.399	10.379	11.243	10.263	10.875	12.164	11.805	11.456	11.098	11.1	11.811	10.871	9.3336	10.755	10.047	10.759	12.18	11.109	11.114	11.474	12.167	12.519	11.812	12.525	13.237	12.179	12.892	12.894	12.186	11.827	12.539	12.54	11.482	11.483	11.482	11.136	12.554
10.116	9.4301	10.467	10.468	9.1852	10.588	11.533	10.124	11.536	10.476	11.538	10.953	9.9024	12.315	10.833	11.904	11.906	11.196	10.82	11.527	9.8726	10.589	9.1671	9.7424	11.875	12.227	11.519	12.232	11.884	11.887	11.89	11.182	10.825	11.537	11.539	12.611	11.565	11.538	11.212	11.903	11.905	11.546	11.907	11.909	11.91	12.971
11.854	10.445	11.856	10.447	9.8361	8.7519	10.091	9.7424	10.094	8.6905	10.469	9.8625	10.954	11.609	12.218	11.509	12.22	11.152	11.514	11.66	9.9157	9.1404	9.1265	10.813	11.165	11.878	10.47	11.531	11.547	10.819	11.545	10.817	11.17	12.242	10.474	12.596	10.828	11.54	12.602	11.543	12.965	10.486	12.257	11.549	11.261	11.189
10.285	9.9357	9.217	9.9246	10.26	9.2009	9.9124	10.624	9.5552	10.626	10.417	10.11	12.113	11.331	10.983	11.694	10.636	9.927	10.639	10.017	10.064	9.231	10.982	11.695	10.987	10.989	10.991	11.344	11.706	11.709	11.712	12.064	11.007	11.718	12.07	9.5919	11.014	11.364	11.362	11.046	11.044	12.087	11.738	11.74	11.031	11.032
10.588	10.239	10.241	9.8814	9.8832	9.8845	9.8859	10.247	9.8889	8.8659	9.749	10	9.9239	10.594	10.612	11.324	10.975	10.267	10.412	9.6769	10.273	11.335	10.277	11.339	10.992	9.9238	11.346	10.639	11.001	10.617	10.976	10.265	9.5589	10.957	10.959	10.961	10.963	12.025	12.027	10.608	10.61	11.321	10.612	12.034	10.615	12.036
9.956	9.2471	9.2475	9.632	8.9199	9.6091	9.9605	10.322	10.411	9.4115	10.444	10.677	10.679	10.679	9.9708	10.682	10.334	9.9757	10.338	9.6292	9.268	10.663	9.9524	9.584	10.647	11.009	10.301	10.654	10.656	10.659	10.661	9.9526	9.605	10.667	11.029	11.03	10.322	10.674	10.339	10.321	9.2652	9.6234	11.027	10.669	10.67	11.381
10.048	8.6289	8.9807	10.052	10.054	9.4402	10.056	10.229	8.4629	9.1075	10.419	11.126	9.7043	10.062	8.6157	9.3343	9.6859	10.758	9.6901	9.0893	10.405	10.766	10.059	10.411	9.7034	9.7058	10.778	10.071	10.073	9.3685	10.07	9.0052	10.767	9.3482	10.06	9.7021	8.9936	9.3553	9.7075	9.7089	10.421	9.7122	9.3634	10.425	10.426	9.717
8.717	8.7183	9.0746	8.7122	8.689	9.0505	9.1755	7.4476	9.4049	9.4057	8.6973	9.0579	9.0602	9.7708	9.0625	9.064	9.4157	9.4177	8.7097	8.7896	9.7789	9.7744	8.6875	8.6864	9.0491	9.4017	9.0536	9.4067	10.118	9.411	8.7027	8.3543	9.777	10.489	9.0703	9.7822	9.4238	10.494	9.8196	8.7474	8.7453	9.761	9.7992	10.151	9.442	9.803
8.4187	8.4199	9.4821	8.4229	8.7746	8.4258	8.5227	7.8549	9.1302	7.7205	9.8071	6.9733	8.3922	9.4327	9.435	8.7261	8.7277	9.0795	9.0819	8.3832	9.4462	9.4481	8.768	8.3926	9.8329	8.4249	8.7772	8.7517	8.7775	9.0994	7.3273	8.4062	9.1086	9.4705	8.412	9.8242	9.4759	9.1171	8.0589	8.7703	8.7722	8.4235	9.8351	9.1266	9.128	8.8049
