66808
66809
66810
66810
66811
66812
66812
66813
66814
66815
66815
66816
66817
66817
66818
66819
66819
66820
66821
66822
66822
66823
66824
66824
66825
66826
66826
66827
66828
66829
66829
66830
66831
66831
66832
66833
66833
66834
66835
66836
66836
66837
66838
66838
66839
66840
66840
66841
66842
66843
66843
66844
66845
66845
66846
66847
66847
66848
66849
66850
66850
66851
66852
66852
66853
66854
66854
66855
66856
66857
66857
66858
66859
66859
66860
66861
66861
66862
66863
66864
66864
66865
66866
66866
66867
66868
66868
66869
66870
66871
66871
66872
66873
66873
66874
66875
66875
66876
66877
66878
66878
66879
66880
66880
66881
66882
66882
66883
66884
66885
66885
66886
66887
66887
66888
66889
66889
66890
66891
66892
66892
66893
66894
66894
66895
66896
66896
66897
66898
66899
66899
66900
66901
66901
66902
66903
66903
66904
66905
66906
66906
66907
66908
66908
66909
66910
66910
66911
66912
66913
66913
66914
66915
66915
66916
66917
66917
66918
66919
66920
66920
66921
66922
66922
66923
66924
66924
66925
66926
66927
66927
66928
66929
66929
66930
66931
66931
66932
66933
66934
66934
66935
66936
66936
66937
66938
66938
66939
66940
66941
66941
66942
66943
66943
66944
66945
66945
66946
66947
66948
66948
66949
66950
66950
66951
66952
66952
66953
66954
66955
66955
66956
66957
66957
66958
66959
66959
66960
66961
66962
66962
66963
66964
66964
66965
66966
66966
66967
66968
66969
66969
66970
66971
66971
66972
66973
66973
66974
66975
66976
66976
66977
66978
66978
66979
66980
66980
66981
66982
66983
66983
66984
66985
66985
66986
66987
66987
66988
66989
66990
66990
66991
66992
66992
66993
66994
66994
66995
66996
66997
66997
66998
66999
66999
67000
67001
67001
67002
67003
67004
67004
67005
67006
67006
67007
67008
67008
67009
67010
67011
67011
67012
67013
67013
67014
67015
67015
67016
67017
67018
67018
67019
67020
67020
67021
67022
67022
67023
67024
67025
67025
67026
67027
67027
67028
67029
67029
67030
67031
67032
67032
67033
67034
67034
67035
67036
67036
67037
67038
67039
67039
67040
67041
67041
67042
67043
67043
67044
67045
67046
67046
67047
67048
67048
67049
67050
67050
67051
67052
67053
67053
67054
67055
67055
67056
67057
67057
67058
67059
67060
67060
67061
67062
67062
67063
67064
67064
67065
67066
67067
67067
67068
67069
67069
67070
67071
67071
67072
67073
67074
67074
67075
67076
67076
67077
67078
