8.6827	8.6826	8.6829	8.6827	8.6828	8.6829	8.6826	8.6829	8.6828	8.6826	8.6829	8.6827	8.6828	8.683	8.6826	8.683	8.683	8.6827	8.6832	8.6828	8.6829	8.6832	8.6828	8.6831	8.6831	8.6828	8.6832	8.6829	8.6829	8.6832	8.6828	8.6831	8.6832	8.6828	8.6832	8.683	8.683	8.6833	8.683	8.6832	8.6833	8.683	8.6834	8.6832	8.6832	8.6834	8.683	8.6832	8.6834	8.683	8.6833	8.6832	8.6831	8.6835	8.6831	8.6832	8.6836	8.6832	8.6836	8.6835	8.6833	8.6837	8.6835	8.6834	8.6838	8.6834	8.6836	8.6837
7.9277	7.9276	7.9278	7.9276	7.9277	7.9278	7.9275	7.9278	7.9278	7.9276	7.9278	7.9276	7.9277	7.9279	7.9275	7.9279	7.9279	7.9277	7.9281	7.9277	7.9279	7.9281	7.9277	7.928	7.928	7.9277	7.9281	7.9278	7.9278	7.9281	7.9277	7.9279	7.9281	7.9277	7.9281	7.9279	7.928	7.9282	7.9279	7.9281	7.9282	7.9279	7.9283	7.9281	7.928	7.9283	7.9279	7.9281	7.9282	7.9279	7.9282	7.9281	7.928	7.9283	7.928	7.9281	7.9284	7.928	7.9284	7.9283	7.9282	7.9286	7.9284	7.9283	7.9286	7.9283	7.9285	7.9285
7.1757	7.1756	7.1759	7.1756	7.1758	7.1758	7.1756	7.1758	7.1758	7.1756	7.1759	7.1756	7.1758	7.1759	7.1755	7.1759	7.1759	7.1757	7.1761	7.1757	7.1759	7.1761	7.1757	7.176	7.176	7.1757	7.1761	7.1758	7.1758	7.1761	7.1757	7.1759	7.176	7.1757	7.1761	7.1759	7.1759	7.1762	7.1759	7.1761	7.1762	7.1759	7.1763	7.176	7.176	7.1763	7.1759	7.176	7.1762	7.1759	7.1762	7.1761	7.176	7.1763	7.1759	7.1761	7.1764	7.176	7.1764	7.1763	7.1761	7.1765	7.1763	7.1762	7.1765	7.1762	7.1764	7.1765
6.4156	6.4155	6.4158	6.4155	6.4157	6.4157	6.4154	6.4157	6.4156	6.4155	6.4157	6.4155	6.4157	6.4158	6.4154	6.4158	6.4157	6.4155	6.416	6.4156	6.4157	6.416	6.4156	6.4158	6.4159	6.4156	6.4159	6.4157	6.4156	6.416	6.4155	6.4158	6.4159	6.4156	6.4159	6.4157	6.4158	6.416	6.4157	6.4159	6.416	6.4158	6.4162	6.4158	6.4158	6.4161	6.4157	6.4159	6.416	6.4157	6.416	6.4159	6.4158	6.4161	6.4158	6.4159	6.4162	6.4158	6.4162	6.4161	6.416	6.4163	6.4161	6.4161	6.4163	6.4161	6.4162	6.4163
5.6675	5.6674	5.6677	5.6674	5.6676	5.6676	5.6673	5.6676	5.6675	5.6674	5.6677	5.6674	5.6676	5.6677	5.6673	5.6677	5.6676	5.6674	5.6679	5.6675	5.6676	5.6679	5.6675	5.6677	5.6678	5.6675	5.6678	5.6676	5.6675	5.6678	5.6674	5.6677	5.6678	5.6675	5.6678	5.6676	5.6677	5.6679	5.6676	5.6678	5.6679	5.6676	5.668	5.6677	5.6677	5.6679	5.6676	5.6677	5.6679	5.6676	5.6679	5.6677	5.6677	5.668	5.6676	5.6677	5.668	5.6677	5.668	5.6679	5.6678	5.6682	5.668	5.6679	5.6682	5.6679	5.668	5.6681
4.9117	4.9116	4.9119	4.9116	4.9118	4.9118	4.9115	4.9118	4.9117	4.9116	4.9118	4.9115	4.9117	4.9118	4.9115	4.9118	4.9118	4.9116	4.912	4.9116	4.9118	4.912	4.9117	4.9119	4.9119	4.9116	4.9119	4.9117	4.9117	4.912	4.9115	4.9118	4.9119	4.9116	4.9119	4.9117	4.9118	4.912	4.9117	4.9119	4.912	4.9118	4.9121	4.9118	4.9118	4.9121	4.9117	4.9119	4.912	4.9117	4.912	4.9118	4.9118	4.9121	4.9117	4.9118	4.9121	4.9118	4.9121	4.912	4.9119	4.9123	4.9121	4.912	4.9122	4.912	4.9121	4.9122
4.1556	4.1555	4.1558	4.1554	4.1557	4.1557	4.1554	4.1557	4.1556	4.1555	4.1557	4.1554	4.1556	4.1557	4.1554	4.1557	4.1556	4.1555	4.1559	4.1555	4.1557	4.1559	4.1555	4.1557	4.1557	4.1555	4.1558	4.1556	4.1555	4.1558	4.1554	4.1556	4.1557	4.1555	4.1558	4.1555	4.1556	4.1558	4.1556	4.1558	4.1558	4.1556	4.156	4.1557	4.1557	4.1559	4.1555	4.1557	4.1558	4.1556	4.1558	4.1556	4.1556	4.1559	4.1556	4.1557	4.1559	4.1556	4.1559	4.1558	4.1557	4.1561	4.1559	4.1559	4.156	4.1558	4.1559	4.156
3.3997	3.3996	3.3999	3.3995	3.3998	3.3997	3.3995	3.3998	3.3997	3.3996	3.3998	3.3995	3.3997	3.3998	3.3994	3.3998	3.3997	3.3995	3.4	3.3996	3.3998	3.4	3.3996	3.3998	3.3998	3.3995	3.3999	3.3996	3.3996	3.3999	3.3995	3.3997	3.3998	3.3995	3.3998	3.3996	3.3997	3.3999	3.3996	3.3999	3.3999	3.3997	3.4	3.3997	3.3997	3.3999	3.3995	3.3997	3.3998	3.3996	3.3998	3.3997	3.3996	3.3999	3.3996	3.3997	3.3999	3.3996	3.4	3.3999	3.3998	3.4001	3.3999	3.3999	3.4	3.3998	3.3999	3.4
2.6481	2.6481	2.6483	2.6479	2.6482	2.6481	2.6479	2.6482	2.648	2.648	2.6482	2.6479	2.6481	2.6482	2.6478	2.6482	2.6481	2.6479	2.6484	2.648	2.6482	2.6483	2.648	2.6482	2.6482	2.6479	2.6482	2.648	2.648	2.6483	2.6478	2.6481	2.6481	2.6479	2.6482	2.6479	2.648	2.6482	2.648	2.6482	2.6482	2.648	2.6484	2.6481	2.6481	2.6483	2.6479	2.6481	2.6481	2.648	2.6482	2.648	2.648	2.6483	2.6479	2.648	2.6482	2.648	2.6483	2.6482	2.6481	2.6484	2.6482	2.6482	2.6483	2.6482	2.6482	2.6483
1.8939	1.8939	1.8942	1.8938	1.894	1.894	1.8937	1.894	1.8939	1.8938	1.8941	1.8937	1.894	1.894	1.8937	1.894	1.8939	1.8937	1.8942	1.8938	1.894	1.8942	1.8938	1.894	1.894	1.8937	1.894	1.8938	1.8938	1.8941	1.8936	1.8939	1.894	1.8937	1.894	1.8937	1.8939	1.894	1.8938	1.894	1.894	1.8938	1.8942	1.8939	1.8939	1.8941	1.8937	1.8939	1.8939	1.8938	1.894	1.8938	1.8938	1.8941	1.8937	1.8938	1.894	1.8938	1.894	1.894	1.8939	1.8942	1.894	1.894	1.8941	1.894	1.894	1.894
1.1425	1.1426	1.1428	1.1424	1.1426	1.1426	1.1423	1.1426	1.1425	1.1424	1.1427	1.1423	1.1426	1.1426	1.1423	1.1426	1.1425	1.1423	1.1428	1.1424	1.1426	1.1427	1.1424	1.1426	1.1425	1.1423	1.1426	1.1424	1.1424	1.1426	1.1422	1.1424	1.1425	1.1423	1.1426	1.1423	1.1424	1.1426	1.1423	1.1426	1.1426	1.1424	1.1427	1.1424	1.1424	1.1426	1.1422	1.1424	1.1424	1.1423	1.1425	1.1423	1.1423	1.1426	1.1423	1.1423	1.1425	1.1423	1.1426	1.1425	1.1424	1.1427	1.1425	1.1426	1.1426	1.1425	1.1425	1.1426
0.38474	0.38476	0.385	0.38457	0.38484	0.38477	0.38451	0.38483	0.38465	0.38462	0.38485	0.38449	0.38476	0.38481	0.38446	0.38478	0.38467	0.38453	0.38493	0.38456	0.38476	0.38491	0.38461	0.38476	0.38471	0.38451	0.38478	0.38456	0.38456	0.3848	0.38438	0.38462	0.38466	0.38446	0.38476	0.38443	0.38459	0.38476	0.38448	0.38476	0.38469	0.38457	0.3849	0.38457	0.38457	0.38474	0.38437	0.38459	0.38458	0.38445	0.38464	0.38444	0.38445	0.38472	0.38441	0.38449	0.38465	0.38446	0.38469	0.3846	0.38455	0.38482	0.38466	0.38471	0.38469	0.38461	0.38466	0.38466
0.36845	0.3684	0.36817	0.36861	0.36833	0.36842	0.36868	0.36835	0.36855	0.36856	0.36834	0.36871	0.36844	0.36839	0.36873	0.36842	0.36854	0.36865	0.36828	0.36865	0.36845	0.3683	0.36859	0.36844	0.36852	0.36869	0.36843	0.36866	0.36865	0.36842	0.36884	0.36859	0.36858	0.36874	0.36847	0.3688	0.36863	0.36846	0.36876	0.36846	0.36856	0.36865	0.36833	0.36867	0.36866	0.3685	0.36888	0.36864	0.36868	0.36879	0.36861	0.36882	0.3688	0.36854	0.36884	0.36875	0.36862	0.36879	0.36857	0.36867	0.36869	0.36845	0.3686	0.36853	0.36859	0.36865	0.36859	0.36862
1.1229	1.1228	1.1226	1.123	1.1227	1.1228	1.1231	1.1228	1.123	1.123	1.1228	1.1231	1.1229	1.1228	1.1231	1.1228	1.123	1.1231	1.1227	1.1231	1.1229	1.1227	1.123	1.1229	1.123	1.1231	1.1229	1.1231	1.1231	1.1229	1.1233	1.123	1.123	1.1232	1.1229	1.1232	1.1231	1.1229	1.1232	1.1229	1.123	1.1231	1.1228	1.1231	1.1231	1.123	1.1233	1.1231	1.1231	1.1232	1.1231	1.1233	1.1233	1.123	1.1233	1.1232	1.1231	1.1232	1.123	1.1231	1.1232	1.1229	1.1231	1.123	1.1231	1.1231	1.1231	1.1231
1.8764	1.8764	1.8761	1.8766	1.8763	1.8764	1.8767	1.8763	1.8766	1.8765	1.8763	1.8767	1.8764	1.8764	1.8767	1.8764	1.8766	1.8766	1.8763	1.8767	1.8765	1.8763	1.8766	1.8765	1.8766	1.8767	1.8765	1.8767	1.8767	1.8765	1.8769	1.8766	1.8767	1.8768	1.8765	1.8769	1.8767	1.8765	1.8768	1.8765	1.8767	1.8767	1.8764	1.8768	1.8767	1.8766	1.877	1.8767	1.8768	1.8769	1.8767	1.8769	1.8769	1.8767	1.8769	1.8768	1.8768	1.8769	1.8767	1.8768	1.8768	1.8766	1.8767	1.8766	1.8768	1.8768	1.8767	1.8768
2.6278	2.6277	2.6275	2.6279	2.6276	2.6278	2.628	2.6277	2.6279	2.6279	2.6277	2.6281	2.6278	2.6278	2.6281	2.6278	2.6279	2.628	2.6277	2.628	2.6278	2.6277	2.628	2.6278	2.6279	2.6281	2.6279	2.6281	2.6281	2.6279	2.6282	2.628	2.628	2.6281	2.6279	2.6282	2.6281	2.6279	2.6282	2.6279	2.6281	2.6281	2.6278	2.6281	2.6281	2.628	2.6284	2.6281	2.6282	2.6283	2.6281	2.6283	2.6283	2.6281	2.6283	2.6282	2.6282	2.6283	2.6281	2.6282	2.6282	2.628	2.6281	2.628	2.6282	2.6282	2.6281	2.6282
3.3851	3.3849	3.3847	3.3852	3.3849	3.385	3.3853	3.385	3.3852	3.3851	3.385	3.3854	3.3851	3.385	3.3854	3.3851	3.3852	3.3853	3.385	3.3853	3.3851	3.385	3.3852	3.3851	3.3853	3.3854	3.3852	3.3854	3.3854	3.3852	3.3856	3.3853	3.3854	3.3854	3.3852	3.3856	3.3854	3.3852	3.3856	3.3852	3.3854	3.3854	3.3851	3.3855	3.3855	3.3853	3.3857	3.3854	3.3855	3.3856	3.3855	3.3857	3.3856	3.3854	3.3857	3.3856	3.3856	3.3856	3.3855	3.3856	3.3855	3.3854	3.3855	3.3854	3.3856	3.3855	3.3855	3.3856
4.141	4.1409	4.1407	4.1412	4.1409	4.141	4.1413	4.1409	4.1412	4.1411	4.1409	4.1413	4.1411	4.141	4.1413	4.1411	4.1412	4.1412	4.141	4.1413	4.1411	4.141	4.1412	4.1411	4.1413	4.1413	4.1412	4.1414	4.1414	4.1412	4.1416	4.1413	4.1414	4.1414	4.1412	4.1416	4.1414	4.1412	4.1416	4.1412	4.1414	4.1414	4.1411	4.1415	4.1415	4.1414	4.1417	4.1414	4.1416	4.1416	4.1415	4.1417	4.1417	4.1415	4.1417	4.1416	4.1416	4.1416	4.1415	4.1416	4.1416	4.1414	4.1415	4.1414	4.1416	4.1416	4.1415	4.1417
4.893	4.8928	4.8927	4.8931	4.8929	4.893	4.8932	4.8929	4.8932	4.8931	4.8929	4.8933	4.893	4.893	4.8933	4.893	4.8932	4.8932	4.893	4.8933	4.8931	4.893	4.8932	4.8931	4.8933	4.8933	4.8932	4.8934	4.8934	4.8932	4.8935	4.8933	4.8934	4.8934	4.8932	4.8936	4.8934	4.8933	4.8936	4.8933	4.8935	4.8934	4.8932	4.8935	4.8935	4.8934	4.8937	4.8935	4.8936	4.8937	4.8935	4.8938	4.8937	4.8935	4.8937	4.8936	4.8937	4.8937	4.8935	4.8937	4.8936	4.8935	4.8936	4.8934	4.8937	4.8936	4.8936	4.8937
5.6449	5.6447	5.6445	5.645	5.6447	5.6448	5.6451	5.6448	5.645	5.6449	5.6448	5.6452	5.6449	5.6449	5.6451	5.6449	5.6451	5.6451	5.6449	5.6451	5.645	5.6449	5.6451	5.6449	5.6452	5.6452	5.6451	5.6453	5.6452	5.6451	5.6454	5.6452	5.6453	5.6453	5.6451	5.6455	5.6453	5.6452	5.6455	5.6452	5.6454	5.6453	5.6451	5.6454	5.6454	5.6453	5.6456	5.6454	5.6455	5.6456	5.6454	5.6457	5.6456	5.6455	5.6456	5.6455	5.6456	5.6456	5.6455	5.6456	5.6455	5.6454	5.6455	5.6453	5.6456	5.6456	5.6455	5.6457
6.4026	6.4024	6.4023	6.4027	6.4025	6.4026	6.4028	6.4025	6.4028	6.4027	6.4026	6.4029	6.4027	6.4027	6.4029	6.4027	6.4029	6.4028	6.4027	6.4029	6.4028	6.4027	6.4029	6.4027	6.403	6.403	6.4029	6.4031	6.403	6.4029	6.4032	6.403	6.4031	6.4031	6.4029	6.4033	6.4031	6.403	6.4033	6.403	6.4032	6.4031	6.4029	6.4032	6.4032	6.4031	6.4034	6.4032	6.4034	6.4034	6.4032	6.4035	6.4034	6.4033	6.4034	6.4033	6.4034	6.4034	6.4033	6.4035	6.4033	6.4033	6.4033	6.4032	6.4035	6.4034	6.4033	6.4035
7.1584	7.1582	7.1581	7.1585	7.1582	7.1584	7.1586	7.1583	7.1586	7.1584	7.1584	7.1587	7.1585	7.1584	7.1587	7.1584	7.1586	7.1586	7.1584	7.1587	7.1586	7.1585	7.1586	7.1585	7.1588	7.1588	7.1587	7.1589	7.1588	7.1587	7.159	7.1588	7.159	7.1589	7.1587	7.1591	7.1589	7.1588	7.1591	7.1588	7.159	7.1589	7.1587	7.159	7.159	7.159	7.1592	7.159	7.1592	7.1592	7.1591	7.1593	7.1592	7.1591	7.1592	7.1592	7.1593	7.1592	7.1591	7.1593	7.1591	7.1591	7.1592	7.159	7.1593	7.1592	7.1592	7.1594
7.9107	7.9104	7.9103	7.9107	7.9105	7.9106	7.9108	7.9105	7.9109	7.9107	7.9106	7.911	7.9107	7.9107	7.9109	7.9107	7.9109	7.9109	7.9107	7.911	7.9108	7.9107	7.9109	7.9108	7.911	7.911	7.9109	7.9111	7.9111	7.911	7.9113	7.911	7.9113	7.9112	7.911	7.9113	7.9111	7.9111	7.9114	7.9111	7.9113	7.9112	7.911	7.9113	7.9113	7.9113	7.9115	7.9113	7.9115	7.9115	7.9114	7.9117	7.9115	7.9115	7.9115	7.9115	7.9116	7.9115	7.9114	7.9116	7.9114	7.9114	7.9115	7.9113	7.9117	7.9116	7.9115	7.9117
8.6669	8.6666	8.6665	8.6669	8.6667	8.6668	8.667	8.6667	8.6671	8.6669	8.6668	8.6672	8.6669	8.6669	8.6671	8.6669	8.6671	8.6671	8.6669	8.6672	8.667	8.667	8.6671	8.667	8.6673	8.6672	8.6672	8.6674	8.6673	8.6673	8.6675	8.6673	8.6675	8.6674	8.6673	8.6676	8.6674	8.6673	8.6676	8.6673	8.6675	8.6674	8.6672	8.6676	8.6675	8.6675	8.6678	8.6675	8.6678	8.6678	8.6676	8.6679	8.6678	8.6677	8.6678	8.6677	8.6679	8.6678	8.6677	8.6679	8.6677	8.6677	8.6678	8.6676	8.6679	8.6678	8.6677	8.668
