40002
40002
40003
40004
40005
40005
40006
40007
40007
40008
40009
40009
40010
40011
40012
40012
40013
40014
40014
40015
40016
40016
40017
40018
40019
40019
40020
40021
40021
40022
40023
40023
40024
40025
40026
40026
40027
40028
40028
40029
40030
40030
40031
40032
40033
40033
40034
40035
40035
40036
40037
40037
40038
40039
40040
40040
40041
40042
40042
40043
40044
40044
40045
40046
40047
40047
40048
40049
40049
40050
40051
40051
40052
40053
40054
40054
40055
40056
40056
40057
40058
40058
40059
40060
40061
40061
40062
40063
40063
40064
40065
40065
40066
40067
40068
40068
40069
40070
40070
40071
40072
40072
40073
40074
40075
40075
40076
40077
40077
40078
40079
40079
40080
40081
40082
40082
40083
40084
40084
40085
40086
40086
40087
40088
40089
40089
40090
40091
40091
40092
40093
40093
40094
40095
40096
40096
40097
40098
40098
40099
40100
40100
40101
40102
40103
40103
40104
40105
40105
40106
40107
40107
40108
40109
40110
40110
40111
40112
40112
40113
40114
40114
40115
40116
40117
40117
40118
40119
40119
40120
40121
40121
40122
40123
40124
40124
40125
40126
40126
40127
