65432
65433
65433
65434
65435
65435
65436
65437
65438
65438
65439
65440
65440
65441
65442
65442
65443
65444
65445
65445
65446
65447
65447
65448
65449
65449
65450
65451
65452
65452
65453
65454
65454
65455
65456
65456
65457
65458
65459
65459
65460
65461
65461
65462
65463
65463
65464
65465
65466
65466
65467
65468
65468
65469
65470
65470
65471
65472
65473
65473
65474
65475
65475
65476
65477
65477
65478
65479
65480
65480
65481
65482
65482
65483
65484
65484
65485
65486
65487
65487
65488
65489
65489
65490
65491
65491
65492
65493
65494
65494
65495
65496
65496
65497
65498
65498
65499
65500
65501
65501
65502
65503
65503
65504
65505
65505
65506
65507
65508
65508
65509
65510
65510
65511
65512
65512
65513
65514
65515
65515
65516
65517
65517
65518
65519
65519
65520
65521
65522
65522
65523
65524
65524
65525
65526
65526
65527
65528
65529
65529
65530
65531
65531
65532
65533
65533
65534
65535
65536
65536
65537
65538
65538
65539
65540
65540
65541
65542
65543
65543
65544
65545
65545
65546
65547
65547
65548
65549
65550
65550
65551
65552
65552
65553
65554
65554
65555
65556
65557
65557
65558
65559
65559
65560
65561
65561
65562
65563
65564
65564
65565
65566
65566
65567
65568
65568
65569
65570
65571
65571
65572
65573
65573
65574
65575
65575
65576
65577
65578
65578
65579
65580
65580
65581
65582
65582
65583
65584
65585
65585
65586
65587
65587
65588
65589
65589
65590
65591
65592
65592
65593
65594
65594
65595
65596
65596
65597
65598
65599
65599
65600
65601
65601
65602
65603
65603
65604
65605
65606
65606
65607
65608
65608
65609
65610
65610
65611
65612
65613
65613
65614
65615
65615
65616
65617
65617
65618
65619
65620
65620
65621
65622
65622
65623
65624
65624
65625
65626
65627
65627
65628
65629
65629
65630
65631
65631
65632
65633
65634
65634
65635
65636
65636
65637
65638
65638
65639
65640
65641
65641
65642
65643
65643
65644
65645
65645
65646
65647
65648
65648
65649
65650
65650
65651
65652
65652
65653
65654
65655
65655
65656
65657
65657
65658
65659
65659
65660
65661
65662
65662
65663
65664
65664
65665
65666
65666
65667
65668
65669
65669
65670
65671
65671
65672
65673
65673
65674
65675
65676
65676
65677
65678
65678
65679
65680
65680
65681
65682
65683
65683
65684
65685
65685
65686
65687
65687
65688
65689
65690
65690
65691
65692
65692
65693
65694
65694
65695
65696
65697
65697
65698
65699
65699
65700
65701
65701
65702
65703
65704
65704
65705
65706
65706
65707
65708
65708
65709
65710
65711
65711
65712
65713
65713
65714
65715
65715
65716
65717
65718
65718
65719
65720
65720
65721
65722
65722
65723
65724
65725
65725
65726
65727
65727
65728
65729
65729
65730
65731
65732
65732
65733
65734
65734
65735
65736
65736
65737
65738
65739
65739
65740
65741
65741
65742
65743
65743
65744
65745
65746
65746
65747
65748
65748
65749
65750
65750
65751
65752
65753
65753
65754
65755
65755
65756
65757
65757
65758
65759
65760
65760
65761
65762
65762
65763
65764
65764
65765
65766
65767
65767
65768
65769
65769
65770
65771
65771
65772
65773
65774
65774
65775
65776
65776
65777
65778
65778
65779
65780
65781
65781
65782
65783
65783
65784
65785
65785
65786
65787
65788
65788
65789
65790
65790
65791
65792
65792
65793
65794
65795
65795
65796
65797
65797
65798
65799
65799
65800
65801
65802
65802
65803
65804
65804
65805
65806
65806
65807
65808
65809
65809
65810
65811
65811
65812
65813
65813
65814
65815
65816
65816
65817
65818
65818
65819
65820
65820
65821
65822
65823
65823
65824
65825
65825
65826
65827
65827
65828
65829
65830
65830
65831
65832
65832
65833
65834
65834
