58491
58492
58493
58494
58494
58495
58496
58496
58497
58498
58498
58499
58500
58501
58501
58502
58503
58503
58504
58505
58505
58506
58507
58508
58508
58509
58510
58510
58511
58512
58512
58513
58514
58515
58515
58516
58517
58517
58518
58519
58519
58520
58521
58522
58522
58523
58524
58524
58525
58526
58526
58527
58528
58529
58529
58530
58531
58531
58532
58533
58533
58534
58535
58536
58536
58537
58538
58538
58539
58540
58540
58541
58542
58543
58543
58544
58545
58545
58546
58547
58547
58548
58549
58550
58550
58551
58552
58552
58553
58554
58554
58555
58556
58557
58557
58558
58559
58559
58560
58561
58561
58562
58563
58564
58564
58565
58566
58566
58567
58568
58568
58569
58570
58571
58571
58572
58573
58573
58574
58575
58575
58576
58577
58578
58578
58579
58580
58580
58581
58582
58582
58583
58584
58585
58585
58586
58587
58587
58588
58589
58589
58590
58591
58592
58592
58593
58594
58594
58595
58596
58596
58597
58598
58599
58599
58600
58601
58601
58602
58603
58603
58604
58605
58606
58606
58607
58608
58608
58609
58610
58610
58611
58612
58613
58613
58614
58615
58615
58616
58617
58617
58618
58619
58620
58620
58621
58622
58622
58623
58624
58624
58625
58626
58627
58627
58628
58629
58629
58630
58631
58631
58632
58633
58634
58634
58635
58636
58636
58637
58638
58638
58639
58640
58641
58641
58642
58643
58643
58644
58645
58645
58646
58647
58648
58648
58649
58650
58650
58651
58652
58652
58653
58654
58655
58655
58656
58657
58657
58658
58659
58659
58660
58661
58662
58662
58663
58664
58664
58665
58666
58666
58667
58668
58669
58669
58670
58671
58671
58672
58673
58673
58674
58675
58676
58676
58677
58678
58678
58679
58680
58680
58681
58682
58683
58683
58684
58685
58685
58686
58687
58687
58688
58689
58690
58690
58691
58692
58692
58693
58694
58694
58695
58696
58697
58697
58698
58699
58699
58700
58701
58701
58702
58703
58704
58704
58705
58706
58706
58707
58708
58708
58709
58710
58711
58711
58712
58713
58713
58714
58715
58715
58716
58717
58718
58718
58719
58720
58720
58721
58722
58722
58723
58724
58725
58725
58726
58727
58727
58728
58729
58729
58730
58731
58732
58732
58733
58734
58734
58735
58736
58736
58737
58738
58739
58739
58740
58741
58741
58742
58743
58743
58744
58745
58746
58746
58747
58748
58748
58749
58750
58750
58751
58752
58753
58753
58754
58755
58755
58756
58757
58757
58758
58759
58760
58760
58761
58762
58762
58763
58764
58764
58765
58766
58767
58767
58768
58769
58769
58770
58771
58771
58772
58773
58774
58774
58775
58776
58776
58777
58778
58778
58779
58780
58781
58781
58782
58783
58783
58784
58785
58785
58786
58787
58788
58788
58789
58790
58790
58791
58792
58792
58793
58794
58795
58795
58796
58797
58797
58798
58799
58799
58800
58801
58802
