9501
9501.7
9502.4
9503.1
9503.8
9504.5
9505.2
9505.9
9506.6
9507.3
9508
9508.7
9509.4
9510.1
9510.8
9511.5
9512.2
9512.9
9513.6
9514.3
9515
9515.7
9516.4
9517.1
9517.8
9518.5
9519.2
9519.9
9520.6
9521.3
9522
9522.7
9523.4
9524.1
9524.8
9525.5
9526.2
9526.9
9527.6
9528.3
9529
9529.7
9530.4
9531.1
9531.8
9532.5
9533.2
9533.9
9534.6
9535.3
9536
9536.7
9537.4
9538.1
9538.8
9539.5
9540.2
9540.9
9541.6
9542.3
9543
9543.7
9544.4
9545.1
9545.8
9546.5
9547.2
9547.9
9548.6
9549.3
9550
9550.7
9551.4
9552.1
9552.8
9553.5
9554.2
9554.9
9555.6
9556.3
9557
9557.7
9558.4
9559.1
9559.8
9560.5
9561.2
9561.9
9562.6
9563.3
9564
9564.7
9565.4
9566.1
9566.8
9567.5
9568.2
9568.9
9569.6
9570.3
9571
9571.7
9572.4
9573.1
9573.8
9574.5
9575.2
9575.9
9576.6
9577.3
9578
9578.7
9579.4
9580.1
9580.8
9581.5
9582.2
9582.9
9583.6
9584.3
9585
9585.7
9586.4
9587.1
9587.8
9588.5
9589.2
9589.9
9590.6
9591.3
9592
9592.7
9593.4
9594.1
9594.8
9595.5
9596.2
9596.9
9597.6
9598.3
9599
9599.7
9600.4
9601.1
9601.8
9602.5
9603.2
9603.9
9604.6
9605.3
9606
9606.7
9607.4
9608.1
9608.8
9609.5
9610.2
9610.9
9611.6
9612.3
9613
9613.7
9614.4
9615.1
9615.8
9616.5
9617.2
9617.9
9618.6
9619.3
9620
9620.7
9621.4
9622.1
9622.8
9623.5
9624.2
9624.9
9625.6
9626.3
9627
9627.7
9628.4
9629.1
9629.8
9630.5
9631.2
9631.9
9632.6
9633.3
9634
9634.7
9635.4
9636.1
9636.8
9637.5
9638.2
9638.9
9639.6
9640.3
9641
9641.7
9642.4
9643.1
9643.8
9644.5
9645.2
9645.9
9646.6
9647.3
9648
9648.7
9649.4
9650.1
9650.8
9651.5
9652.2
9652.9
9653.6
9654.3
9655
9655.7
9656.4
9657.1
9657.8
9658.5
9659.2
9659.9
9660.6
9661.3
9662
9662.7
9663.4
9664.1
9664.8
9665.5
9666.2
9666.9
9667.6
9668.3
9669
9669.7
9670.4
9671.1
9671.8
9672.5
9673.2
9673.9
9674.6
9675.3
9676
9676.7
9677.4
9678.1
9678.8
9679.5
9680.2
9680.9
9681.6
9682.3
9683
9683.7
9684.4
9685.1
9685.8
9686.5
9687.2
9687.9
9688.6
9689.3
9690
9690.7
9691.4
9692.1
9692.8
9693.5
9694.2
9694.9
9695.6
9696.3
9697
9697.7
9698.4
9699.1
9699.8
9700.5
9701.2
9701.9
9702.6
9703.3
9704
9704.7
9705.4
9706.1
9706.8
9707.5
9708.2
9708.9
9709.6
9710.3
9711
9711.7
9712.4
9713.1
9713.8
9714.5
9715.2
9715.9
9716.6
9717.3
9718
9718.7
9719.4
9720.1
9720.8
9721.5
9722.2
9722.9
9723.6
9724.3
9725
9725.7
9726.4
9727.1
9727.8
9728.5
9729.2
9729.9
9730.6
9731.3
9732
9732.7
9733.4
9734.1
9734.8
9735.5
9736.2
9736.9
9737.6
9738.3
9739
9739.7
9740.4
9741.1
9741.8
9742.5
9743.2
9743.9
9744.6
9745.3
9746
9746.7
9747.4
9748.1
9748.8
9749.5
9750.2
9750.9
9751.6
9752.3
9753
9753.7
9754.4
9755.1
9755.8
9756.5
9757.2
9757.9
9758.6
9759.3
9760
9760.7
9761.4
9762.1
9762.8
9763.5
9764.2
9764.9
9765.6
9766.3
9767
9767.7
9768.4
9769.1
9769.8
9770.5
9771.2
9771.9
9772.6
9773.3
9774
9774.7
9775.4
9776.1
9776.8
9777.5
9778.2
9778.9
9779.6
9780.3
9781
9781.7
9782.4
9783.1
9783.8
9784.5
9785.2
9785.9
9786.6
9787.3
9788
9788.7
9789.4
9790.1
9790.8
9791.5
9792.2
9792.9
9793.6
9794.3
9795
9795.7
9796.4
9797.1
9797.8
9798.5
9799.2
9799.9
9800.6
9801.3
9802
9802.7
9803.4
9804.1
9804.8
9805.5
9806.2
9806.9
9807.6
9808.3
9809
9809.7
9810.4
9811.1
9811.8
9812.5
9813.2
9813.9
9814.6
9815.3
9816
9816.7
9817.4
9818.1
9818.8
9819.5
9820.2
9820.9
9821.6
9822.3
9823
9823.7
9824.4
9825.1
9825.8
9826.5
9827.2
9827.9
9828.6
9829.3
9830
9830.7
9831.4
9832.1
9832.8
9833.5
9834.2
9834.9
9835.6
9836.3
9837
9837.7
9838.4
9839.1
9839.8
9840.5
9841.2
9841.9
9842.6
9843.3
9844
9844.7
9845.4
9846.1
9846.8
9847.5
9848.2
9848.9
9849.6
9850.3
9851
9851.7
9852.4
9853.1
9853.8
9854.5
9855.2
9855.9
9856.6
9857.3
9858
9858.7
9859.4
9860.1
9860.8
9861.5
9862.2
9862.9
9863.6
9864.3
9865
9865.7
9866.4
9867.1
9867.8
9868.5
9869.2
9869.9
9870.6
9871.3
9872
9872.7
9873.4
9874.1
9874.8
9875.5
9876.2
9876.9
9877.6
9878.3
9879
9879.7
9880.4
9881.1
9881.8
9882.5
9883.2
9883.9
9884.6
9885.3
9886
9886.7
9887.4
9888.1
9888.8
9889.5
9890.2
9890.9
9891.6
9892.3
9893
9893.7
9894.4
9895.1
9895.8
9896.5
9897.2
9897.9
