51828
51829
51829
51830
51831
51832
51832
51833
51834
51834
51835
51836
51836
51837
51838
51839
51839
51840
51841
51841
51842
51843
51843
51844
51845
51846
51846
51847
51848
51848
51849
51850
51850
51851
51852
51853
51853
51854
51855
51855
51856
51857
51857
51858
51859
51860
51860
51861
51862
51862
51863
51864
51864
51865
51866
51867
51867
51868
51869
51869
51870
51871
51871
51872
51873
51874
51874
51875
51876
51876
51877
51878
51878
51879
51880
51881
51881
51882
51883
51883
51884
51885
51885
51886
51887
51888
51888
51889
51890
51890
51891
51892
51892
51893
51894
51895
51895
51896
51897
51897
51898
51899
51899
51900
51901
51902
51902
51903
51904
51904
51905
51906
51906
51907
51908
51909
51909
51910
51911
51911
51912
51913
51913
51914
51915
51916
51916
51917
51918
51918
51919
51920
51920
51921
51922
51923
51923
51924
51925
51925
51926
51927
51927
51928
51929
51930
51930
51931
51932
51932
51933
51934
51934
51935
51936
51937
51937
51938
51939
51939
51940
51941
51941
51942
51943
51944
51944
51945
51946
51946
51947
51948
51948
51949
51950
51951
51951
51952
51953
51953
51954
51955
51955
51956
51957
51958
51958
51959
51960
51960
51961
51962
51962
51963
51964
51965
51965
51966
51967
51967
51968
51969
51969
51970
51971
51972
51972
51973
51974
51974
51975
51976
51976
51977
51978
51979
51979
