75407
75407
75408
75409
75410
75410
75411
75412
75412
75413
75414
75414
75415
75416
75417
75417
75418
75419
75419
75420
75421
75421
75422
75423
75424
75424
75425
75426
75426
75427
75428
75428
75429
75430
75431
75431
75432
75433
75433
75434
75435
75435
75436
75437
75438
75438
75439
75440
75440
75441
75442
75442
75443
75444
75445
75445
75446
75447
75447
75448
75449
75449
75450
75451
75452
75452
75453
75454
75454
75455
75456
75456
75457
75458
75459
75459
75460
75461
75461
75462
75463
75463
75464
75465
75466
75466
75467
75468
75468
75469
75470
75470
75471
75472
75473
75473
75474
75475
75475
75476
75477
75477
75478
75479
75480
75480
75481
75482
75482
75483
75484
75484
75485
75486
75487
75487
75488
75489
75489
75490
75491
75491
75492
75493
75494
75494
75495
75496
75496
75497
75498
75498
75499
75500
75501
75501
75502
75503
75503
75504
75505
75505
75506
75507
75508
75508
75509
75510
75510
75511
75512
75512
75513
75514
75515
75515
75516
75517
75517
75518
75519
75519
75520
75521
75522
75522
75523
75524
75524
75525
75526
75526
75527
75528
75529
75529
75530
75531
75531
75532
75533
75533
75534
75535
75536
75536
75537
75538
75538
75539
75540
75540
75541
75542
75543
75543
75544
75545
75545
75546
75547
75547
75548
75549
75550
75550
75551
75552
75552
75553
75554
75554
75555
75556
75557
75557
75558
75559
75559
75560
75561
75561
75562
75563
75564
75564
75565
75566
75566
75567
75568
75568
75569
75570
75571
75571
75572
75573
75573
75574
75575
75575
75576
75577
75578
75578
75579
75580
75580
75581
75582
75582
75583
75584
75585
75585
75586
75587
75587
75588
75589
75589
75590
75591
75592
75592
75593
75594
75594
75595
75596
75596
75597
75598
75599
75599
75600
75601
75601
75602
75603
75603
75604
75605
75606
75606
75607
75608
75608
75609
75610
75610
75611
75612
75613
75613
75614
75615
75615
75616
75617
75617
75618
75619
75620
75620
75621
75622
75622
75623
75624
75624
75625
75626
75627
75627
75628
75629
75629
75630
75631
75631
75632
75633
75634
75634
75635
75636
75636
75637
75638
75638
75639
75640
75641
75641
75642
75643
75643
75644
75645
75645
75646
75647
75648
75648
75649
75650
75650
75651
75652
75652
75653
75654
75655
75655
75656
75657
75657
75658
75659
75659
75660
75661
75662
75662
75663
75664
75664
75665
75666
75666
75667
75668
75669
75669
75670
75671
75671
75672
75673
75673
75674
75675
75676
75676
75677
75678
75678
75679
75680
75680
75681
75682
75683
75683
75684
75685
75685
75686
75687
75687
75688
75689
75690
75690
75691
75692
75692
75693
75694
75694
75695
75696
75697
75697
75698
75699
75699
75700
75701
75701
