44931
44931
44932
44933
44934
44934
44935
44936
44936
44937
44938
44938
44939
44940
44941
44941
44942
44943
44943
44944
44945
44945
44946
44947
44948
44948
44949
44950
44950
44951
44952
44952
44953
44954
44955
44955
44956
44957
44957
44958
44959
44959
44960
44961
44962
44962
44963
44964
44964
44965
44966
44966
44967
44968
44969
44969
44970
44971
44971
44972
44973
44973
44974
44975
44976
44976
44977
44978
44978
44979
44980
44980
44981
44982
44983
44983
44984
44985
44985
44986
44987
44987
44988
44989
44990
44990
44991
44992
44992
44993
44994
44994
44995
44996
44997
44997
44998
44999
44999
45000
45001
45001
45002
45003
45004
45004
45005
45006
45006
45007
45008
45008
45009
45010
45011
45011
45012
45013
45013
45014
45015
45015
45016
45017
45018
45018
45019
45020
45020
45021
45022
45022
45023
45024
45025
45025
45026
45027
45027
45028
45029
45029
45030
45031
45032
45032
45033
45034
45034
45035
45036
45036
45037
45038
45039
45039
45040
45041
45041
45042
45043
45043
45044
45045
45046
45046
45047
45048
45048
45049
45050
45050
45051
45052
45053
45053
45054
45055
45055
45056
45057
45057
45058
45059
45060
45060
45061
45062
45062
45063
45064
45064
45065
45066
45067
45067
45068
45069
45069
45070
45071
45071
45072
45073
45074
45074
45075
45076
45076
45077
45078
45078
45079
45080
45081
45081
45082
45083
45083
45084
45085
45085
45086
45087
45088
45088
45089
45090
45090
45091
45092
45092
45093
45094
45095
45095
45096
45097
45097
45098
45099
45099
45100
45101
45102
45102
45103
45104
45104
45105
45106
45106
45107
45108
45109
45109
45110
45111
45111
45112
45113
45113
45114
45115
45116
45116
45117
45118
45118
45119
45120
45120
45121
45122
45123
45123
45124
45125
45125
45126
45127
45127
45128
45129
45130
45130
45131
45132
45132
45133
45134
45134
45135
45136
45137
45137
45138
45139
45139
45140
45141
45141
45142
45143
45144
45144
45145
45146
45146
45147
45148
45148
45149
45150
45151
45151
45152
45153
45153
45154
45155
45155
45156
45157
45158
45158
45159
45160
45160
45161
45162
45162
45163
45164
45165
45165
45166
45167
45167
45168
45169
45169
45170
45171
45172
45172
45173
45174
45174
45175
45176
45176
45177
45178
45179
45179
45180
45181
45181
45182
45183
45183
45184
45185
45186
45186
45187
45188
45188
45189
45190
45190
45191
45192
45193
45193
45194
45195
45195
45196
45197
45197
45198
45199
45200
45200
45201
45202
45202
45203
45204
45204
45205
45206
45207
45207
45208
45209
45209
45210
45211
45211
45212
45213
45214
45214
45215
45216
45216
45217
45218
45218
45219
45220
45221
45221
45222
45223
45223
45224
45225
45225
45226
45227
45228
45228
45229
45230
45230
45231
45232
45232
45233
45234
45235
45235
45236
45237
45237
45238
45239
45239
45240
45241
45242
45242
45243
45244
45244
45245
45246
45246
45247
45248
45249
45249
45250
45251
45251
45252
45253
45253
45254
45255
45256
45256
45257
45258
45258
45259
45260
45260
45261
45262
45263
45263
45264
45265
45265
45266
45267
45267
45268
45269
45270
45270
45271
45272
45272
45273
45274
45274
45275
45276
45277
45277
45278
45279
45279
45280
45281
45281
45282
45283
45284
45284
45285
45286
45286
45287
45288
45288
45289
45290
45291
45291
45292
45293
45293
45294
45295
45295
45296
45297
45298
45298
45299
45300
45300
45301
45302
45302
45303
45304
45305
45305
45306
45307
45307
45308
45309
45309
45310
45311
45312
45312
45313
45314
45314
45315
45316
45316
45317
45318
45319
45319
45320
45321
45321
45322
45323
45323
45324
45325
45326
45326
45327
45328
45328
45329
45330
45330
45331
45332
45333
45333
45334
45335
45335
45336
45337
45337
45338
45339
45340
45340
45341
45342
45342
45343
45344
45344
45345
45346
45347
45347
45348
45349
45349
45350
45351
45351
45352
45353
45354
45354
45355
45356
45356
45357
45358
45358
45359
