62284
62284
62285
62286
62287
62287
62288
62289
62289
62290
62291
62291
62292
62293
62294
62294
62295
62296
62296
62297
62298
62298
62299
62300
62301
62301
62302
62303
62303
62304
62305
62305
62306
62307
62308
62308
62309
62310
62310
62311
62312
62312
62313
62314
62315
62315
62316
62317
62317
62318
62319
62319
62320
62321
62322
62322
62323
62324
62324
62325
62326
62326
62327
62328
62329
62329
62330
62331
62331
62332
62333
62333
62334
62335
62336
62336
62337
62338
62338
62339
62340
62340
62341
62342
62343
62343
62344
62345
62345
62346
62347
62347
62348
62349
62350
62350
62351
62352
62352
62353
62354
62354
62355
62356
62357
62357
62358
62359
62359
62360
62361
62361
62362
62363
62364
62364
62365
62366
62366
62367
62368
62368
62369
62370
62371
62371
62372
62373
62373
62374
62375
62375
62376
62377
62378
62378
62379
62380
62380
62381
62382
62382
62383
62384
62385
62385
62386
62387
62387
62388
62389
62389
62390
62391
62392
62392
62393
62394
62394
62395
62396
62396
62397
62398
62399
62399
62400
62401
62401
62402
62403
62403
62404
62405
62406
62406
62407
62408
62408
62409
62410
62410
62411
62412
62413
62413
62414
62415
62415
62416
62417
62417
62418
62419
62420
62420
62421
62422
62422
62423
62424
62424
62425
62426
62427
62427
62428
62429
62429
62430
62431
62431
62432
62433
62434
62434
62435
62436
62436
62437
62438
62438
62439
62440
62441
62441
62442
62443
62443
62444
62445
62445
62446
62447
62448
62448
62449
62450
62450
62451
62452
62452
62453
62454
62455
62455
62456
62457
62457
62458
62459
62459
62460
62461
62462
62462
62463
62464
62464
62465
62466
62466
62467
62468
62469
62469
62470
62471
62471
62472
62473
62473
62474
62475
62476
62476
62477
62478
62478
62479
62480
62480
62481
62482
62483
62483
62484
62485
62485
62486
62487
62487
62488
62489
62490
62490
62491
62492
62492
62493
62494
62494
62495
62496
62497
62497
62498
62499
62499
62500
62501
62501
62502
62503
62504
62504
62505
62506
62506
62507
62508
62508
62509
62510
62511
62511
62512
62513
62513
62514
62515
62515
62516
62517
62518
62518
62519
62520
62520
62521
62522
62522
62523
62524
62525
62525
62526
62527
62527
62528
62529
62529
62530
62531
62532
62532
62533
62534
62534
62535
62536
62536
62537
62538
62539
62539
62540
62541
62541
62542
62543
62543
62544
62545
62546
62546
62547
62548
62548
62549
62550
62550
62551
62552
62553
62553
62554
62555
62555
62556
62557
62557
62558
62559
62560
62560
62561
62562
62562
62563
62564
62564
62565
62566
62567
62567
62568
62569
62569
62570
62571
62571
62572
62573
62574
62574
