20.498
21.198
21.898
22.598
23.298
23.998
24.698
25.398
26.098
26.798
27.498
28.198
28.898
29.598
30.298
30.998
31.698
32.398
33.098
33.798
34.498
35.198
35.898
36.598
37.298
37.998
38.698
39.398
40.098
40.798
41.498
42.198
42.898
43.598
44.298
44.998
45.698
46.398
47.098
47.798
48.498
49.198
49.898
50.598
51.298
51.998
52.698
53.398
54.098
54.798
55.498
56.198
56.898
57.598
58.298
58.998
59.698
60.398
61.098
61.798
62.498
63.198
63.898
64.598
65.298
65.998
66.698
67.398
68.098
68.798
69.498
70.198
70.898
71.598
72.298
72.998
73.698
74.398
75.098
75.798
76.498
77.198
77.898
78.598
79.298
79.998
80.698
81.398
82.098
82.798
83.498
84.198
84.898
85.598
86.298
86.998
87.698
88.398
89.098
89.798
90.498
91.198
91.898
92.598
93.298
93.998
94.698
95.398
96.098
96.798
97.498
98.198
98.898
99.598
100.3
101
101.7
102.4
103.1
103.8
104.5
105.2
105.9
106.6
107.3
108
108.7
109.4
110.1
110.8
111.5
112.2
112.9
113.6
114.3
115
115.7
116.4
117.1
117.8
118.5
119.2
119.9
120.6
121.3
122
122.7
123.4
124.1
124.8
125.5
126.2
126.9
127.6
128.3
129
129.7
130.4
131.1
131.8
132.5
133.2
133.9
134.6
135.3
136
136.7
137.4
138.1
138.8
139.5
140.2
140.9
141.6
142.3
143
143.7
144.4
145.1
145.8
146.5
147.2
147.9
148.6
149.3
150
150.7
151.4
152.1
152.8
153.5
154.2
154.9
155.6
156.3
157
157.7
158.4
159.1
159.8
160.5
161.2
161.9
162.6
163.3
164
164.7
165.4
166.1
166.8
167.5
168.2
168.9
169.6
170.3
171
171.7
172.4
173.1
173.8
174.5
175.2
175.9
176.6
177.3
178
178.7
179.4
180.1
180.8
181.5
182.2
182.9
183.6
184.3
185
185.7
186.4
187.1
187.8
188.5
189.2
189.9
190.6
191.3
192
192.7
193.4
194.1
194.8
195.5
196.2
196.9
197.6
198.3
199
199.7
200.4
201.1
201.8
202.5
203.2
203.9
204.6
205.3
206
206.7
207.4
208.1
208.8
209.5
210.2
210.9
211.6
212.3
213
213.7
214.4
215.1
215.8
216.5
217.2
217.9
218.6
219.3
220
220.7
221.4
222.1
222.8
223.5
224.2
224.9
225.6
226.3
227
227.7
228.4
229.1
229.8
230.5
231.2
231.9
232.6
233.3
234
234.7
235.4
236.1
236.8
237.5
238.2
238.9
239.6
240.3
241
241.7
242.4
243.1
243.8
244.5
