46834
46834
46835
46836
46836
46837
46838
46839
46839
46840
46841
46841
46842
46843
46843
46844
46845
46846
46846
46847
46848
46848
46849
46850
46850
46851
46852
46853
46853
46854
46855
46855
46856
46857
46857
46858
46859
46860
46860
46861
46862
46862
46863
46864
46864
46865
46866
46867
46867
46868
46869
46869
46870
46871
46871
46872
46873
46874
46874
46875
46876
46876
46877
46878
46878
46879
46880
46881
46881
46882
46883
46883
46884
46885
46885
46886
46887
46888
46888
46889
46890
46890
46891
46892
46892
46893
46894
46895
46895
46896
46897
46897
46898
46899
46899
46900
46901
46902
46902
46903
46904
46904
46905
46906
46906
46907
46908
46909
46909
46910
46911
46911
46912
46913
46913
46914
46915
46916
46916
46917
46918
46918
46919
46920
46920
46921
46922
46923
46923
46924
46925
46925
46926
46927
46927
46928
46929
46930
46930
46931
46932
46932
46933
46934
46934
46935
46936
46937
46937
46938
46939
46939
46940
46941
46941
46942
46943
46944
46944
46945
46946
46946
46947
46948
46948
46949
46950
46951
46951
46952
46953
46953
46954
46955
46955
46956
46957
46958
46958
46959
46960
46960
46961
46962
46962
46963
46964
46965
46965
46966
46967
46967
46968
46969
46969
46970
46971
46972
46972
46973
46974
46974
46975
46976
46976
46977
46978
46979
46979
46980
46981
46981
46982
46983
46983
46984
46985
46986
46986
46987
46988
46988
46989
46990
46990
46991
46992
46993
46993
46994
46995
46995
46996
46997
46997
46998
46999
47000
47000
47001
47002
47002
47003
47004
47004
47005
47006
47007
47007
47008
47009
47009
47010
47011
47011
47012
47013
47014
47014
47015
47016
47016
47017
47018
47018
47019
47020
47021
47021
47022
47023
47023
47024
47025
47025
47026
47027
47028
47028
47029
47030
47030
47031
47032
47032
47033
47034
47035
47035
47036
47037
47037
47038
47039
47039
47040
47041
47042
47042
47043
47044
47044
47045
47046
47046
47047
47048
47049
47049
47050
47051
47051
47052
47053
47053
47054
47055
47056
47056
47057
47058
47058
47059
47060
47060
47061
47062
47063
47063
47064
47065
47065
47066
47067
47067
47068
47069
47070
47070
47071
47072
47072
47073
47074
47074
47075
47076
47077
47077
47078
47079
47079
47080
47081
47081
47082
47083
47084
47084
47085
47086
47086
47087
47088
47088
47089
47090
47091
47091
47092
47093
47093
47094
47095
47095
47096
47097
47098
47098
47099
47100
47100
47101
47102
47102
47103
47104
47105
47105
47106
47107
47107
47108
47109
47109
47110
47111
47112
