64646
64647
64648
64648
64649
64650
64650
64651
64652
64653
64653
64654
64655
64655
64656
64657
64657
64658
64659
64660
64660
64661
64662
64662
64663
64664
64664
64665
64666
64667
64667
64668
64669
64669
64670
64671
64671
64672
64673
64674
64674
64675
64676
64676
64677
64678
64678
64679
64680
64681
64681
64682
64683
64683
64684
64685
64685
64686
64687
64688
64688
64689
64690
64690
64691
64692
64692
64693
64694
64695
64695
64696
64697
64697
64698
64699
64699
64700
64701
64702
64702
64703
64704
64704
64705
64706
64706
64707
64708
64709
64709
64710
64711
64711
64712
64713
64713
64714
64715
64716
64716
64717
64718
64718
64719
64720
64720
64721
64722
64723
64723
64724
64725
64725
64726
64727
64727
64728
64729
64730
64730
64731
64732
64732
64733
64734
64734
64735
64736
64737
64737
64738
64739
64739
64740
64741
64741
64742
64743
64744
64744
64745
64746
64746
64747
64748
64748
64749
64750
64751
64751
64752
64753
64753
64754
64755
64755
64756
64757
64758
64758
64759
64760
64760
64761
64762
64762
64763
64764
64765
64765
64766
64767
64767
64768
64769
64769
64770
64771
64772
64772
64773
64774
64774
64775
64776
64776
64777
64778
64779
64779
64780
64781
64781
64782
64783
64783
64784
64785
64786
64786
64787
64788
64788
64789
64790
64790
64791
64792
64793
64793
64794
64795
64795
64796
64797
64797
64798
64799
64800
64800
64801
64802
64802
64803
64804
64804
64805
64806
64807
64807
64808
64809
64809
64810
64811
64811
64812
64813
64814
64814
64815
64816
64816
64817
64818
64818
64819
64820
64821
64821
64822
64823
64823
64824
64825
64825
64826
64827
64828
64828
64829
64830
64830
64831
64832
64832
64833
64834
64835
64835
64836
64837
64837
64838
64839
64839
64840
64841
64842
64842
64843
64844
64844
64845
64846
64846
64847
64848
64849
64849
64850
64851
64851
64852
64853
64853
64854
64855
64856
64856
64857
64858
64858
64859
64860
64860
64861
64862
64863
64863
64864
64865
64865
64866
64867
64867
64868
64869
64870
64870
64871
64872
64872
64873
64874
64874
64875
64876
64877
64877
64878
64879
64879
64880
64881
64881
64882
64883
64884
64884
64885
64886
64886
64887
64888
64888
64889
64890
64891
64891
64892
64893
64893
64894
64895
64895
64896
64897
64898
64898
64899
64900
64900
64901
64902
64902
64903
64904
64905
64905
64906
