69562
69563
69564
69564
69565
69566
69566
69567
69568
69569
69569
69570
69571
69571
69572
69573
69573
69574
69575
69576
69576
69577
69578
69578
69579
69580
69580
69581
69582
69583
69583
69584
69585
69585
69586
69587
69587
69588
69589
69590
69590
69591
69592
69592
69593
69594
69594
69595
69596
69597
69597
69598
69599
69599
69600
69601
69601
69602
69603
69604
69604
69605
69606
69606
69607
69608
69608
69609
69610
69611
69611
69612
69613
69613
69614
69615
69615
69616
69617
69618
69618
69619
69620
69620
69621
69622
69622
69623
69624
69625
69625
69626
69627
69627
69628
69629
69629
69630
69631
69632
69632
69633
69634
69634
69635
69636
69636
69637
69638
69639
69639
69640
69641
69641
69642
69643
69643
69644
69645
69646
69646
69647
69648
69648
69649
69650
69650
69651
69652
69653
69653
69654
69655
69655
