82575
82576
82577
82577
82578
82579
82579
82580
82581
82581
82582
82583
82584
82584
82585
82586
82586
82587
82588
82588
82589
82590
82591
82591
82592
82593
82593
82594
82595
82595
82596
82597
82598
82598
82599
82600
82600
82601
82602
82602
82603
82604
82605
82605
82606
82607
82607
82608
82609
82609
82610
82611
82612
82612
82613
82614
82614
82615
82616
82616
82617
82618
82619
82619
82620
82621
82621
82622
82623
82623
82624
82625
82626
82626
82627
82628
82628
82629
82630
82630
82631
82632
82633
82633
82634
82635
82635
82636
82637
82637
82638
82639
82640
82640
82641
82642
82642
82643
82644
82644
82645
82646
82647
82647
82648
82649
82649
82650
82651
82651
82652
82653
82654
82654
82655
82656
82656
82657
82658
82658
82659
82660
82661
82661
82662
82663
82663
82664
82665
82665
82666
82667
82668
82668
82669
82670
82670
82671
82672
82672
82673
82674
82675
82675
82676
82677
82677
82678
82679
82679
82680
82681
82682
82682
82683
82684
82684
82685
82686
82686
82687
82688
82689
82689
82690
82691
82691
82692
82693
82693
82694
82695
82696
82696
82697
82698
82698
82699
82700
82700
82701
82702
82703
82703
82704
82705
82705
82706
82707
82707
82708
82709
82710
82710
82711
82712
82712
82713
82714
82714
82715
82716
82717
82717
82718
82719
82719
82720
82721
82721
82722
82723
82724
82724
82725
82726
82726
82727
82728
82728
82729
82730
82731
82731
82732
82733
82733
82734
82735
82735
82736
82737
82738
82738
82739
82740
82740
82741
82742
82742
82743
82744
82745
82745
82746
82747
82747
82748
82749
82749
82750
82751
82752
82752
82753
82754
82754
82755
82756
82756
82757
82758
82759
82759
82760
82761
82761
82762
82763
82763
82764
82765
82766
82766
82767
82768
82768
82769
82770
82770
82771
82772
82773
82773
82774
82775
82775
82776
82777
82777
82778
82779
82780
82780
82781
82782
82782
82783
82784
82784
82785
82786
82787
82787
82788
82789
82789
82790
82791
82791
82792
82793
82794
82794
82795
82796
82796
82797
82798
82798
82799
82800
82801
82801
82802
82803
82803
82804
82805
82805
82806
82807
82808
82808
82809
82810
82810
82811
82812
82812
82813
82814
82815
82815
82816
82817
82817
82818
82819
82819
82820
82821
82822
82822
82823
82824
82824
82825
82826
82826
82827
82828
82829
82829
82830
82831
82831
82832
82833
82833
82834
82835
82836
82836
