920.45
921.15
921.85
922.55
923.25
923.95
924.65
925.35
926.05
926.75
927.45
928.15
928.85
929.55
930.25
930.95
931.65
932.35
933.05
933.75
934.45
935.15
935.85
936.55
937.25
937.95
938.65
939.35
940.05
940.75
941.45
942.15
942.85
943.55
944.25
944.95
945.65
946.35
947.05
947.75
948.45
949.15
949.85
950.55
951.25
951.95
952.65
953.35
954.05
954.75
955.45
956.15
956.85
957.55
958.25
958.95
959.65
960.35
961.05
961.75
962.45
963.15
963.85
964.55
965.25
965.95
966.65
967.35
968.05
968.75
969.45
970.15
970.85
971.55
972.25
972.95
973.65
974.35
975.05
975.75
976.45
977.15
977.85
978.55
979.25
979.95
980.65
981.35
982.05
982.75
983.45
984.15
984.85
985.55
986.25
986.95
987.65
988.35
989.05
989.75
990.45
991.15
991.85
992.55
993.25
993.95
994.65
995.35
996.05
996.75
997.45
998.15
998.85
999.55
1000.2
1000.9
1001.6
1002.3
1003
1003.7
1004.4
1005.1
1005.8
1006.5
1007.2
1007.9
1008.6
1009.3
1010
1010.7
1011.4
1012.1
1012.8
1013.5
1014.2
1014.9
1015.6
1016.3
1017
1017.7
1018.4
1019.1
1019.8
1020.5
1021.2
1021.9
1022.6
1023.3
1024
1024.7
1025.4
1026.1
1026.8
1027.5
1028.2
1028.9
1029.6
1030.3
1031
1031.7
1032.4
1033.1
1033.8
1034.5
1035.2
1035.9
1036.6
1037.3
1038
1038.7
1039.4
1040.1
1040.8
1041.5
1042.2
1042.9
1043.6
1044.3
1045
1045.7
1046.4
1047.1
1047.8
1048.5
1049.2
1049.9
1050.6
1051.3
1052
1052.7
1053.4
1054.1
1054.8
1055.5
1056.2
1056.9
1057.6
1058.3
1059
1059.7
1060.4
1061.1
1061.8
1062.5
1063.2
1063.9
1064.6
1065.3
1066
1066.7
1067.4
1068.1
1068.8
1069.5
1070.2
1070.9
1071.6
1072.3
1073
1073.7
1074.4
1075.1
1075.8
1076.5
1077.2
1077.9
1078.6
1079.3
1080
1080.7
1081.4
1082.1
1082.8
1083.5
1084.2
1084.9
1085.6
1086.3
1087
1087.7
1088.4
1089.1
1089.8
1090.5
1091.2
1091.9
1092.6
1093.3
1094
1094.7
1095.4
1096.1
1096.8
1097.5
1098.2
1098.9
1099.6
1100.3
1101
1101.7
1102.4
1103.1
1103.8
1104.5
1105.2
1105.9
1106.6
1107.3
1108
1108.7
1109.4
1110.1
1110.8
1111.5
1112.2
1112.9
1113.6
1114.3
1115
1115.7
1116.4
1117.1
1117.8
1118.5
1119.2
1119.9
1120.6
1121.3
1122
1122.7
1123.4
1124.1
1124.8
1125.5
1126.2
1126.9
1127.6
1128.3
1129
1129.7
1130.4
1131.1
1131.8
1132.5
1133.2
1133.9
1134.6
1135.3
1136
1136.7
1137.4
1138.1
1138.8
1139.5
1140.2
1140.9
1141.6
1142.3
1143
1143.7
1144.4
1145.1
1145.8
1146.5
1147.2
1147.9
1148.6
1149.3
1150
1150.7
1151.4
1152.1
1152.8
1153.5
1154.2
1154.9
1155.6
1156.3
1157
1157.7
1158.4
1159.1
1159.8
1160.5
1161.2
1161.9
1162.6
1163.3
1164
1164.7
1165.4
1166.1
1166.8
1167.5
1168.2
1168.9
1169.6
1170.3
1171
1171.7
1172.4
1173.1
1173.8
1174.5
1175.2
1175.9
1176.6
1177.3
1178
1178.7
1179.4
1180.1
1180.8
1181.5
1182.2
1182.9
1183.6
1184.3
1185
1185.7
1186.4
1187.1
1187.8
1188.5
1189.2
1189.9
1190.6
1191.3
1192
1192.7
1193.4
1194.1
1194.8
1195.5
1196.2
1196.9
1197.6
1198.3
1199
1199.7
1200.4
1201.1
1201.8
1202.5
1203.2
1203.9
1204.6
1205.3
1206
1206.7
1207.4
1208.1
1208.8
1209.5
1210.2
1210.9
1211.6
1212.3
1213
1213.7
1214.4
1215.1
1215.8
1216.5
1217.2
1217.9
1218.6
1219.3
1220
1220.7
1221.4
1222.1
