23356
23356
23357
23358
23359
23359
23360
23361
23361
23362
23363
23363
23364
23365
23366
23366
23367
23368
23368
23369
23370
23370
23371
23372
23373
23373
23374
23375
23375
23376
23377
23377
23378
23379
23380
23380
23381
23382
23382
23383
23384
23384
23385
23386
23387
23387
23388
23389
23389
23390
23391
23391
23392
23393
23394
23394
23395
23396
23396
23397
23398
23398
23399
23400
23401
23401
23402
23403
23403
23404
23405
23405
23406
23407
23408
23408
23409
23410
23410
23411
23412
23412
23413
23414
23415
23415
23416
23417
23417
23418
23419
23419
23420
23421
23422
23422
23423
23424
23424
23425
23426
23426
23427
23428
23429
23429
23430
23431
23431
23432
23433
23433
23434
23435
23436
23436
23437
23438
23438
23439
23440
23440
23441
23442
23443
23443
23444
23445
23445
23446
23447
23447
23448
23449
23450
23450
23451
23452
23452
23453
23454
23454
23455
23456
23457
23457
23458
23459
23459
23460
23461
23461
23462
23463
23464
23464
23465
23466
23466
23467
23468
23468
23469
23470
23471
23471
23472
23473
23473
23474
23475
23475
23476
23477
23478
23478
23479
23480
23480
23481
23482
23482
23483
23484
23485
23485
23486
23487
23487
23488
23489
23489
23490
23491
23492
23492
23493
23494
23494
23495
23496
23496
23497
23498
23499
23499
23500
23501
23501
23502
23503
23503
23504
23505
23506
23506
23507
23508
23508
23509
23510
23510
23511
23512
23513
23513
23514
23515
23515
23516
23517
23517
23518
23519
23520
23520
23521
23522
23522
23523
23524
23524
23525
23526
23527
23527
23528
23529
23529
23530
23531
23531
23532
23533
23534
23534
23535
23536
23536
23537
23538
23538
23539
23540
23541
23541
23542
23543
23543
23544
23545
23545
23546
23547
23548
23548
23549
23550
23550
23551
23552
23552
23553
23554
23555
23555
23556
23557
23557
23558
23559
23559
23560
23561
23562
23562
23563
23564
23564
23565
23566
23566
23567
23568
23569
23569
23570
23571
23571
23572
23573
23573
23574
23575
23576
23576
23577
23578
23578
23579
23580
23580
23581
23582
23583
23583
23584
23585
23585
23586
23587
23587
23588
23589
23590
23590
23591
23592
23592
23593
23594
23594
23595
23596
23597
23597
23598
23599
23599
23600
23601
23601
23602
23603
23604
23604
23605
23606
23606
23607
23608
23608
23609
23610
23611
23611
23612
23613
23613
23614
23615
23615
23616
23617
23618
23618
23619
23620
23620
