77686
77687
77688
77689
77689
77690
77691
77691
77692
77693
77693
77694
77695
77696
77696
77697
77698
77698
77699
77700
77700
77701
77702
77703
77703
77704
77705
77705
77706
77707
77707
77708
77709
77710
77710
77711
77712
77712
77713
77714
77714
77715
77716
77717
77717
77718
77719
77719
77720
77721
77721
77722
77723
77724
77724
77725
77726
77726
77727
77728
77728
77729
77730
77731
77731
77732
77733
77733
77734
77735
77735
77736
77737
77738
77738
77739
77740
77740
77741
77742
77742
77743
77744
77745
77745
77746
77747
77747
77748
77749
77749
77750
77751
77752
77752
77753
77754
77754
77755
77756
77756
77757
77758
77759
77759
77760
77761
77761
77762
77763
77763
77764
77765
77766
77766
77767
77768
77768
77769
77770
77770
77771
77772
77773
77773
77774
77775
77775
77776
77777
77777
77778
77779
77780
77780
77781
77782
77782
77783
77784
77784
77785
77786
77787
77787
77788
77789
77789
77790
77791
77791
77792
77793
77794
77794
77795
77796
77796
77797
77798
77798
77799
77800
77801
77801
77802
77803
77803
77804
77805
77805
77806
77807
77808
77808
77809
77810
77810
77811
77812
77812
77813
77814
77815
77815
77816
77817
77817
77818
77819
77819
77820
77821
77822
77822
77823
77824
77824
77825
77826
77826
77827
77828
77829
77829
77830
77831
77831
77832
77833
77833
77834
77835
77836
77836
77837
77838
77838
77839
77840
77840
77841
77842
77843
77843
77844
77845
77845
77846
77847
77847
77848
77849
77850
77850
77851
77852
77852
77853
77854
77854
77855
77856
77857
77857
77858
77859
77859
77860
77861
77861
77862
77863
77864
77864
77865
77866
77866
77867
77868
77868
77869
77870
77871
77871
77872
77873
77873
77874
77875
77875
77876
77877
77878
77878
77879
77880
77880
77881
77882
77882
77883
77884
77885
77885
77886
77887
77887
77888
77889
77889
77890
77891
77892
77892
77893
77894
77894
77895
77896
77896
77897
77898
77899
77899
77900
77901
77901
77902
77903
77903
77904
77905
77906
77906
77907
77908
77908
77909
77910
77910
77911
77912
77913
77913
77914
77915
77915
77916
77917
77917
77918
77919
77920
77920
77921
77922
77922
77923
77924
77924
77925
77926
77927
77927
77928
77929
77929
77930
77931
77931
77932
77933
77934
77934
77935
77936
77936
77937
77938
77938
77939
77940
77941
77941
77942
77943
77943
77944
77945
77945
77946
77947
77948
77948
77949
77950
77950
77951
77952
77952
77953
77954
77955
77955
77956
77957
77957
77958
77959
77959
77960
77961
77962
77962
77963
77964
77964
77965
77966
77966
77967
77968
77969
77969
77970
77971
77971
77972
77973
77973
77974
77975
77976
77976
77977
77978
77978
77979
77980
77980
77981
77982
77983
77983
77984
77985
77985
77986
77987
77987
77988
77989
77990
77990
77991
77992
77992
77993
