7427.2
7427.9
7428.6
7429.3
7430
7430.7
7431.4
7432.1
7432.8
7433.5
7434.2
7434.9
7435.6
7436.3
7437
7437.7
7438.4
7439.1
7439.8
7440.5
7441.2
7441.9
7442.6
7443.3
7444
7444.7
7445.4
7446.1
7446.8
7447.5
7448.2
7448.9
7449.6
7450.3
7451
7451.7
7452.4
7453.1
7453.8
7454.5
7455.2
7455.9
7456.6
7457.3
7458
7458.7
7459.4
7460.1
7460.8
7461.5
7462.2
7462.9
7463.6
7464.3
7465
7465.7
7466.4
7467.1
7467.8
7468.5
7469.2
7469.9
7470.6
7471.3
7472
7472.7
7473.4
7474.1
7474.8
7475.5
7476.2
7476.9
7477.6
7478.3
7479
7479.7
7480.4
7481.1
7481.8
7482.5
7483.2
7483.9
7484.6
7485.3
7486
7486.7
7487.4
7488.1
7488.8
7489.5
7490.2
7490.9
7491.6
7492.3
7493
7493.7
7494.4
7495.1
7495.8
7496.5
7497.2
7497.9
7498.6
7499.3
7500
7500.7
7501.4
7502.1
7502.8
7503.5
7504.2
7504.9
7505.6
7506.3
7507
7507.7
7508.4
7509.1
7509.8
7510.5
7511.2
7511.9
7512.6
7513.3
7514
7514.7
7515.4
7516.1
7516.8
7517.5
7518.2
7518.9
7519.6
7520.3
7521
7521.7
7522.4
7523.1
7523.8
7524.5
7525.2
7525.9
7526.6
7527.3
7528
7528.7
7529.4
7530.1
7530.8
7531.5
7532.2
7532.9
7533.6
7534.3
7535
7535.7
7536.4
7537.1
7537.8
7538.5
7539.2
7539.9
7540.6
7541.3
7542
7542.7
7543.4
7544.1
7544.8
7545.5
7546.2
7546.9
7547.6
7548.3
7549
7549.7
7550.4
7551.1
7551.8
7552.5
7553.2
7553.9
7554.6
7555.3
7556
7556.7
7557.4
7558.1
7558.8
7559.5
7560.2
7560.9
7561.6
7562.3
7563
7563.7
7564.4
7565.1
7565.8
7566.5
7567.2
7567.9
7568.6
7569.3
7570
7570.7
7571.4
7572.1
7572.8
7573.5
7574.2
7574.9
7575.6
7576.3
7577
7577.7
7578.4
7579.1
7579.8
7580.5
7581.2
7581.9
7582.6
7583.3
7584
7584.7
7585.4
7586.1
7586.8
7587.5
7588.2
7588.9
7589.6
7590.3
7591
7591.7
7592.4
7593.1
7593.8
7594.5
7595.2
7595.9
7596.6
7597.3
7598
7598.7
7599.4
7600.1
7600.8
7601.5
7602.2
7602.9
7603.6
7604.3
7605
7605.7
7606.4
7607.1
7607.8
7608.5
7609.2
7609.9
7610.6
7611.3
7612
7612.7
7613.4
7614.1
7614.8
7615.5
7616.2
7616.9
7617.6
7618.3
7619
7619.7
7620.4
7621.1
7621.8
7622.5
7623.2
7623.9
7624.6
7625.3
7626
7626.7
7627.4
7628.1
7628.8
7629.5
7630.2
7630.9
7631.6
7632.3
7633
7633.7
7634.4
7635.1
7635.8
7636.5
7637.2
7637.9
7638.6
7639.3
7640
7640.7
7641.4
7642.1
7642.8
7643.5
7644.2
7644.9
7645.6
7646.3
7647
7647.7
7648.4
7649.1
7649.8
7650.5
7651.2
7651.9
7652.6
7653.3
7654
7654.7
7655.4
7656.1
7656.8
7657.5
7658.2
7658.9
7659.6
7660.3
7661
7661.7
7662.4
7663.1
7663.8
7664.5
7665.2
7665.9
7666.6
7667.3
7668
7668.7
7669.4
7670.1
7670.8
7671.5
7672.2
7672.9
7673.6
7674.3
7675
7675.7
7676.4
7677.1
7677.8
7678.5
7679.2
7679.9
7680.6
7681.3
7682
7682.7
7683.4
7684.1
7684.8
7685.5
7686.2
7686.9
7687.6
7688.3
7689
7689.7
7690.4
7691.1
7691.8
7692.5
7693.2
7693.9
7694.6
7695.3
7696
7696.7
7697.4
7698.1
7698.8
7699.5
7700.2
7700.9
7701.6
7702.3
7703
7703.7
7704.4
7705.1
7705.8
7706.5
7707.2
7707.9
7708.6
7709.3
7710
7710.7
7711.4
7712.1
7712.8
7713.5
7714.2
7714.9
7715.6
7716.3
7717
7717.7
7718.4
7719.1
7719.8
7720.5
7721.2
7721.9
7722.6
7723.3
7724
7724.7
7725.4
