41812
41812
41813
41814
41814
41815
41816
41816
41817
41818
41819
41819
41820
41821
41821
41822
41823
41823
41824
41825
41826
41826
41827
41828
41828
41829
41830
41830
41831
41832
41833
41833
41834
41835
41835
41836
41837
41837
41838
41839
41840
41840
41841
41842
41842
41843
41844
41844
41845
41846
41847
41847
41848
41849
41849
41850
41851
41851
41852
41853
41854
41854
41855
41856
41856
41857
41858
41858
41859
41860
41861
41861
41862
41863
41863
41864
41865
41865
41866
41867
41868
41868
41869
41870
41870
41871
41872
41872
41873
41874
41875
41875
41876
41877
41877
41878
41879
41879
41880
41881
41882
41882
41883
41884
41884
41885
41886
41886
41887
41888
41889
41889
41890
41891
41891
41892
41893
41893
41894
41895
41896
41896
41897
41898
41898
41899
41900
41900
41901
41902
41903
41903
41904
41905
41905
41906
41907
41907
41908
41909
41910
41910
41911
41912
41912
41913
41914
41914
41915
41916
41917
41917
41918
41919
41919
41920
41921
41921
41922
41923
41924
41924
41925
41926
41926
41927
41928
41928
41929
41930
41931
41931
41932
41933
41933
41934
41935
41935
41936
41937
41938
41938
41939
41940
41940
41941
41942
41942
41943
41944
41945
41945
41946
41947
41947
41948
41949
41949
41950
41951
41952
41952
41953
41954
41954
41955
41956
41956
41957
41958
41959
41959
41960
41961
41961
41962
41963
41963
41964
41965
41966
41966
41967
41968
41968
41969
41970
41970
41971
41972
41973
41973
41974
41975
41975
41976
41977
41977
41978
41979
41980
41980
41981
41982
41982
41983
41984
41984
41985
41986
41987
41987
41988
41989
41989
41990
41991
41991
41992
41993
41994
41994
41995
41996
41996
41997
41998
41998
41999
42000
42001
42001
42002
42003
42003
42004
42005
42005
42006
42007
42008
42008
42009
42010
42010
42011
42012
42012
42013
42014
42015
42015
42016
42017
42017
42018
42019
42019
42020
42021
42022
42022
42023
42024
42024
42025
42026
42026
42027
42028
42029
42029
42030
42031
42031
42032
42033
42033
42034
42035
42036
42036
42037
42038
42038
42039
42040
42040
42041
42042
42043
42043
42044
42045
42045
42046
42047
42047
42048
42049
42050
42050
42051
42052
42052
42053
42054
42054
42055
42056
42057
42057
42058
42059
42059
42060
42061
42061
42062
42063
42064
42064
42065
42066
42066
42067
42068
42068
42069
42070
42071
42071
42072
42073
42073
42074
42075
42075
42076
42077
42078
42078
42079
42080
42080
42081
42082
42082
42083
42084
42085
42085
42086
42087
42087
42088
42089
42089
42090
42091
42092
42092
42093
42094
42094
42095
42096
42096
42097
42098
42099
42099
42100
42101
42101
42102
42103
42103
42104
42105
42106
42106
42107
42108
42108
42109
42110
42110
42111
42112
42113
42113
42114
42115
42115
42116
42117
42117
42118
42119
42120
42120
42121
42122
42122
42123
42124
42124
42125
42126
42127
42127
42128
42129
42129
42130
42131
42131
42132
42133
42134
42134
42135
42136
42136
42137
42138
42138
42139
42140
42141
42141
42142
42143
42143
42144
42145
42145
42146
42147
42148
42148
42149
42150
42150
42151
42152
42152
42153
42154
42155
42155
42156
42157
42157
42158
42159
42159
42160
42161
42162
42162
42163
42164
42164
42165
42166
42166
42167
42168
42169
42169
42170
42171
42171
42172
42173
42173
42174
42175
42176
42176
42177
42178
42178
42179
42180
42180
42181
42182
42183
42183
42184
42185
42185
42186
