79597
79598
79599
79600
79600
79601
79602
79602
79603
79604
79604
79605
79606
79607
79607
79608
79609
79609
79610
79611
79611
79612
79613
79614
79614
79615
79616
79616
79617
79618
79618
79619
79620
79621
79621
79622
79623
79623
79624
79625
79625
79626
79627
79628
79628
79629
79630
79630
79631
79632
79632
79633
79634
79635
79635
79636
79637
79637
79638
79639
79639
79640
79641
79642
79642
79643
79644
79644
79645
79646
79646
79647
79648
79649
79649
79650
79651
79651
79652
79653
79653
79654
79655
79656
79656
79657
79658
79658
79659
79660
79660
79661
79662
79663
79663
79664
79665
79665
79666
79667
79667
79668
79669
79670
79670
79671
79672
79672
79673
79674
79674
79675
79676
79677
79677
79678
79679
79679
79680
79681
79681
79682
79683
79684
79684
79685
79686
79686
79687
79688
79688
79689
79690
79691
79691
79692
79693
79693
79694
79695
79695
79696
79697
79698
79698
79699
79700
79700
79701
79702
79702
79703
79704
79705
79705
79706
79707
79707
79708
79709
79709
79710
79711
79712
79712
79713
79714
79714
79715
79716
79716
79717
79718
79719
79719
79720
79721
79721
79722
79723
79723
79724
79725
79726
79726
79727
79728
79728
79729
79730
79730
79731
79732
79733
79733
79734
79735
79735
79736
79737
79737
79738
79739
79740
79740
79741
79742
79742
79743
79744
79744
79745
79746
79747
79747
79748
79749
79749
79750
79751
79751
79752
79753
79754
79754
79755
79756
79756
79757
79758
79758
79759
79760
79761
79761
79762
79763
79763
79764
79765
79765
79766
79767
79768
79768
79769
79770
79770
79771
79772
79772
79773
79774
79775
79775
79776
79777
79777
79778
79779
79779
79780
79781
79782
79782
79783
79784
79784
79785
79786
79786
79787
79788
79789
79789
79790
79791
79791
79792
79793
79793
79794
79795
79796
79796
79797
79798
79798
79799
79800
79800
79801
79802
79803
79803
79804
79805
79805
79806
79807
79807
79808
79809
79810
79810
79811
79812
79812
79813
79814
79814
79815
79816
79817
79817
79818
79819
79819
79820
79821
79821
79822
79823
79824
79824
79825
79826
79826
79827
79828
79828
79829
79830
79831
79831
79832
79833
79833
79834
79835
79835
79836
79837
79838
79838
79839
79840
79840
79841
79842
79842
79843
79844
79845
79845
79846
79847
79847
79848
79849
79849
79850
79851
79852
79852
79853
79854
79854
79855
79856
79856
79857
79858
79859
79859
79860
79861
79861
79862
79863
79863
79864
79865
79866
79866
79867
79868
79868
79869
