66396
66396
66397
66398
66398
66399
66400
66400
66401
66402
66403
66403
66404
66405
66405
66406
66407
66407
66408
66409
66410
66410
66411
66412
66412
66413
66414
66414
66415
66416
66417
66417
66418
66419
66419
66420
66421
66421
66422
66423
66424
66424
66425
66426
66426
66427
66428
66428
66429
66430
66431
66431
66432
66433
66433
66434
66435
66435
66436
66437
66438
66438
66439
66440
66440
66441
66442
66442
66443
66444
66445
66445
66446
66447
66447
66448
66449
66449
66450
66451
66452
66452
66453
66454
66454
66455
66456
66456
66457
66458
66459
66459
66460
66461
66461
66462
66463
66463
66464
66465
66466
66466
66467
66468
66468
66469
66470
66470
66471
66472
66473
66473
66474
66475
66475
66476
66477
66477
66478
66479
66480
66480
66481
66482
66482
66483
66484
66484
66485
66486
66487
66487
66488
66489
66489
66490
66491
66491
66492
66493
66494
66494
66495
66496
66496
66497
66498
66498
66499
66500
66501
66501
66502
66503
66503
66504
66505
66505
66506
66507
66508
66508
66509
66510
66510
66511
66512
66512
66513
66514
66515
66515
66516
66517
66517
66518
66519
66519
66520
66521
66522
66522
66523
66524
66524
66525
66526
66526
66527
66528
66529
66529
66530
66531
66531
66532
66533
66533
66534
66535
66536
66536
66537
66538
66538
66539
66540
66540
66541
66542
66543
66543
66544
66545
66545
66546
66547
66547
66548
66549
66550
66550
66551
66552
66552
66553
66554
66554
66555
66556
66557
66557
66558
66559
66559
66560
66561
66561
66562
66563
66564
