36258
36259
36260
36261
36261
36262
36263
36263
36264
36265
36265
36266
36267
36268
36268
36269
36270
36270
36271
36272
36272
36273
36274
36275
36275
36276
36277
36277
36278
36279
36279
36280
36281
36282
36282
36283
36284
36284
36285
36286
36286
36287
36288
36289
36289
36290
36291
36291
36292
36293
36293
36294
36295
36296
36296
36297
36298
36298
36299
36300
36300
36301
36302
36303
36303
36304
36305
36305
36306
36307
36307
36308
36309
36310
36310
36311
36312
36312
36313
36314
36314
36315
36316
36317
36317
36318
36319
36319
36320
36321
36321
36322
36323
36324
36324
36325
36326
36326
36327
36328
36328
36329
36330
36331
36331
36332
36333
36333
36334
36335
36335
36336
36337
36338
36338
36339
