13115
13116
13116
13117
13118
13118
13119
13120
13121
13121
13122
13123
13123
13124
13125
13125
13126
13127
13128
13128
13129
13130
13130
13131
13132
13132
13133
13134
13135
13135
13136
13137
13137
13138
13139
13139
13140
13141
13142
13142
13143
13144
13144
13145
13146
13146
13147
13148
13149
13149
13150
13151
13151
13152
13153
13153
13154
13155
13156
13156
13157
13158
13158
13159
13160
13160
13161
13162
13163
13163
13164
13165
13165
13166
13167
13167
13168
13169
13170
13170
13171
13172
13172
13173
13174
13174
13175
13176
13177
13177
13178
13179
13179
13180
13181
13181
13182
13183
13184
13184
13185
13186
13186
13187
13188
13188
13189
13190
13191
13191
13192
13193
13193
13194
13195
13195
13196
13197
13198
13198
13199
13200
13200
13201
13202
13202
13203
13204
13205
13205
13206
13207
13207
13208
13209
13209
13210
13211
13212
13212
13213
13214
13214
13215
13216
13216
13217
13218
13219
13219
13220
13221
13221
13222
13223
13223
13224
13225
13226
13226
13227
13228
13228
13229
13230
13230
13231
13232
13233
13233
13234
13235
13235
13236
13237
13237
13238
13239
13240
13240
13241
13242
13242
13243
13244
13244
13245
13246
13247
13247
13248
13249
13249
13250
13251
13251
13252
13253
13254
13254
13255
13256
13256
13257
13258
13258
13259
13260
13261
13261
13262
13263
13263
13264
13265
13265
13266
13267
13268
13268
13269
13270
13270
13271
13272
13272
13273
13274
13275
13275
13276
13277
13277
13278
13279
13279
13280
13281
13282
13282
13283
13284
13284
13285
13286
13286
13287
13288
13289
13289
13290
13291
13291
13292
13293
13293
13294
13295
13296
13296
13297
13298
13298
13299
13300
13300
13301
13302
13303
13303
13304
13305
13305
13306
13307
13307
13308
13309
13310
13310
13311
13312
13312
13313
13314
13314
13315
13316
13317
13317
13318
13319
13319
13320
13321
13321
13322
13323
13324
13324
13325
13326
13326
13327
13328
13328
13329
13330
13331
13331
13332
13333
13333
13334
13335
13335
13336
13337
13338
13338
13339
13340
13340
13341
13342
13342
13343
13344
13345
13345
13346
13347
13347
13348
13349
13349
13350
13351
13352
13352
13353
13354
13354
13355
13356
13356
13357
13358
13359
13359
13360
13361
13361
13362
13363
13363
13364
13365
13366
13366
13367
13368
13368
13369
13370
13370
13371
13372
13373
13373
13374
13375
13375
13376
13377
13377
13378
13379
13380
13380
13381
13382
13382
13383
13384
13384
13385
13386
13387
13387
13388
13389
13389
13390
13391
13391
13392
13393
13394
13394
13395
13396
13396
13397
13398
13398
13399
13400
13401
13401
13402
13403
13403
13404
13405
13405
13406
13407
13408
13408
13409
13410
13410
13411
13412
13412
13413
13414
13415
13415
13416
13417
13417
13418
13419
13419
13420
13421
13422
13422
13423
13424
13424
13425
13426
13426
13427
13428
13429
13429
13430
13431
13431
13432
13433
13433
13434
13435
13436
13436
13437
13438
13438
13439
13440
13440
13441
13442
13443
13443
13444
13445
13445
13446
13447
13447
13448
13449
13450
