5223.5
5224.2
5224.9
5225.6
5226.3
5227
5227.7
5228.4
5229.1
5229.8
5230.5
5231.2
5231.9
5232.6
5233.3
5234
5234.7
5235.4
5236.1
5236.8
5237.5
5238.2
5238.9
5239.6
5240.3
5241
5241.7
5242.4
5243.1
5243.8
5244.5
5245.2
5245.9
5246.6
5247.3
5248
5248.7
5249.4
5250.1
5250.8
5251.5
5252.2
5252.9
5253.6
5254.3
5255
5255.7
5256.4
5257.1
5257.8
5258.5
5259.2
5259.9
5260.6
5261.3
5262
5262.7
5263.4
5264.1
5264.8
5265.5
5266.2
5266.9
5267.6
5268.3
5269
5269.7
5270.4
5271.1
5271.8
5272.5
5273.2
5273.9
5274.6
5275.3
5276
5276.7
5277.4
5278.1
5278.8
5279.5
5280.2
5280.9
5281.6
5282.3
5283
5283.7
5284.4
5285.1
5285.8
5286.5
5287.2
5287.9
5288.6
5289.3
5290
5290.7
5291.4
5292.1
5292.8
5293.5
5294.2
5294.9
5295.6
5296.3
5297
5297.7
5298.4
5299.1
5299.8
5300.5
5301.2
5301.9
5302.6
5303.3
5304
5304.7
5305.4
5306.1
5306.8
5307.5
5308.2
5308.9
5309.6
5310.3
5311
5311.7
5312.4
5313.1
5313.8
5314.5
5315.2
5315.9
5316.6
5317.3
5318
5318.7
5319.4
5320.1
5320.8
5321.5
5322.2
5322.9
5323.6
5324.3
5325
5325.7
5326.4
5327.1
5327.8
5328.5
5329.2
5329.9
5330.6
5331.3
5332
5332.7
5333.4
5334.1
5334.8
5335.5
5336.2
5336.9
5337.6
5338.3
5339
5339.7
5340.4
5341.1
5341.8
5342.5
5343.2
5343.9
5344.6
5345.3
5346
5346.7
5347.4
5348.1
5348.8
5349.5
5350.2
5350.9
5351.6
5352.3
5353
5353.7
5354.4
5355.1
5355.8
5356.5
5357.2
5357.9
5358.6
5359.3
5360
5360.7
5361.4
5362.1
5362.8
5363.5
5364.2
5364.9
5365.6
5366.3
5367
5367.7
5368.4
5369.1
5369.8
5370.5
5371.2
5371.9
5372.6
5373.3
5374
5374.7
5375.4
5376.1
5376.8
5377.5
5378.2
5378.9
5379.6
5380.3
5381
5381.7
5382.4
5383.1
5383.8
5384.5
5385.2
5385.9
5386.6
5387.3
5388
5388.7
5389.4
5390.1
5390.8
5391.5
5392.2
5392.9
5393.6
5394.3
5395
5395.7
5396.4
5397.1
5397.8
5398.5
5399.2
5399.9
5400.6
5401.3
5402
5402.7
5403.4
5404.1
5404.8
5405.5
5406.2
5406.9
5407.6
5408.3
5409
5409.7
5410.4
5411.1
5411.8
5412.5
5413.2
5413.9
5414.6
5415.3
5416
5416.7
5417.4
5418.1
5418.8
5419.5
5420.2
5420.9
5421.6
5422.3
5423
5423.7
5424.4
5425.1
5425.8
5426.5
5427.2
5427.9
5428.6
5429.3
5430
5430.7
5431.4
5432.1
5432.8
5433.5
5434.2
5434.9
5435.6
5436.3
5437
5437.7
5438.4
5439.1
5439.8
5440.5
5441.2
5441.9
5442.6
5443.3
5444
5444.7
5445.4
5446.1
5446.8
5447.5
5448.2
5448.9
5449.6
5450.3
5451
5451.7
5452.4
5453.1
5453.8
5454.5
5455.2
5455.9
5456.6
5457.3
5458
5458.7
5459.4
5460.1
5460.8
5461.5
5462.2
5462.9
5463.6
5464.3
5465
5465.7
5466.4
5467.1
5467.8
5468.5
5469.2
5469.9
5470.6
5471.3
5472
5472.7
5473.4
5474.1
5474.8
5475.5
5476.2
5476.9
5477.6
5478.3
5479
5479.7
5480.4
5481.1
5481.8
5482.5
5483.2
5483.9
5484.6
5485.3
5486
5486.7
5487.4
5488.1
5488.8
5489.5
5490.2
5490.9
5491.6
5492.3
5493
5493.7
5494.4
5495.1
5495.8
5496.5
5497.2
5497.9
5498.6
5499.3
5500
5500.7
5501.4
5502.1
5502.8
5503.5
5504.2
5504.9
5505.6
5506.3
5507
5507.7
5508.4
5509.1
5509.8
5510.5
5511.2
5511.9
5512.6
5513.3
5514
5514.7
5515.4
5516.1
5516.8
5517.5
5518.2
5518.9
5519.6
5520.3
5521
5521.7
5522.4
5523.1
5523.8
5524.5
5525.2
5525.9
5526.6
5527.3
5528
5528.7
5529.4
5530.1
5530.8
5531.5
5532.2
5532.9
5533.6
5534.3
5535
5535.7
5536.4
5537.1
5537.8
5538.5
5539.2
5539.9
5540.6
5541.3
5542
5542.7
5543.4
5544.1
5544.8
5545.5
5546.2
5546.9
5547.6
5548.3
5549
5549.7
5550.4
5551.1
5551.8
5552.5
5553.2
5553.9
5554.6
5555.3
5556
5556.7
5557.4
5558.1
5558.8
5559.5
5560.2
5560.9
5561.6
5562.3
5563
5563.7
5564.4
5565.1
5565.8
5566.5
5567.2
5567.9
5568.6
5569.3
5570
5570.7
5571.4
5572.1
5572.8
5573.5
5574.2
5574.9
5575.6
5576.3
5577
5577.7
5578.4
5579.1
5579.8
5580.5
5581.2
5581.9
5582.6
5583.3
5584
5584.7
5585.4
5586.1
