78970
78971
78971
78972
78973
78973
78974
78975
78976
78976
78977
78978
78978
78979
78980
78980
78981
78982
78983
78983
78984
78985
78985
78986
78987
78987
78988
78989
78990
78990
78991
78992
78992
78993
78994
78994
78995
78996
78997
78997
78998
78999
78999
79000
79001
79001
79002
79003
79004
79004
79005
79006
79006
79007
79008
79008
79009
79010
79011
79011
79012
79013
79013
79014
79015
79015
79016
79017
79018
79018
79019
79020
79020
79021
79022
79022
79023
79024
79025
79025
79026
79027
79027
79028
79029
79029
79030
79031
79032
79032
79033
79034
79034
79035
79036
79036
79037
79038
79039
79039
79040
79041
79041
79042
79043
79043
79044
79045
79046
79046
79047
79048
79048
79049
79050
79050
79051
79052
79053
79053
79054
79055
79055
79056
79057
79057
79058
79059
79060
79060
79061
79062
79062
79063
79064
79064
79065
79066
79067
79067
79068
79069
79069
79070
79071
79071
79072
79073
79074
79074
79075
79076
79076
79077
79078
79078
79079
79080
79081
79081
79082
79083
79083
79084
79085
79085
79086
79087
79088
79088
79089
79090
79090
79091
79092
79092
79093
79094
79095
79095
79096
79097
79097
79098
79099
79099
79100
79101
79102
79102
79103
79104
79104
79105
79106
79106
79107
79108
79109
79109
79110
79111
79111
79112
79113
79113
79114
79115
79116
79116
79117
79118
79118
79119
79120
79120
79121
79122
79123
