19694
19695
19695
19696
19697
19698
19698
19699
19700
19700
19701
19702
19702
19703
19704
19705
19705
19706
19707
19707
19708
19709
19709
19710
19711
19712
19712
19713
19714
19714
19715
19716
19716
19717
19718
19719
19719
19720
19721
19721
19722
19723
19723
19724
19725
19726
19726
19727
19728
19728
19729
19730
19730
19731
19732
19733
19733
19734
19735
19735
19736
19737
19737
19738
19739
19740
19740
19741
19742
19742
19743
19744
19744
19745
19746
19747
19747
19748
19749
19749
19750
19751
19751
19752
19753
19754
19754
19755
19756
19756
19757
19758
19758
19759
19760
19761
19761
19762
19763
19763
19764
19765
19765
19766
19767
19768
19768
19769
19770
19770
19771
19772
19772
19773
19774
19775
19775
19776
19777
19777
19778
19779
19779
19780
19781
19782
19782
19783
19784
19784
19785
19786
19786
19787
19788
19789
19789
19790
19791
19791
19792
19793
19793
19794
19795
19796
19796
19797
19798
19798
19799
19800
19800
19801
19802
19803
19803
19804
19805
19805
19806
19807
19807
19808
19809
19810
19810
19811
19812
19812
19813
19814
19814
19815
19816
19817
19817
19818
19819
19819
19820
19821
19821
19822
19823
19824
19824
19825
19826
19826
19827
19828
19828
19829
19830
19831
19831
19832
19833
19833
19834
19835
19835
19836
19837
19838
19838
19839
19840
19840
19841
19842
19842
19843
19844
19845
19845
19846
19847
19847
19848
19849
19849
19850
19851
19852
19852
19853
19854
19854
19855
19856
19856
19857
19858
19859
19859
19860
19861
19861
19862
19863
19863
19864
19865
19866
19866
19867
19868
19868
19869
19870
19870
19871
19872
19873
19873
19874
19875
19875
19876
19877
19877
19878
19879
19880
19880
19881
19882
19882
19883
19884
19884
19885
19886
19887
19887
19888
19889
19889
19890
19891
19891
19892
19893
19894
19894
19895
19896
19896
19897
19898
19898
19899
19900
19901
19901
19902
19903
19903
19904
19905
19905
19906
19907
19908
19908
19909
19910
19910
19911
19912
19912
19913
