923
923.7
924.39
925.1
925.79
926.5
927.2
927.89
928.6
929.29
930
930.7
931.39
932.1
932.79
933.5
934.2
934.89
935.6
936.29
937
937.7
938.39
939.1
939.79
940.5
941.2
941.89
942.6
943.29
944
944.7
945.39
946.1
946.79
947.5
948.2
948.89
949.6
950.29
951
951.7
952.39
953.1
953.79
954.5
955.2
955.89
956.6
957.29
958
958.7
959.39
960.1
960.79
961.5
962.2
962.89
963.6
964.29
965
965.7
966.39
967.1
967.79
968.5
969.2
969.89
970.6
971.29
972
972.7
973.39
974.1
974.79
975.5
976.2
976.89
977.6
978.29
979
979.7
980.39
981.1
981.79
982.5
983.2
983.89
984.6
985.29
986
986.7
987.39
988.1
988.79
989.5
990.2
990.89
991.6
992.29
993
993.7
994.39
995.1
995.79
996.5
997.2
997.89
998.6
999.29
1000
1000.7
1001.4
1002.1
1002.8
1003.5
1004.2
1004.9
1005.6
1006.3
1007
1007.7
1008.4
1009.1
1009.8
1010.5
1011.2
1011.9
1012.6
1013.3
1014
1014.7
1015.4
1016.1
1016.8
1017.5
1018.2
1018.9
1019.6
1020.3
1021
1021.7
1022.4
1023.1
1023.8
1024.5
1025.2
1025.9
1026.6
1027.3
1028
1028.7
1029.4
1030.1
1030.8
1031.5
1032.2
1032.9
1033.6
1034.3
1035
1035.7
1036.4
1037.1
1037.8
1038.5
1039.2
1039.9
1040.6
1041.3
1042
1042.7
1043.4
1044.1
1044.8
1045.5
1046.2
1046.9
1047.6
1048.3
1049
1049.7
1050.4
1051.1
1051.8
1052.5
1053.2
1053.9
1054.6
1055.3
1056
1056.7
1057.4
1058.1
1058.8
1059.5
1060.2
1060.9
1061.6
1062.3
1063
1063.7
1064.4
1065.1
1065.8
1066.5
1067.2
1067.9
1068.6
1069.3
1070
1070.7
1071.4
1072.1
1072.8
1073.5
1074.2
1074.9
1075.6
1076.3
1077
1077.7
1078.4
1079.1
1079.8
1080.5
1081.2
1081.9
1082.6
1083.3
1084
1084.7
1085.4
1086.1
1086.8
1087.5
1088.2
1088.9
1089.6
1090.3
1091
1091.7
1092.4
1093.1
1093.8
1094.5
1095.2
1095.9
1096.6
1097.3
1098
1098.7
1099.4
1100.1
1100.8
1101.5
1102.2
1102.9
1103.6
1104.3
1105
1105.7
1106.4
1107.1
1107.8
1108.5
1109.2
1109.9
1110.6
1111.3
1112
1112.7
1113.4
1114.1
1114.8
1115.5
1116.2
1116.9
1117.6
1118.3
1119
1119.7
1120.4
1121.1
1121.8
1122.5
1123.2
1123.9
1124.6
1125.3
1126
1126.7
1127.4
1128.1
1128.8
1129.5
1130.2
1130.9
1131.6
1132.3
1133
1133.7
1134.4
1135.1
1135.8
1136.5
1137.2
1137.9
1138.6
1139.3
1140
1140.7
1141.4
1142.1
1142.8
1143.5
1144.2
1144.9
1145.6
1146.3
1147
1147.7
1148.4
1149.1
1149.8
1150.5
1151.2
1151.9
1152.6
1153.3
1154
1154.7
1155.4
1156.1
1156.8
1157.5
1158.2
1158.9
1159.6
1160.3
1161
1161.7
1162.4
1163.1
1163.8
1164.5
1165.2
1165.9
1166.6
1167.3
1168
1168.7
1169.4
1170.1
1170.8
1171.5
1172.2
1172.9
1173.6
1174.3
1175
1175.7
1176.4
1177.1
1177.8
1178.5
1179.2
1179.9
1180.6
1181.3
1182
1182.7
1183.4
1184.1
1184.8
1185.5
1186.2
1186.9
1187.6
1188.3
1189
1189.7
1190.4
1191.1
1191.8
1192.5
1193.2
1193.9
1194.6
1195.3
1196
1196.7
1197.4
1198.1
1198.8
1199.5
1200.2
1200.9
1201.6
1202.3
1203
1203.7
1204.4
1205.1
1205.8
1206.5
1207.2
1207.9
1208.6
1209.3
1210
1210.7
1211.4
1212.1
1212.8
1213.5
1214.2
1214.9
1215.6
1216.3
1217
1217.7
1218.4
1219.1
1219.8
1220.5
1221.2
1221.9
1222.6
1223.3
1224
1224.7
1225.4
1226.1
1226.8
1227.5
1228.2
1228.9
1229.6
1230.3
1231
1231.7
1232.4
1233.1
1233.8
1234.5
1235.2
1235.9
1236.6
1237.3
1238
1238.7
1239.4
1240.1
1240.8
1241.5
1242.2
1242.9
1243.6
1244.3
1245
1245.7
1246.4
1247.1
1247.8
1248.5
1249.2
1249.9
1250.6
1251.3
1252
1252.7
1253.4
1254.1
1254.8
1255.5
1256.2
1256.9
1257.6
1258.3
1259
1259.7
1260.4
1261.1
1261.8
1262.5
1263.2
1263.9
