8595.2
8595.9
8596.6
8597.3
8598
8598.7
8599.4
8600.1
8600.8
8601.5
8602.2
8602.9
8603.6
8604.3
8605
8605.7
8606.4
8607.1
8607.8
8608.5
8609.2
8609.9
8610.6
8611.3
8612
8612.7
8613.4
8614.1
8614.8
8615.5
8616.2
8616.9
8617.6
8618.3
8619
8619.7
8620.4
8621.1
8621.8
8622.5
8623.2
8623.9
8624.6
8625.3
8626
8626.7
8627.4
8628.1
8628.8
8629.5
8630.2
8630.9
8631.6
8632.3
8633
8633.7
8634.4
8635.1
8635.8
8636.5
8637.2
8637.9
8638.6
8639.3
8640
8640.7
8641.4
8642.1
8642.8
8643.5
8644.2
8644.9
8645.6
8646.3
8647
8647.7
8648.4
8649.1
8649.8
8650.5
8651.2
8651.9
8652.6
8653.3
8654
8654.7
8655.4
8656.1
8656.8
8657.5
8658.2
8658.9
8659.6
8660.3
8661
8661.7
8662.4
8663.1
8663.8
8664.5
8665.2
8665.9
8666.6
8667.3
8668
8668.7
8669.4
8670.1
8670.8
8671.5
8672.2
8672.9
8673.6
8674.3
8675
8675.7
8676.4
8677.1
8677.8
8678.5
8679.2
8679.9
8680.6
8681.3
8682
8682.7
8683.4
8684.1
8684.8
8685.5
8686.2
8686.9
8687.6
8688.3
8689
8689.7
8690.4
8691.1
8691.8
8692.5
8693.2
8693.9
8694.6
8695.3
8696
8696.7
8697.4
8698.1
8698.8
8699.5
8700.2
8700.9
8701.6
8702.3
8703
8703.7
8704.4
8705.1
8705.8
8706.5
8707.2
8707.9
8708.6
8709.3
8710
8710.7
8711.4
8712.1
8712.8
8713.5
8714.2
8714.9
8715.6
8716.3
8717
8717.7
8718.4
8719.1
8719.8
8720.5
8721.2
8721.9
8722.6
8723.3
8724
8724.7
8725.4
8726.1
8726.8
8727.5
8728.2
8728.9
8729.6
8730.3
8731
8731.7
8732.4
8733.1
8733.8
8734.5
8735.2
8735.9
8736.6
8737.3
8738
8738.7
8739.4
8740.1
8740.8
8741.5
8742.2
8742.9
8743.6
8744.3
8745
8745.7
8746.4
8747.1
8747.8
8748.5
8749.2
8749.9
8750.6
8751.3
8752
8752.7
8753.4
8754.1
8754.8
8755.5
8756.2
8756.9
8757.6
8758.3
8759
8759.7
8760.4
8761.1
8761.8
8762.5
8763.2
8763.9
8764.6
8765.3
8766
8766.7
8767.4
8768.1
8768.8
8769.5
8770.2
8770.9
8771.6
8772.3
8773
8773.7
8774.4
8775.1
8775.8
8776.5
8777.2
8777.9
8778.6
8779.3
8780
8780.7
8781.4
8782.1
8782.8
8783.5
8784.2
8784.9
8785.6
8786.3
8787
8787.7
8788.4
8789.1
8789.8
8790.5
8791.2
8791.9
8792.6
8793.3
8794
8794.7
8795.4
8796.1
8796.8
8797.5
8798.2
8798.9
8799.6
8800.3
8801
8801.7
8802.4
8803.1
8803.8
8804.5
8805.2
8805.9
8806.6
8807.3
8808
8808.7
8809.4
8810.1
8810.8
8811.5
8812.2
8812.9
8813.6
8814.3
8815
8815.7
8816.4
8817.1
8817.8
8818.5
8819.2
8819.9
8820.6
8821.3
8822
8822.7
8823.4
8824.1
8824.8
8825.5
8826.2
8826.9
8827.6
8828.3
8829
8829.7
8830.4
8831.1
8831.8
8832.5
8833.2
8833.9
8834.6
8835.3
8836
8836.7
8837.4
8838.1
8838.8
8839.5
8840.2
8840.9
8841.6
8842.3
8843
8843.7
8844.4
8845.1
8845.8
8846.5
8847.2
8847.9
8848.6
8849.3
8850
8850.7
8851.4
8852.1
8852.8
8853.5
8854.2
8854.9
8855.6
8856.3
8857
8857.7
8858.4
8859.1
8859.8
8860.5
8861.2
8861.9
8862.6
8863.3
8864
8864.7
8865.4
8866.1
8866.8
8867.5
8868.2
8868.9
8869.6
8870.3
8871
8871.7
8872.4
8873.1
8873.8
8874.5
8875.2
