643.07
643.77
644.47
645.17
645.87
646.57
647.27
647.97
648.67
649.37
650.07
650.77
651.47
652.17
652.87
653.57
654.27
654.97
655.67
656.37
657.07
657.77
658.47
659.17
659.87
660.57
661.27
661.97
662.67
663.37
664.07
664.77
665.47
666.17
666.87
667.57
668.27
668.97
669.67
670.37
671.07
671.77
672.47
673.17
673.87
674.57
675.27
675.97
676.67
677.37
678.07
678.77
679.47
680.17
680.87
681.57
682.27
682.97
683.67
684.37
685.07
685.77
686.47
687.17
687.87
688.57
689.27
689.97
690.67
691.37
692.07
692.77
693.47
694.17
694.87
695.57
696.27
696.97
697.67
698.37
699.07
699.77
700.47
701.17
701.87
702.57
703.27
703.97
704.67
705.37
706.07
706.77
707.47
708.17
708.87
709.57
710.27
710.97
711.67
712.37
713.07
713.77
714.47
715.17
715.87
716.57
717.27
717.97
718.67
719.37
720.07
720.77
721.47
722.17
722.87
723.57
724.27
724.97
725.67
726.37
727.07
727.77
728.47
729.17
729.87
730.57
731.27
731.97
732.67
733.37
734.07
734.77
735.47
736.17
736.87
737.57
738.27
738.97
739.67
740.37
741.07
741.77
742.47
743.17
743.87
744.57
745.27
745.97
746.67
747.37
748.07
748.77
749.47
750.17
750.87
751.57
752.27
752.97
753.67
754.37
755.07
755.77
756.47
757.17
757.87
758.57
759.27
759.97
760.67
761.37
762.07
762.77
763.47
764.17
764.87
765.57
766.27
766.97
767.67
768.37
769.07
769.77
770.47
771.17
771.87
772.57
773.27
773.97
774.67
775.37
776.07
776.77
777.47
778.17
778.87
779.57
