59871
59872
59872
59873
59874
59875
59875
59876
59877
59877
59878
59879
59879
59880
59881
59882
59882
59883
59884
59884
59885
59886
59886
59887
59888
59889
59889
59890
59891
59891
59892
59893
59893
59894
59895
59896
59896
59897
59898
59898
59899
59900
59900
59901
59902
59903
59903
59904
59905
59905
59906
59907
59907
59908
59909
59910
59910
59911
59912
59912
59913
59914
59914
59915
59916
59917
59917
59918
59919
59919
59920
59921
59921
59922
59923
59924
59924
59925
59926
59926
59927
59928
59928
59929
59930
59931
59931
59932
59933
59933
59934
59935
59935
59936
59937
59938
59938
59939
59940
59940
59941
59942
59942
59943
59944
59945
59945
59946
59947
59947
59948
59949
59949
59950
59951
59952
59952
59953
59954
59954
59955
59956
59956
59957
59958
59959
59959
59960
59961
59961
59962
59963
59963
59964
59965
59966
59966
59967
59968
59968
59969
59970
59970
59971
59972
59973
59973
59974
59975
59975
59976
59977
59977
59978
59979
59980
59980
59981
59982
59982
59983
59984
59984
59985
59986
59987
59987
59988
59989
59989
59990
59991
59991
59992
59993
59994
59994
59995
59996
59996
59997
59998
59998
59999
60000
60001
60001
60002
60003
60003
60004
60005
60005
60006
60007
60008
60008
60009
60010
60010
60011
60012
60012
60013
60014
60015
60015
60016
60017
60017
60018
60019
60019
60020
60021
60022
60022
