4108.4
4109.1
4109.8
4110.5
4111.2
4111.9
4112.6
4113.3
4114
4114.7
4115.4
4116.1
4116.8
4117.5
4118.2
4118.9
4119.6
4120.3
4121
4121.7
4122.4
4123.1
4123.8
4124.5
4125.2
4125.9
4126.6
4127.3
4128
4128.7
4129.4
4130.1
4130.8
4131.5
4132.2
4132.9
4133.6
4134.3
4135
4135.7
4136.4
4137.1
4137.8
4138.5
4139.2
4139.9
4140.6
4141.3
4142
4142.7
4143.4
4144.1
4144.8
4145.5
4146.2
4146.9
4147.6
4148.3
4149
4149.7
4150.4
4151.1
4151.8
4152.5
4153.2
4153.9
4154.6
4155.3
4156
4156.7
4157.4
4158.1
4158.8
4159.5
4160.2
4160.9
4161.6
4162.3
4163
4163.7
4164.4
4165.1
4165.8
4166.5
4167.2
4167.9
4168.6
4169.3
4170
4170.7
4171.4
4172.1
4172.8
4173.5
4174.2
4174.9
4175.6
4176.3
4177
4177.7
4178.4
4179.1
4179.8
4180.5
4181.2
4181.9
4182.6
4183.3
4184
4184.7
4185.4
4186.1
4186.8
4187.5
4188.2
4188.9
4189.6
4190.3
4191
4191.7
4192.4
4193.1
4193.8
4194.5
4195.2
4195.9
4196.6
4197.3
4198
4198.7
4199.4
4200.1
4200.8
4201.5
4202.2
4202.9
4203.6
4204.3
4205
4205.7
4206.4
4207.1
4207.8
4208.5
4209.2
4209.9
4210.6
4211.3
4212
4212.7
4213.4
4214.1
4214.8
4215.5
4216.2
4216.9
4217.6
4218.3
4219
4219.7
4220.4
4221.1
4221.8
4222.5
4223.2
4223.9
4224.6
4225.3
4226
4226.7
4227.4
4228.1
4228.8
4229.5
4230.2
4230.9
4231.6
4232.3
4233
4233.7
4234.4
4235.1
4235.8
4236.5
4237.2
4237.9
4238.6
4239.3
4240
4240.7
4241.4
4242.1
4242.8
4243.5
4244.2
4244.9
4245.6
4246.3
4247
4247.7
4248.4
4249.1
4249.8
4250.5
4251.2
4251.9
4252.6
4253.3
4254
4254.7
4255.4
4256.1
4256.8
4257.5
4258.2
4258.9
4259.6
4260.3
4261
4261.7
4262.4
4263.1
4263.8
4264.5
4265.2
4265.9
4266.6
4267.3
4268
4268.7
4269.4
4270.1
4270.8
4271.5
4272.2
4272.9
4273.6
4274.3
4275
4275.7
4276.4
4277.1
4277.8
4278.5
4279.2
4279.9
4280.6
4281.3
4282
4282.7
4283.4
4284.1
4284.8
4285.5
4286.2
4286.9
4287.6
4288.3
4289
4289.7
4290.4
4291.1
4291.8
4292.5
4293.2
4293.9
4294.6
4295.3
4296
4296.7
4297.4
4298.1
4298.8
4299.5
4300.2
4300.9
4301.6
4302.3
4303
4303.7
4304.4
4305.1
4305.8
4306.5
4307.2
4307.9
4308.6
4309.3
4310
4310.7
4311.4
4312.1
4312.8
4313.5
4314.2
4314.9
4315.6
4316.3
4317
4317.7
4318.4
4319.1
4319.8
4320.5
4321.2
4321.9
4322.6
4323.3
4324
4324.7
4325.4
4326.1
4326.8
4327.5
4328.2
4328.9
4329.6
4330.3
4331
4331.7
4332.4
4333.1
4333.8
4334.5
4335.2
4335.9
4336.6
4337.3
4338
4338.7
4339.4
4340.1
4340.8
4341.5
4342.2
4342.9
4343.6
4344.3
4345
4345.7
4346.4
4347.1
4347.8
4348.5
4349.2
4349.9
4350.6
4351.3
4352
4352.7
