67940
67940
67941
67942
67942
67943
67944
67945
67945
67946
67947
67947
67948
67949
67949
67950
67951
67952
67952
67953
67954
67954
67955
67956
67956
67957
67958
67959
67959
67960
67961
67961
67962
67963
67963
67964
67965
67966
67966
67967
67968
67968
67969
67970
67970
67971
67972
67973
67973
67974
67975
67975
67976
67977
67977
67978
67979
67980
67980
67981
67982
67982
67983
67984
67984
67985
67986
67987
67987
67988
67989
67989
67990
67991
67991
67992
67993
67994
67994
67995
67996
67996
67997
67998
67998
67999
68000
68001
68001
68002
68003
68003
68004
68005
68005
68006
68007
68008
68008
68009
68010
68010
68011
68012
68012
68013
68014
68015
68015
68016
68017
68017
68018
68019
68019
68020
68021
68022
68022
68023
68024
68024
68025
68026
68026
68027
68028
68029
68029
68030
68031
68031
68032
68033
68033
68034
68035
68036
68036
68037
68038
68038
68039
68040
68040
68041
68042
68043
68043
68044
68045
68045
68046
68047
68047
68048
68049
68050
68050
68051
68052
68052
68053
68054
68054
68055
68056
68057
68057
68058
68059
68059
68060
68061
68061
68062
68063
68064
68064
68065
68066
68066
68067
