58894
58895
58895
58896
58897
58897
58898
58899
58900
58900
58901
58902
58902
58903
58904
58904
58905
58906
58907
58907
58908
58909
58909
58910
58911
58911
58912
58913
58914
58914
58915
58916
58916
58917
58918
58918
58919
58920
58921
58921
58922
58923
58923
58924
58925
58925
58926
58927
58928
58928
58929
58930
58930
58931
58932
58932
58933
58934
58935
58935
58936
58937
58937
58938
58939
58939
58940
58941
58942
58942
58943
58944
58944
58945
58946
58946
58947
58948
58949
58949
58950
58951
58951
58952
58953
58953
58954
58955
58956
58956
58957
58958
58958
58959
58960
58960
58961
58962
58963
58963
58964
58965
58965
58966
58967
58967
58968
58969
58970
58970
58971
58972
58972
58973
58974
58974
58975
58976
58977
58977
58978
58979
58979
58980
58981
58981
58982
58983
58984
58984
58985
58986
58986
58987
58988
58988
58989
58990
58991
58991
58992
58993
58993
58994
58995
58995
58996
58997
58998
58998
58999
59000
59000
59001
59002
59002
59003
59004
59005
59005
59006
59007
59007
59008
59009
59009
59010
59011
59012
59012
59013
59014
59014
59015
59016
59016
59017
59018
59019
59019
59020
59021
59021
59022
59023
59023
59024
59025
59026
59026
59027
59028
59028
59029
59030
59030
59031
59032
59033
59033
59034
59035
59035
59036
59037
59037
59038
59039
59040
59040
59041
59042
59042
59043
59044
59044
59045
59046
59047
59047
59048
59049
59049
59050
59051
59051
59052
59053
59054
59054
59055
59056
59056
59057
59058
59058
59059
59060
59061
59061
59062
59063
59063
59064
59065
59065
59066
59067
59068
59068
59069
59070
59070
59071
59072
59072
59073
59074
59075
59075
59076
59077
59077
59078
59079
59079
59080
59081
59082
59082
59083
59084
59084
59085
59086
59086
59087
59088
59089
59089
59090
59091
59091
59092
59093
59093
59094
59095
59096
59096
59097
59098
59098
59099
59100
59100
59101
59102
59103
59103
59104
59105
59105
59106
59107
59107
59108
59109
59110
59110
59111
59112
59112
59113
