8.6862	8.3511	7.636	7.988	7.9899	8.693	8.6948	6.9184	9.0428	6.9061	8.6864	8.688	8.6904	8.3418	8.6786	7.3223	8.6989	8.6853	7.3125	7.3149	7.9733	8.3261	8.3719	8.0237	8.7267	7.6778	8.0303	8.3661	7.6674	7.3336	8.7239	9.7875	8.0412	8.0431	7.3298	8.7471	7.6762	8.0294	9.7764	8.0109	6.9519
8.0686	8.0937	7.745	9.1343	8.8098	9.1622	8.8139	7.7547	9.1445	8.443	8.4589	7.7462	8.4252	9.1617	8.467	9.5298	9.1822	8.834	9.5364	10.222	7.4358	9.1619	8.1167	9.1794	8.4711	8.1469	9.2101	9.2124	8.1535	8.85	7.4167	8.8544	9.2104	7.4505	8.1532	7.0995	8.8326	8.4882	9.2013	9.5364	9.1886
8.5187	8.8707	9.5727	8.8743	8.8761	8.9022	7.4928	9.2564	8.5342	9.2605	8.5454	9.5981	9.9604	8.2008	7.8666	8.2286	9.2821	9.2841	9.6364	9.6214	8.897	8.9255	9.2778	8.9032	8.9055	9.2578	9.26	9.2621	7.8534	8.8999	7.1539	8.9038	7.8582	8.907	8.9226	8.5742	9.2328	8.8878	9.2404	8.1745	8.5268
9.5462	9.5315	9.8836	7.7773	8.8267	8.4819	8.4843	9.8971	8.8386	9.1908	8.4756	10.239	7.7786	9.1819	9.184	9.8966	9.5485	8.8735	9.9025	10.289	9.9241	9.2154	9.184	8.8693	8.505	9.2078	8.159	9.2119	9.5747	7.8094	9.912	8.1524	8.8706	8.5059	9.2082	8.5034	8.8555	9.5641	8.8594	9.572	8.8471
9.8422	9.4772	9.8294	10.182	8.7663	10.186	8.7704	9.8393	9.1346	9.1366	9.8225	8.4138	8.7657	9.1278	9.8242	10.183	10.184	9.8364	9.8318	9.4837	9.4693	7.7096	9.8236	10.176	8.7671	9.4734	9.832	8.4171	9.1297	9.4816	9.8167	9.8183	9.4697	10.172	7.7118	8.4377	8.4399	8.7921	8.7941	9.5065	8.0809
9.9442	9.2194	10.282	9.5734	9.5753	10.288	9.9394	10.292	10.678	10.329	8.8702	8.5556	9.9686	10.321	8.9055	8.9073	9.976	10.322	9.2634	11.026	7.8433	10.313	7.4971	11.018	8.562	10.322	10.324	9.6193	9.6213	9.6226	9.6077	9.9693	9.9707	8.5555	9.6142	8.9156	9.5416	9.9099	8.8452	8.4804	8.8327
10.244	10.596	9.5472	9.8992	9.9013	10.253	11.316	10.607	9.1723	9.8848	10.247	9.8722	10.574	10.226	11.989	9.9032	9.5547	10.607	10.259	9.5606	9.5461	9.188	10.25	11.313	10.955	10.257	9.522	9.1639	10.576	10.561	9.5122	10.564	10.566	10.217	10.569	9.8702	9.8664	8.8078	9.1601	9.1451	10.208
10.736	10.027	9.6791	10.031	8.9962	8.2878	8.6399	8.6418	10.054	10.04	9.3416	9.3435	10.396	10.047	10.399	10.401	8.9857	9.6879	10.75	8.9748	11.088	11.09	9.6812	10.743	10.035	11.098	9.6929	9.3445	10.03	9.6809	10.033	10.384	8.9852	10.387	10.389	9.0037	9.7328	9.7381	9.0234	9.7256	9.7278
10.514	10.166	10.868	9.4594	10.172	9.1165	10.179	9.1202	10.166	9.8083	11.221	10.172	11.934	10.876	11.938	8.7515	9.8039	10.166	10.501	10.503	10.155	10.507	11.209	9.4508	9.8364	10.515	10.2	9.4751	11.237	9.8281	10.54	9.8312	10.193	11.245	10.896	9.1372	8.7827	9.1183	10.181	10.533	10.534
11.284	9.1657	10.578	11.29	11.292	9.1863	9.5323	10.944	10.586	10.588	10.59	10.952	9.8933	9.8949	10.597	8.8512	9.1867	9.8987	10.601	10.963	9.9044	11.317	11.669	9.91	9.1851	9.5471	8.1216	10.584	9.5353	10.947	10.238	11.3	10.241	9.8926	9.5271	9.1687	9.8847	9.8864	10.239	10.951	10.242
10.474	10.116	9.0672	7.6614	8.6975	9.4095	10.472	10.824	9.7653	10.477	9.7691	9.7707	10.122	8.3664	8.7183	10.474	9.7656	10.118	10.479	10.121	10.833	9.4246	10.487	10.122	9.4069	10.109	10.821	10.112	11.524	10.825	9.0662	9.7677	9.422	9.7734	9.4083	10.47	10.482	11.184	10.126	10.488	9.7796
9.6295	8.2337	10.34	10.342	9.6335	10.345	9.9973	10.349	9.641	8.9426	9.6445	8.9486	8.9339	9.9958	9.9975	10.349	10.701	10.703	11.405	10.706	9.2906	8.2319	9.2779	10.34	9.9916	11.393	11.045	10.697	9.998	9.6393	8.2133	9.9687	9.97	10.321	10.323	11.024	10.986	9.9377	9.9396	8.5311	9.2459
9.8497	9.8514	9.4931	9.4948	8.8092	9.145	9.8571	10.909	10.561	10.213	10.564	10.566	9.1571	7.7308	9.493	9.4786	9.8403	11.602	10.544	11.606	9.8475	10.549	11.251	8.4445	8.7802	9.4819	11.244	11.246	11.247	9.1383	8.7895	9.8512	9.4925	7.3858	9.8415	10.893	11.235	10.186	10.188	10.54	9.8415
9.9523	9.2438	9.2322	9.5842	10.996	10.298	11.71	10.302	10.304	9.245	9.5966	9.2408	9.9363	9.5779	10.29	10.641	9.9429	9.5847	9.5863	9.2381	8.1795	9.2544	9.9498	9.5912	10.653	9.5943	10.306	10.308	10.659	9.9607	8.9019	9.2661	9.9615	10.313	9.6039	9.6052	8.8768	9.9386	8.8797	8.1712	8.8759
10.952	9.8939	9.8958	9.5474	8.4888	10.278	9.9198	9.9219	9.9235	9.9251	10.637	9.578	9.2295	9.9313	8.1652	9.9114	9.9131	9.9149	9.9165	8.1577	9.92	8.8715	9.5731	9.5746	9.2126	10.275	10.976	9.9174	10.279	10.631	10.982	9.9235	9.9248	9.589	9.2239	9.2253	10.298	10.299	10.3	10.652	10.303
10.215	10.217	9.5185	9.8705	9.8722	9.5241	9.5258	8.4846	9.8965	10.248	10.25	10.961	10.253	9.1941	9.1957	9.9076	8.8221	9.1579	9.8698	9.8716	9.8733	10.225	10.226	10.228	10.579	10.231	8.4556	9.8906	10.242	9.8938	11.656	10.597	10.248	10.249	9.9007	9.902	9.5309	9.8824	9.5336	9.8852	10.587
9.1264	10.539	9.1303	9.132	10.194	10.896	9.1374	8.7892	9.4782	9.48	10.192	9.1328	8.7842	9.4861	9.4876	9.4893	9.1409	8.8259	9.1282	10.224	9.8653	9.8671	10.929	9.5197	9.5212	10.233	9.5241	9.8756	9.1639	10.926	10.227	10.579	9.5199	9.1711	10.583	9.5238	9.8591	8.7942	8.432	10.558	9.8486
8.6832	9.0454	9.3971	9.0489	9.0505	9.0526	9.4042	9.406	9.758	8.6866	8.3378	9.0497	9.7516	9.7531	8.3439	9.4061	9.7579	10.11	10.112	9.747	9.7321	9.7338	9.3851	7.2821	10.438	9.7396	9.0408	9.7426	8.3669	9.4128	9.0302	9.0652	9.4168	8.7078	9.7695	8.3602	9.0624	9.4376	9.0728	9.4242	8.7154
9.6328	9.9328	9.224	9.586	8.8775	8.529	9.9414	8.5326	9.9448	9.9466	9.582	8.5229	8.5579	8.9097	8.5611	8.9129	9.2647	9.2665	9.9788	8.2193	9.6158	9.2573	8.8922	9.954	8.8948	9.2466	7.8372	8.5493	9.251	8.9023	8.5372	8.1881	9.6039	9.6053	9.9566	9.6078	9.2394	8.5407	8.5419	9.5879	8.8789
9.7942	9.0798	8.3708	9.7837	8.3582	10.131	9.0721	8.0133	9.7759	9.0773	9.0788	8.3539	8.3792	9.4412	9.0926	9.7947	9.7965	8.3871	9.4495	10.161	8.7523	8.0414	8.0291	8.0442	9.4564	9.4581	8.7588	8.7603	8.7619	9.1134	7.6878	9.0938	8.3905	9.4465	8.7473	6.6335	9.1001	9.4519	10.164	8.7541	9.0835
9.3418	9.3436	8.6191	9.0347	8.6222	8.6781	8.6798	7.9811	7.9827	8.685	9.0467	8.3219	8.3234	9.029	7.6258	9.3826	9.034	9.0356	8.6769	8.6785	9.3743	8.666	9.0275	9.0129	9.7146	9.0156	8.3066	7.9578	9.0199	8.3351	7.9855	7.971	8.6724	7.2726	7.6242	9.737	8.6877	8.6889	9.7509	8.6918	7.9925
6.6211	8.7056	8.3706	8.0081	6.5985	7.6753	8.0276	8.3801	9.0822	7.3083	8.0341	8.7201	9.0723	7.3125	8.3784	7.6758	10.143	9.7943	8.3848	8.7369	9.0885	8.3741	7.6888	8.3771	8.0418	8.3937	8.395	8.7468	9.0988	8.049	8.7487	8.3998	8.037	8.7387	8.053	7.7036	8.3753	8.0265	7.6777	5.9168	7.3279
7.7762	8.4965	8.4983	7.4151	7.0668	8.854	8.1551	7.0891	7.0915	7.0756	6.744	7.0802	7.7823	7.7843	7.7859	7.7871	8.149	8.1508	7.7922	7.7934	7.7833	8.1449	7.0857	7.7845	7.4354	7.4363	8.1768	7.0893	8.1555	8.5309	8.5166	7.8073	7.107	6.7343	7.8103	8.5224	7.4257	7.7934	7.0775	8.1568	7.0649
7.9693	8.3058	6.9054	6.9079	8.3109	7.9626	6.9127	6.9314	7.6167	7.9534	7.2546	7.9566	8.3086	7.9598	7.9451	6.8995	7.2475	6.554	7.9514	6.2069	7.242	7.9447	7.9458	7.9478	8.2994	7.2497	6.8972	6.9018	8.6656	7.2554	8.666	7.5926	6.8932	6.1829	6.534	7.6109	7.9616	8.3271	8.6751	6.9141	6.9137
7.3492	6.9901	6.3083	7.7047	6.6444	6.991	7.7037	7.0182	6.6454	6.9824	6.6569	6.6591	7.3718	7.7238	7.0144	7.0155	6.6427	6.6622	7.0144	7.0001	6.3065	8.0648	7.011	8.7685	6.661	6.6587	6.316	6.6678	6.3128	7.7106	7.0043	6.6512	6.656	7.3687	5.9577	7.3673	7.3811	7.7332	7.0235	7.0087	6.3092
