72294
72295
72296
72296
72297
72298
72298
72299
72300
72300
72301
72302
72303
72303
72304
72305
72305
72306
72307
72307
72308
72309
72310
72310
72311
72312
72312
72313
72314
72314
72315
72316
72317
72317
72318
72319
72319
72320
72321
72321
72322
72323
72324
72324
72325
72326
72326
72327
72328
72328
72329
72330
72331
72331
72332
72333
72333
72334
72335
72335
72336
72337
72338
72338
72339
72340
72340
72341
72342
72342
72343
72344
72345
72345
72346
72347
72347
72348
72349
72349
72350
72351
72352
72352
72353
72354
72354
72355
72356
72356
72357
72358
72359
72359
72360
72361
72361
72362
72363
72363
72364
72365
72366
72366
72367
72368
72368
72369
72370
72370
72371
72372
72373
72373
72374
72375
72375
72376
72377
72377
72378
72379
72380
72380
72381
72382
72382
72383
72384
72384
72385
72386
72387
72387
72388
72389
72389
72390
72391
72391
72392
72393
72394
