8.6859	8.6859	8.6859	8.6857	8.6858	8.6857	8.6855	8.6858	8.6856	8.6855	8.6858	8.6856	8.6855	8.6857	8.6854	8.6856	8.6856	8.6853	8.6858	8.6856	8.6855	8.6857	8.6854	8.6855	8.6856	8.6853	8.6854	8.6854	8.6852	8.6853	8.6852	8.6854	8.6854	8.6852	8.6854	8.6852	8.6852	8.6852	8.6851	8.6852	8.6853	8.685	8.6852	8.685	8.685	8.6852	8.6848	8.685	8.685	8.6847	8.6849	8.6849	8.6849	8.685	8.6848	8.6849	8.685	8.6848	8.6849	8.685	8.6849	8.6849	8.6847	8.6848	8.6848	8.6847	8.6849	8.6847	8.6847	8.6849	8.6845	8.6847	8.6848	8.6845	8.6848	8.6847	8.6845	8.685	8.6846	8.6847	8.6849
7.9306	7.9306	7.9306	7.9304	7.9305	7.9304	7.9302	7.9305	7.9303	7.9302	7.9305	7.9303	7.9302	7.9304	7.9301	7.9303	7.9303	7.93	7.9305	7.9303	7.9302	7.9304	7.9301	7.9302	7.9303	7.93	7.9301	7.9301	7.9299	7.93	7.9299	7.9301	7.9302	7.9299	7.9301	7.9299	7.9299	7.9299	7.9298	7.93	7.93	7.9297	7.9299	7.9297	7.9297	7.9299	7.9295	7.9297	7.9298	7.9295	7.9296	7.9296	7.9296	7.9298	7.9296	7.9297	7.9297	7.9296	7.9297	7.9297	7.9296	7.9296	7.9295	7.9296	7.9296	7.9294	7.9297	7.9294	7.9295	7.9297	7.9292	7.9294	7.9296	7.9293	7.9296	7.9295	7.9293	7.9298	7.9294	7.9294	7.9297
7.1783	7.1783	7.1784	7.1781	7.1783	7.1782	7.1779	7.1783	7.178	7.1779	7.1783	7.1781	7.178	7.1782	7.1779	7.1781	7.1781	7.1778	7.1783	7.1781	7.178	7.1782	7.1779	7.178	7.1781	7.1778	7.1779	7.1779	7.1777	7.1778	7.1777	7.1779	7.178	7.1777	7.1779	7.1777	7.1777	7.1777	7.1776	7.1778	7.1778	7.1775	7.1777	7.1775	7.1775	7.1777	7.1773	7.1775	7.1776	7.1773	7.1774	7.1774	7.1774	7.1776	7.1774	7.1775	7.1776	7.1774	7.1775	7.1775	7.1775	7.1775	7.1773	7.1774	7.1774	7.1773	7.1775	7.1773	7.1773	7.1775	7.1771	7.1773	7.1774	7.1771	7.1774	7.1773	7.1771	7.1776	7.1772	7.1773	7.1775
6.4179	6.418	6.418	6.4178	6.4179	6.4178	6.4176	6.418	6.4177	6.4176	6.4179	6.4177	6.4177	6.4178	6.4176	6.4177	6.4178	6.4175	6.4179	6.4178	6.4176	6.4178	6.4175	6.4177	6.4178	6.4175	6.4176	6.4176	6.4174	6.4175	6.4173	6.4175	6.4176	6.4174	6.4176	6.4173	6.4174	6.4174	6.4173	6.4175	6.4174	6.4172	6.4174	6.4172	6.4172	6.4174	6.417	6.4172	6.4173	6.417	6.4171	6.4171	6.4171	6.4173	6.4171	6.4172	6.4172	6.4171	6.4172	6.4172	6.4171	6.4172	6.417	6.4171	6.4171	6.4169	6.4172	6.417	6.417	6.4173	6.4168	6.417	6.4171	6.4168	6.4171	6.4171	6.4168	6.4173	6.4169	6.417	6.4173
5.6696	5.6697	5.6697	5.6694	5.6696	5.6695	5.6692	5.6696	5.6693	5.6692	5.6696	5.6694	5.6694	5.6695	5.6693	5.6694	5.6695	5.6691	5.6696	5.6695	5.6693	5.6695	5.6692	5.6693	5.6695	5.6692	5.6693	5.6693	5.6691	5.6691	5.669	5.6692	5.6693	5.6691	5.6693	5.669	5.6691	5.6691	5.669	5.6692	5.6691	5.6689	5.6691	5.6689	5.6689	5.6691	5.6687	5.6689	5.669	5.6687	5.6688	5.6688	5.6688	5.669	5.6688	5.6689	5.669	5.6688	5.6689	5.6689	5.6689	5.6689	5.6687	5.6689	5.6688	5.6687	5.669	5.6687	5.6687	5.669	5.6685	5.6687	5.6689	5.6685	5.6689	5.6688	5.6686	5.6691	5.6687	5.6687	5.669
4.9135	4.9136	4.9136	4.9133	4.9135	4.9134	4.9131	4.9136	4.9132	4.9131	4.9135	4.9133	4.9133	4.9134	4.9132	4.9133	4.9134	4.9131	4.9135	4.9134	4.9133	4.9134	4.9131	4.9133	4.9134	4.9131	4.9132	4.9132	4.9131	4.9131	4.9129	4.9132	4.9132	4.913	4.9132	4.913	4.9131	4.9131	4.9129	4.9131	4.9131	4.9128	4.9131	4.9129	4.9129	4.9131	4.9127	4.9129	4.913	4.9127	4.9128	4.9127	4.9128	4.913	4.9127	4.9129	4.9129	4.9128	4.9129	4.9129	4.9129	4.9129	4.9127	4.9129	4.9128	4.9126	4.913	4.9127	4.9127	4.913	4.9125	4.9127	4.9128	4.9125	4.9129	4.9128	4.9126	4.9131	4.9127	4.9127	4.913
4.1571	4.1572	4.1573	4.157	4.1572	4.1571	4.1568	4.1572	4.1569	4.1568	4.1572	4.157	4.157	4.1571	4.1569	4.157	4.157	4.1568	4.1572	4.157	4.157	4.1571	4.1568	4.1569	4.1571	4.1568	4.1569	4.1569	4.1568	4.1568	4.1566	4.1569	4.1569	4.1567	4.1569	4.1567	4.1568	4.1568	4.1566	4.1568	4.1568	4.1565	4.1568	4.1566	4.1565	4.1567	4.1564	4.1566	4.1566	4.1564	4.1565	4.1564	4.1565	4.1567	4.1564	4.1566	4.1566	4.1565	4.1566	4.1566	4.1566	4.1566	4.1564	4.1566	4.1565	4.1563	4.1567	4.1564	4.1564	4.1567	4.1563	4.1564	4.1566	4.1563	4.1566	4.1565	4.1563	4.1568	4.1565	4.1565	4.1567
3.401	3.401	3.4011	3.4008	3.401	3.4009	3.4006	3.4011	3.4008	3.4006	3.401	3.4008	3.4008	3.4009	3.4007	3.4008	3.4009	3.4006	3.401	3.4009	3.4008	3.4009	3.4007	3.4008	3.4009	3.4007	3.4008	3.4007	3.4007	3.4007	3.4005	3.4007	3.4008	3.4006	3.4008	3.4006	3.4006	3.4007	3.4005	3.4007	3.4006	3.4004	3.4007	3.4004	3.4004	3.4006	3.4003	3.4005	3.4005	3.4003	3.4004	3.4003	3.4004	3.4005	3.4003	3.4005	3.4005	3.4004	3.4005	3.4005	3.4005	3.4005	3.4003	3.4005	3.4004	3.4002	3.4006	3.4003	3.4004	3.4006	3.4002	3.4003	3.4005	3.4002	3.4005	3.4004	3.4002	3.4007	3.4004	3.4004	3.4006
2.6491	2.6492	2.6493	2.649	2.6492	2.6491	2.6488	2.6492	2.6489	2.6488	2.6492	2.649	2.649	2.6491	2.6489	2.649	2.6491	2.6488	2.6492	2.6491	2.649	2.6491	2.6489	2.649	2.6491	2.6489	2.6489	2.6489	2.6489	2.6488	2.6486	2.6489	2.6489	2.6488	2.649	2.6487	2.6488	2.6489	2.6487	2.6489	2.6488	2.6486	2.6488	2.6486	2.6486	2.6488	2.6485	2.6487	2.6487	2.6485	2.6486	2.6485	2.6486	2.6488	2.6485	2.6487	2.6487	2.6487	2.6488	2.6487	2.6487	2.6487	2.6485	2.6487	2.6486	2.6485	2.6488	2.6485	2.6486	2.6489	2.6484	2.6485	2.6487	2.6484	2.6487	2.6486	2.6485	2.6489	2.6486	2.6486	2.6489
1.8947	1.8948	1.8949	1.8946	1.8948	1.8947	1.8944	1.8949	1.8945	1.8944	1.8948	1.8946	1.8947	1.8947	1.8945	1.8946	1.8947	1.8944	1.8948	1.8947	1.8947	1.8947	1.8945	1.8946	1.8947	1.8945	1.8946	1.8945	1.8945	1.8945	1.8943	1.8945	1.8946	1.8944	1.8946	1.8944	1.8945	1.8945	1.8943	1.8946	1.8945	1.8943	1.8945	1.8943	1.8943	1.8945	1.8941	1.8943	1.8944	1.8942	1.8943	1.8941	1.8943	1.8944	1.8942	1.8944	1.8944	1.8943	1.8944	1.8943	1.8944	1.8944	1.8941	1.8944	1.8943	1.8941	1.8945	1.8942	1.8943	1.8945	1.8941	1.8942	1.8944	1.8941	1.8944	1.8943	1.8941	1.8946	1.8943	1.8943	1.8946
1.143	1.1431	1.1433	1.1429	1.1432	1.1431	1.1428	1.1432	1.1429	1.1428	1.1431	1.143	1.143	1.1431	1.1429	1.143	1.1431	1.1428	1.1432	1.1431	1.143	1.1431	1.1429	1.143	1.1431	1.1429	1.1429	1.1429	1.1429	1.1429	1.1427	1.1429	1.1429	1.1428	1.143	1.1428	1.1429	1.1429	1.1427	1.143	1.1429	1.1427	1.1429	1.1427	1.1427	1.1429	1.1425	1.1427	1.1428	1.1426	1.1427	1.1425	1.1427	1.1428	1.1426	1.1428	1.1428	1.1427	1.1429	1.1427	1.1428	1.1428	1.1425	1.1428	1.1427	1.1425	1.143	1.1426	1.1427	1.143	1.1426	1.1426	1.1428	1.1425	1.1429	1.1428	1.1426	1.143	1.1428	1.1427	1.143
0.38499	0.38507	0.38523	0.38487	0.38519	0.38506	0.38476	0.38518	0.38488	0.38471	0.38507	0.38493	0.38502	0.38505	0.38489	0.38496	0.38504	0.38478	0.38513	0.38504	0.38502	0.38503	0.38485	0.38497	0.38502	0.38489	0.38493	0.38489	0.38492	0.38487	0.38463	0.38492	0.3849	0.38484	0.385	0.38478	0.38488	0.38493	0.38469	0.38498	0.38485	0.38466	0.38489	0.38468	0.3847	0.38487	0.38453	0.38474	0.38477	0.38466	0.3847	0.38454	0.38469	0.38483	0.38459	0.38479	0.3848	0.38477	0.38491	0.38472	0.38483	0.38486	0.38456	0.38481	0.38475	0.38455	0.385	0.38459	0.3847	0.385	0.38459	0.38467	0.38487	0.38454	0.38489	0.38478	0.38462	0.38504	0.38483	0.38477	0.38501
0.36844	0.36836	0.36819	0.36856	0.36822	0.36836	0.36866	0.36824	0.36853	0.36871	0.36836	0.36849	0.36838	0.36837	0.36852	0.36844	0.36838	0.36861	0.36829	0.36838	0.36837	0.36839	0.36855	0.36843	0.3684	0.3685	0.36847	0.36852	0.36846	0.36852	0.36877	0.36847	0.36852	0.36855	0.3684	0.36862	0.36851	0.36845	0.3687	0.3684	0.36855	0.36872	0.3685	0.36871	0.36868	0.36852	0.36885	0.36863	0.36862	0.36871	0.36867	0.36885	0.36868	0.36854	0.36879	0.36857	0.36858	0.3686	0.36844	0.36866	0.36852	0.3685	0.36881	0.36854	0.36861	0.36882	0.36835	0.36877	0.36866	0.36836	0.36875	0.36868	0.36848	0.36881	0.36845	0.36857	0.36872	0.36831	0.3685	0.36857	0.36834
1.1231	1.123	1.1228	1.1232	1.1229	1.123	1.1233	1.1229	1.1232	1.1233	1.123	1.1231	1.123	1.123	1.1231	1.1231	1.123	1.1232	1.1229	1.123	1.123	1.123	1.1232	1.123	1.123	1.1231	1.1231	1.1232	1.1231	1.1231	1.1234	1.1231	1.1231	1.1232	1.123	1.1232	1.1231	1.1231	1.1233	1.123	1.1232	1.1233	1.1231	1.1233	1.1233	1.1231	1.1234	1.1232	1.1232	1.1233	1.1233	1.1234	1.1233	1.1231	1.1234	1.1232	1.1232	1.1232	1.123	1.1233	1.1231	1.1231	1.1234	1.1231	1.1232	1.1234	1.1229	1.1234	1.1232	1.1229	1.1233	1.1232	1.1231	1.1234	1.123	1.1231	1.1233	1.1229	1.1231	1.1231	1.1229
1.8769	1.8768	1.8767	1.877	1.8767	1.8768	1.8771	1.8767	1.877	1.8771	1.8768	1.877	1.8768	1.8768	1.8769	1.8769	1.8768	1.877	1.8767	1.8768	1.8768	1.8768	1.877	1.8768	1.8768	1.8769	1.8769	1.877	1.8769	1.8769	1.8772	1.8769	1.8769	1.8769	1.8768	1.877	1.8769	1.8768	1.8771	1.8768	1.8769	1.8771	1.8769	1.8771	1.877	1.8769	1.8772	1.877	1.877	1.8771	1.877	1.8772	1.877	1.8769	1.8771	1.8769	1.8769	1.8769	1.8768	1.877	1.8769	1.8768	1.8771	1.8769	1.8769	1.8772	1.8767	1.8771	1.877	1.8767	1.877	1.877	1.8768	1.8771	1.8768	1.8769	1.877	1.8766	1.8768	1.8769	1.8767
2.6285	2.6284	2.6282	2.6286	2.6283	2.6284	2.6287	2.6283	2.6285	2.6287	2.6284	2.6285	2.6284	2.6284	2.6285	2.6284	2.6284	2.6286	2.6283	2.6284	2.6283	2.6284	2.6285	2.6284	2.6284	2.6284	2.6284	2.6285	2.6284	2.6285	2.6287	2.6284	2.6285	2.6285	2.6283	2.6286	2.6284	2.6284	2.6286	2.6283	2.6285	2.6286	2.6284	2.6286	2.6286	2.6284	2.6287	2.6285	2.6285	2.6286	2.6285	2.6287	2.6285	2.6284	2.6287	2.6284	2.6285	2.6285	2.6283	2.6286	2.6284	2.6283	2.6286	2.6284	2.6285	2.6287	2.6282	2.6286	2.6285	2.6282	2.6285	2.6285	2.6283	2.6286	2.6283	2.6284	2.6285	2.6281	2.6283	2.6283	2.6282
3.386	3.386	3.3857	3.3861	3.3858	3.3859	3.3862	3.3858	3.386	3.3862	3.3859	3.386	3.3859	3.3859	3.386	3.3859	3.3859	3.386	3.3858	3.3859	3.3858	3.3859	3.386	3.3859	3.3859	3.3859	3.3859	3.386	3.3859	3.3859	3.3862	3.3859	3.386	3.386	3.3858	3.3861	3.3859	3.3858	3.3861	3.3858	3.386	3.3861	3.3859	3.3861	3.386	3.3859	3.3862	3.386	3.386	3.386	3.386	3.3862	3.386	3.3859	3.3861	3.3859	3.3859	3.3859	3.3857	3.386	3.3858	3.3858	3.3861	3.3858	3.3859	3.3861	3.3856	3.3861	3.386	3.3857	3.386	3.3859	3.3858	3.386	3.3857	3.3858	3.3859	3.3856	3.3857	3.3858	3.3856
4.1422	4.1422	4.142	4.1424	4.142	4.1421	4.1424	4.142	4.1422	4.1424	4.1422	4.1423	4.1421	4.1421	4.1422	4.1421	4.1421	4.1422	4.142	4.1421	4.142	4.1421	4.1422	4.1421	4.1421	4.1421	4.1421	4.1422	4.142	4.1421	4.1424	4.1421	4.1422	4.1421	4.142	4.1422	4.1421	4.142	4.1423	4.1419	4.1421	4.1423	4.1421	4.1423	4.1422	4.1421	4.1423	4.1422	4.1422	4.1422	4.1421	4.1424	4.1422	4.1421	4.1423	4.142	4.1421	4.1421	4.1418	4.1422	4.1419	4.1419	4.1422	4.142	4.1421	4.1423	4.1418	4.1422	4.1421	4.1418	4.1421	4.142	4.1419	4.1422	4.1419	4.1419	4.1421	4.1417	4.1418	4.1419	4.1418
4.8944	4.8944	4.8942	4.8946	4.8942	4.8943	4.8946	4.8942	4.8944	4.8946	4.8944	4.8945	4.8943	4.8943	4.8944	4.8943	4.8943	4.8944	4.8942	4.8943	4.8942	4.8943	4.8944	4.8943	4.8943	4.8943	4.8943	4.8944	4.8942	4.8943	4.8946	4.8943	4.8944	4.8943	4.8942	4.8944	4.8942	4.8941	4.8944	4.8941	4.8943	4.8944	4.8942	4.8944	4.8944	4.8943	4.8945	4.8943	4.8943	4.8943	4.8943	4.8946	4.8943	4.8942	4.8944	4.8942	4.8943	4.8942	4.894	4.8943	4.8941	4.8941	4.8944	4.8941	4.8942	4.8944	4.8939	4.8943	4.8942	4.8939	4.8942	4.8942	4.894	4.8943	4.894	4.8941	4.8942	4.8939	4.8939	4.894	4.8939
5.6465	5.6465	5.6463	5.6467	5.6463	5.6464	5.6467	5.6463	5.6465	5.6466	5.6465	5.6466	5.6464	5.6464	5.6465	5.6464	5.6464	5.6465	5.6463	5.6464	5.6463	5.6464	5.6465	5.6463	5.6464	5.6463	5.6464	5.6465	5.6463	5.6463	5.6466	5.6463	5.6465	5.6464	5.6462	5.6465	5.6463	5.6462	5.6465	5.6461	5.6464	5.6465	5.6463	5.6465	5.6464	5.6463	5.6465	5.6464	5.6464	5.6464	5.6463	5.6466	5.6463	5.6462	5.6465	5.6462	5.6463	5.6463	5.646	5.6464	5.6461	5.6461	5.6464	5.6461	5.6462	5.6465	5.6459	5.6464	5.6463	5.646	5.6462	5.6462	5.646	5.6463	5.646	5.6461	5.6462	5.6459	5.6459	5.646	5.6459
6.4045	6.4045	6.4043	6.4047	6.4043	6.4044	6.4047	6.4043	6.4045	6.4046	6.4045	6.4045	6.4044	6.4044	6.4045	6.4044	6.4044	6.4044	6.4043	6.4043	6.4042	6.4044	6.4044	6.4043	6.4044	6.4043	6.4043	6.4045	6.4042	6.4043	6.4046	6.4043	6.4044	6.4043	6.4042	6.4045	6.4042	6.4042	6.4044	6.4041	6.4043	6.4044	6.4042	6.4044	6.4044	6.4043	6.4045	6.4043	6.4043	6.4043	6.4042	6.4045	6.4043	6.4042	6.4044	6.4041	6.4042	6.4042	6.4039	6.4043	6.404	6.404	6.4043	6.4041	6.4042	6.4044	6.4039	6.4043	6.4042	6.4039	6.4041	6.4041	6.404	6.4042	6.4039	6.404	6.4041	6.4038	6.4039	6.4039	6.4039
7.1605	7.1605	7.1603	7.1607	7.1603	7.1604	7.1607	7.1603	7.1605	7.1606	7.1605	7.1605	7.1604	7.1604	7.1605	7.1603	7.1604	7.1604	7.1603	7.1603	7.1602	7.1603	7.1604	7.1603	7.1604	7.1603	7.1603	7.1605	7.1602	7.1603	7.1605	7.1603	7.1604	7.1603	7.1602	7.1604	7.1602	7.1601	7.1604	7.1601	7.1603	7.1604	7.1602	7.1604	7.1603	7.1603	7.1604	7.1603	7.1603	7.1603	7.1602	7.1605	7.1602	7.1601	7.1604	7.1601	7.1602	7.1601	7.1599	7.1603	7.16	7.16	7.1602	7.16	7.1601	7.1603	7.1598	7.1602	7.1601	7.1598	7.16	7.16	7.1599	7.1601	7.1599	7.1599	7.16	7.1597	7.1598	7.1598	7.1598
7.913	7.913	7.9127	7.9131	7.9128	7.9128	7.9131	7.9128	7.913	7.9131	7.913	7.913	7.9128	7.9128	7.9129	7.9128	7.9129	7.9128	7.9128	7.9128	7.9127	7.9128	7.9129	7.9127	7.9129	7.9127	7.9128	7.9129	7.9126	7.9127	7.913	7.9127	7.9129	7.9128	7.9126	7.9129	7.9127	7.9126	7.9128	7.9125	7.9127	7.9128	7.9126	7.9129	7.9127	7.9127	7.9128	7.9127	7.9128	7.9127	7.9126	7.9129	7.9127	7.9126	7.9128	7.9125	7.9126	7.9126	7.9123	7.9127	7.9124	7.9124	7.9127	7.9124	7.9125	7.9127	7.9123	7.9126	7.9126	7.9123	7.9124	7.9124	7.9123	7.9125	7.9123	7.9123	7.9124	7.9121	7.9122	7.9122	7.9122
8.6694	8.6694	8.6692	8.6696	8.6692	8.6693	8.6696	8.6692	8.6694	8.6694	8.6694	8.6694	8.6693	8.6693	8.6693	8.6692	8.6693	8.6692	8.6692	8.6692	8.6691	8.6692	8.6693	8.6691	8.6693	8.6691	8.6691	8.6693	8.669	8.6691	8.6694	8.6691	8.6693	8.6691	8.669	8.6693	8.669	8.669	8.6692	8.6689	8.6691	8.6692	8.669	8.6692	8.6691	8.6691	8.6692	8.6691	8.6691	8.6691	8.6689	8.6693	8.669	8.6689	8.6692	8.6689	8.669	8.6689	8.6686	8.6691	8.6688	8.6687	8.669	8.6687	8.6688	8.6691	8.6686	8.669	8.6689	8.6686	8.6688	8.6687	8.6687	8.6688	8.6686	8.6687	8.6687	8.6685	8.6685	8.6685	8.6686
