8047.1
8047.8
8048.5
8049.2
8049.9
8050.6
8051.3
8052
8052.7
8053.4
8054.1
8054.8
8055.5
8056.2
8056.9
8057.6
8058.3
8059
8059.7
8060.4
8061.1
8061.8
8062.5
8063.2
8063.9
8064.6
8065.3
8066
8066.7
8067.4
8068.1
8068.8
8069.5
8070.2
8070.9
8071.6
8072.3
8073
8073.7
8074.4
8075.1
8075.8
8076.5
8077.2
8077.9
8078.6
8079.3
8080
8080.7
8081.4
8082.1
8082.8
8083.5
8084.2
8084.9
8085.6
8086.3
8087
8087.7
8088.4
8089.1
8089.8
8090.5
8091.2
8091.9
8092.6
8093.3
8094
8094.7
8095.4
8096.1
8096.8
8097.5
8098.2
8098.9
8099.6
8100.3
8101
8101.7
8102.4
8103.1
8103.8
8104.5
8105.2
8105.9
8106.6
8107.3
8108
8108.7
8109.4
8110.1
8110.8
8111.5
8112.2
8112.9
8113.6
8114.3
8115
8115.7
8116.4
8117.1
8117.8
8118.5
8119.2
8119.9
8120.6
8121.3
8122
8122.7
8123.4
8124.1
8124.8
8125.5
8126.2
8126.9
8127.6
8128.3
8129
8129.7
8130.4
8131.1
8131.8
8132.5
8133.2
8133.9
8134.6
8135.3
8136
8136.7
8137.4
8138.1
8138.8
8139.5
8140.2
8140.9
8141.6
8142.3
8143
8143.7
8144.4
8145.1
8145.8
8146.5
8147.2
8147.9
8148.6
8149.3
8150
8150.7
8151.4
8152.1
8152.8
8153.5
8154.2
8154.9
8155.6
8156.3
8157
8157.7
8158.4
8159.1
8159.8
8160.5
8161.2
8161.9
8162.6
8163.3
8164
8164.7
8165.4
8166.1
8166.8
8167.5
8168.2
8168.9
8169.6
8170.3
8171
8171.7
8172.4
8173.1
8173.8
8174.5
8175.2
8175.9
8176.6
8177.3
8178
8178.7
8179.4
8180.1
8180.8
8181.5
8182.2
8182.9
8183.6
8184.3
8185
8185.7
8186.4
8187.1
8187.8
8188.5
8189.2
8189.9
8190.6
8191.3
8192
8192.7
8193.4
8194.1
8194.8
8195.5
8196.2
8196.9
8197.6
8198.3
8199
8199.7
8200.4
8201.1
8201.8
8202.5
8203.2
8203.9
8204.6
8205.3
8206
8206.7
8207.4
8208.1
8208.8
8209.5
8210.2
8210.9
8211.6
8212.3
8213
8213.7
8214.4
8215.1
8215.8
8216.5
8217.2
8217.9
8218.6
8219.3
8220
8220.7
8221.4
8222.1
8222.8
8223.5
8224.2
8224.9
8225.6
8226.3
8227
8227.7
8228.4
8229.1
8229.8
8230.5
8231.2
8231.9
8232.6
8233.3
8234
8234.7
8235.4
8236.1
8236.8
8237.5
8238.2
8238.9
8239.6
8240.3
8241
8241.7
8242.4
8243.1
8243.8
8244.5
8245.2
8245.9
8246.6
8247.3
8248
8248.7
8249.4
8250.1
8250.8
8251.5
8252.2
8252.9
8253.6
8254.3
8255
