1774.5
1775.2
1775.9
1776.6
1777.3
1778
1778.7
1779.4
1780.1
1780.8
1781.5
1782.2
1782.9
1783.6
1784.3
1785
1785.7
1786.4
1787.1
1787.8
1788.5
1789.2
1789.9
1790.6
1791.3
1792
1792.7
1793.4
1794.1
1794.8
1795.5
1796.2
1796.9
1797.6
1798.3
1799
1799.7
1800.4
1801.1
1801.8
1802.5
1803.2
1803.9
1804.6
1805.3
1806
1806.7
1807.4
1808.1
1808.8
1809.5
1810.2
1810.9
1811.6
1812.3
1813
1813.7
1814.4
1815.1
1815.8
1816.5
1817.2
1817.9
1818.6
1819.3
1820
1820.7
1821.4
1822.1
1822.8
1823.5
1824.2
1824.9
1825.6
1826.3
1827
1827.7
1828.4
1829.1
1829.8
1830.5
1831.2
1831.9
1832.6
1833.3
1834
1834.7
1835.4
1836.1
1836.8
1837.5
1838.2
1838.9
1839.6
1840.3
1841
1841.7
1842.4
1843.1
1843.8
1844.5
1845.2
1845.9
1846.6
1847.3
1848
1848.7
1849.4
1850.1
1850.8
1851.5
1852.2
1852.9
1853.6
1854.3
1855
1855.7
1856.4
1857.1
1857.8
1858.5
1859.2
1859.9
1860.6
1861.3
1862
1862.7
1863.4
1864.1
1864.8
1865.5
1866.2
1866.9
1867.6
1868.3
1869
1869.7
1870.4
1871.1
1871.8
1872.5
1873.2
1873.9
1874.6
1875.3
1876
1876.7
1877.4
1878.1
1878.8
1879.5
1880.2
1880.9
1881.6
1882.3
1883
1883.7
1884.4
1885.1
1885.8
1886.5
1887.2
1887.9
1888.6
1889.3
1890
1890.7
1891.4
1892.1
1892.8
1893.5
1894.2
1894.9
1895.6
1896.3
1897
1897.7
1898.4
1899.1
1899.8
1900.5
1901.2
1901.9
1902.6
1903.3
1904
1904.7
1905.4
1906.1
1906.8
1907.5
1908.2
1908.9
1909.6
1910.3
1911
1911.7
1912.4
1913.1
1913.8
1914.5
1915.2
1915.9
1916.6
1917.3
1918
1918.7
1919.4
1920.1
1920.8
1921.5
1922.2
1922.9
1923.6
1924.3
1925
1925.7
1926.4
1927.1
1927.8
1928.5
1929.2
1929.9
1930.6
1931.3
1932
1932.7
1933.4
1934.1
1934.8
1935.5
1936.2
1936.9
1937.6
1938.3
1939
1939.7
1940.4
1941.1
1941.8
1942.5
1943.2
1943.9
1944.6
1945.3
1946
1946.7
1947.4
1948.1
1948.8
1949.5
1950.2
1950.9
1951.6
1952.3
1953
1953.7
1954.4
1955.1
1955.8
1956.5
1957.2
1957.9
1958.6
1959.3
1960
1960.7
1961.4
1962.1
1962.8
1963.5
1964.2
1964.9
1965.6
1966.3
1967
1967.7
1968.4
1969.1
1969.8
1970.5
1971.2
1971.9
1972.6
1973.3
1974
1974.7
1975.4
1976.1
1976.8
1977.5
1978.2
1978.9
1979.6
1980.3
1981
1981.7
1982.4
1983.1
1983.8
1984.5
1985.2
1985.9
1986.6
1987.3
1988
1988.7
1989.4
1990.1
1990.8
1991.5
1992.2
1992.9
1993.6
1994.3
1995
1995.7
1996.4
1997.1
1997.8
1998.5
1999.2
1999.9
2000.6
2001.3
2002
2002.7
2003.4
2004.1
2004.8
2005.5
2006.2
2006.9
2007.6
2008.3
2009
2009.7
2010.4
2011.1
2011.8
2012.5
2013.2
2013.9
2014.6
2015.3
2016
2016.7
2017.4
2018.1
2018.8
2019.5
2020.2
2020.9
2021.6
2022.3
2023
2023.7
2024.4
2025.1
2025.8
2026.5
2027.2
2027.9
2028.6
2029.3
2030
2030.7
2031.4
2032.1
2032.8
2033.5
2034.2
2034.9
2035.6
2036.3
2037
2037.7
2038.4
2039.1
2039.8
2040.5
2041.2
2041.9
2042.6
2043.3
2044
2044.7
2045.4
2046.1
2046.8
2047.5
2048.2
2048.9
2049.6
2050.3
2051
2051.7
2052.4
2053.1
2053.8
2054.5
2055.2
2055.9
2056.6
2057.3
2058
2058.7
2059.4
2060.1
2060.8
2061.5
2062.2
2062.9
2063.6
2064.3
2065
2065.7
2066.4
2067.1
2067.8
2068.5
2069.2
2069.9
2070.6
2071.3
2072
2072.7
2073.4
2074.1
2074.8
2075.5
2076.2
2076.9
2077.6
2078.3
2079
2079.7
2080.4
2081.1
2081.8
2082.5
2083.2
2083.9
2084.6
2085.3
2086
2086.7
2087.4
2088.1
2088.8
2089.5
2090.2
2090.9
2091.6
2092.3
2093
2093.7
2094.4
2095.1
2095.8
2096.5
2097.2
2097.9
2098.6
2099.3
2100
2100.7
2101.4
2102.1
2102.8
2103.5
2104.2
2104.9
2105.6
2106.3
2107
2107.7
2108.4
2109.1
2109.8
2110.5
2111.2
2111.9
2112.6
2113.3
2114
2114.7
2115.4
2116.1
2116.8
2117.5
2118.2
2118.9
2119.6
2120.3
2121
2121.7
2122.4
2123.1
2123.8
2124.5
2125.2
2125.9
2126.6
2127.3
2128
2128.7
2129.4
2130.1
2130.8
2131.5
2132.2
2132.9
2133.6
2134.3
2135
2135.7
2136.4
2137.1
2137.8
2138.5
2139.2
2139.9
2140.6
2141.3
2142
2142.7
2143.4
2144.1
2144.8
2145.5
2146.2
2146.9
2147.6
2148.3
2149
2149.7
2150.4
2151.1
2151.8
2152.5
2153.2
2153.9
2154.6
2155.3
2156
2156.7
2157.4
2158.1
2158.8
2159.5
2160.2
2160.9
2161.6
2162.3
2163
2163.7
2164.4
2165.1
2165.8
2166.5
2167.2
2167.9
2168.6
2169.3
2170
2170.7
2171.4
2172.1
2172.8
2173.5
2174.2
2174.9
2175.6
2176.3
2177
2177.7
2178.4
2179.1
2179.8
2180.5
2181.2
2181.9
2182.6
2183.3
2184
2184.7
2185.4
2186.1
2186.8
2187.5
2188.2
2188.9
2189.6
2190.3
2191
2191.7
2192.4
2193.1
2193.8
2194.5
2195.2
2195.9
2196.6
2197.3
2198
2198.7
2199.4
2200.1
2200.8
2201.5
2202.2
2202.9
2203.6
2204.3
2205
