8437
8437.7
8438.4
8439.1
8439.8
8440.5
8441.2
8441.9
8442.6
8443.3
8444
8444.7
8445.4
8446.1
8446.8
8447.5
8448.2
8448.9
8449.6
8450.3
8451
8451.7
8452.4
8453.1
8453.8
8454.5
8455.2
8455.9
8456.6
8457.3
8458
8458.7
8459.4
8460.1
8460.8
8461.5
8462.2
8462.9
8463.6
8464.3
8465
8465.7
8466.4
8467.1
8467.8
8468.5
8469.2
8469.9
8470.6
8471.3
8472
8472.7
8473.4
8474.1
8474.8
8475.5
8476.2
8476.9
8477.6
8478.3
8479
8479.7
8480.4
8481.1
8481.8
8482.5
8483.2
8483.9
8484.6
8485.3
8486
8486.7
8487.4
8488.1
8488.8
8489.5
8490.2
8490.9
8491.6
8492.3
8493
8493.7
8494.4
8495.1
8495.8
8496.5
8497.2
8497.9
8498.6
8499.3
8500
8500.7
8501.4
8502.1
8502.8
8503.5
8504.2
8504.9
8505.6
8506.3
8507
8507.7
8508.4
8509.1
8509.8
8510.5
8511.2
8511.9
8512.6
8513.3
8514
8514.7
8515.4
8516.1
8516.8
8517.5
8518.2
8518.9
8519.6
8520.3
8521
8521.7
8522.4
8523.1
8523.8
8524.5
8525.2
8525.9
8526.6
8527.3
8528
8528.7
8529.4
8530.1
8530.8
8531.5
8532.2
8532.9
8533.6
8534.3
8535
8535.7
8536.4
8537.1
8537.8
8538.5
8539.2
8539.9
8540.6
8541.3
8542
8542.7
8543.4
8544.1
8544.8
8545.5
8546.2
8546.9
8547.6
8548.3
8549
8549.7
8550.4
8551.1
8551.8
8552.5
8553.2
8553.9
8554.6
8555.3
8556
8556.7
8557.4
8558.1
8558.8
8559.5
8560.2
8560.9
8561.6
8562.3
8563
8563.7
8564.4
8565.1
8565.8
8566.5
8567.2
8567.9
8568.6
8569.3
8570
8570.7
8571.4
8572.1
8572.8
8573.5
8574.2
8574.9
8575.6
8576.3
8577
8577.7
8578.4
8579.1
8579.8
8580.5
8581.2
8581.9
8582.6
8583.3
8584
8584.7
8585.4
8586.1
8586.8
8587.5
8588.2
8588.9
8589.6
8590.3
8591
8591.7
8592.4
8593.1
8593.8
8594.5
8595.2
8595.9
8596.6
8597.3
8598
8598.7
8599.4
8600.1
8600.8
8601.5
8602.2
8602.9
8603.6
8604.3
8605
8605.7
8606.4
8607.1
8607.8
8608.5
8609.2
8609.9
8610.6
8611.3
8612
8612.7
8613.4
8614.1
8614.8
8615.5
8616.2
8616.9
8617.6
8618.3
8619
8619.7
8620.4
8621.1
8621.8
8622.5
8623.2
8623.9
8624.6
8625.3
8626
8626.7
8627.4
8628.1
8628.8
8629.5
8630.2
8630.9
8631.6
8632.3
8633
8633.7
8634.4
8635.1
8635.8
8636.5
8637.2
8637.9
8638.6
8639.3
8640
8640.7
8641.4
8642.1
8642.8
8643.5
8644.2
8644.9
8645.6
8646.3
8647
8647.7
8648.4
8649.1
8649.8
8650.5
8651.2
8651.9
8652.6
8653.3
8654
8654.7
8655.4
8656.1
8656.8
8657.5
8658.2
8658.9
8659.6
8660.3
8661
8661.7
8662.4
8663.1
8663.8
8664.5
8665.2
8665.9
8666.6
8667.3
8668
8668.7
8669.4
8670.1
8670.8
8671.5
8672.2
8672.9
8673.6
8674.3
8675
8675.7
8676.4
8677.1
8677.8
8678.5
8679.2
8679.9
8680.6
8681.3
8682
8682.7
8683.4
8684.1
8684.8
8685.5
8686.2
8686.9
8687.6
8688.3
8689
8689.7
8690.4
8691.1
8691.8
8692.5
8693.2
8693.9
8694.6
8695.3
8696
8696.7
8697.4
8698.1
8698.8
8699.5
8700.2
8700.9
8701.6
8702.3
8703
8703.7
8704.4
8705.1
8705.8
8706.5
8707.2
8707.9
8708.6
8709.3
8710
8710.7
8711.4
8712.1
8712.8
8713.5
8714.2
8714.9
8715.6
8716.3
8717
8717.7
8718.4
8719.1
8719.8
8720.5
8721.2
8721.9
8722.6
8723.3
8724
8724.7
8725.4
8726.1
8726.8
8727.5
8728.2
8728.9
8729.6
8730.3
8731
8731.7
8732.4
8733.1
8733.8
8734.5
8735.2
8735.9
8736.6
8737.3
8738
8738.7
8739.4
8740.1
8740.8
8741.5
8742.2
8742.9
8743.6
8744.3
8745
8745.7
8746.4
8747.1
8747.8
8748.5
