9.0585	9.0591	9.0589	9.0587	9.0592	9.0588	9.059	9.0589	9.059	9.0589	9.0592	9.0586	9.0598	9.058	9.06	9.0585	9.0593	9.0589	9.0591	9.0589	9.0593	9.0589	9.0594	9.0587	9.0598	9.0586	9.0594	9.0594	9.0587	9.0599	9.059	9.0595	9.0593	9.0594	9.0591	9.0595	9.0594	9.0592	9.06	9.059	9.0596	9.0596	9.0591	9.0601	9.0594	9.0595	9.0601
8.3021	8.3027	8.3024	8.3023	8.3027	8.3024	8.3026	8.3025	8.3026	8.3025	8.3027	8.3023	8.3033	8.3016	8.3037	8.3021	8.303	8.3025	8.3027	8.3025	8.3028	8.3026	8.303	8.3023	8.3034	8.3021	8.303	8.3029	8.3023	8.3034	8.3025	8.3032	8.3028	8.3031	8.3025	8.3031	8.3029	8.3027	8.3035	8.3026	8.3032	8.3031	8.3026	8.3036	8.303	8.303	8.3037
7.5509	7.5516	7.5512	7.5512	7.5515	7.5512	7.5515	7.5513	7.5514	7.5514	7.5514	7.5512	7.5521	7.5504	7.5525	7.5508	7.5519	7.5512	7.5516	7.5513	7.5515	7.5514	7.5517	7.5511	7.5523	7.5508	7.5519	7.5516	7.5511	7.5521	7.5513	7.552	7.5515	7.552	7.5512	7.5519	7.5517	7.5515	7.5524	7.5513	7.5519	7.5519	7.5514	7.5524	7.5517	7.5517	7.5524
6.7925	6.7932	6.7928	6.7928	6.7931	6.7929	6.7931	6.7929	6.793	6.7931	6.7929	6.7929	6.7937	6.7921	6.7941	6.7924	6.7935	6.7927	6.7932	6.7929	6.7931	6.7931	6.7933	6.7927	6.7939	6.7924	6.7935	6.7931	6.7928	6.7937	6.7929	6.7936	6.793	6.7937	6.7927	6.7935	6.7932	6.793	6.794	6.7929	6.7935	6.7935	6.7929	6.7939	6.7933	6.7933	6.794
6.041	6.0417	6.0412	6.0414	6.0415	6.0414	6.0416	6.0413	6.0415	6.0416	6.0413	6.0414	6.042	6.0406	6.0425	6.0409	6.042	6.0411	6.0418	6.0413	6.0415	6.0416	6.0416	6.0412	6.0423	6.0408	6.0419	6.0415	6.0413	6.042	6.0414	6.042	6.0414	6.0422	6.041	6.042	6.0416	6.0415	6.0423	6.0413	6.0419	6.042	6.0413	6.0423	6.0418	6.0417	6.0424
5.2871	5.2878	5.2872	5.2875	5.2875	5.2875	5.2877	5.2874	5.2876	5.2877	5.2874	5.2875	5.288	5.2868	5.2885	5.287	5.2881	5.2871	5.2879	5.2873	5.2876	5.2877	5.2877	5.2873	5.2883	5.2869	5.288	5.2875	5.2875	5.2879	5.2875	5.288	5.2874	5.2883	5.287	5.2881	5.2876	5.2875	5.2884	5.2874	5.2879	5.288	5.2873	5.2884	5.2878	5.2877	5.2884
4.5309	4.5317	4.5311	4.5314	4.5313	4.5313	4.5316	4.5312	4.5315	4.5316	4.5312	4.5314	4.5318	4.5308	4.5323	4.5309	4.532	4.5309	4.5318	4.5311	4.5314	4.5315	4.5314	4.5312	4.5321	4.5308	4.5319	4.5313	4.5314	4.5316	4.5315	4.5317	4.5313	4.5322	4.5308	4.532	4.5314	4.5314	4.5321	4.5313	4.5317	4.5319	4.5311	4.5321	4.5316	4.5315	4.5322
3.7754	3.7762	3.7756	3.776	3.7758	3.7759	3.7761	3.7757	3.776	3.7761	3.7757	3.776	3.7762	3.7754	3.7767	3.7754	3.7766	3.7754	3.7764	3.7756	3.776	3.7761	3.7759	3.7758	3.7766	3.7754	3.7764	3.7758	3.776	3.776	3.776	3.7762	3.7757	3.7767	3.7752	3.7765	3.7758	3.7759	3.7766	3.7758	3.7761	3.7764	3.7756	3.7766	3.7761	3.776	3.7767
3.0252	3.026	3.0253	3.0258	3.0255	3.0257	3.0259	3.0254	3.0258	3.0259	3.0254	3.0259	3.0259	3.0252	3.0264	3.0252	3.0264	3.0251	3.0263	3.0253	3.0257	3.0258	3.0256	3.0255	3.0262	3.0252	3.0261	3.0254	3.0258	3.0256	3.0258	3.0259	3.0255	3.0265	3.0249	3.0263	3.0255	3.0256	3.0263	3.0256	3.0258	3.0262	3.0253	3.0263	3.0259	3.0257	3.0264
2.2702	2.271	2.2703	2.2709	2.2705	2.2707	2.2709	2.2705	2.2708	2.2709	2.2704	2.2709	2.2709	2.2703	2.2713	2.2702	2.2714	2.27	2.2714	2.2703	2.2707	2.2709	2.2706	2.2706	2.2712	2.2702	2.2711	2.2704	2.2709	2.2705	2.2709	2.2708	2.2705	2.2716	2.2698	2.2714	2.2704	2.2707	2.2712	2.2706	2.2708	2.2712	2.2703	2.2713	2.2709	2.2707	2.2713
1.5188	1.5195	1.5188	1.5195	1.5189	1.5193	1.5195	1.519	1.5194	1.5195	1.5189	1.5195	1.5193	1.519	1.5198	1.5188	1.52	1.5185	1.52	1.5188	1.5192	1.5194	1.519	1.5192	1.5197	1.5188	1.5196	1.5189	1.5195	1.5189	1.5195	1.5193	1.5189	1.5202	1.5183	1.5199	1.5189	1.5192	1.5197	1.5192	1.5192	1.5197	1.5187	1.5197	1.5194	1.5192	1.5198
0.76292	0.7637	0.76292	0.76371	0.76305	0.7635	0.76359	0.76313	0.76354	0.76362	0.76304	0.7637	0.7634	0.76319	0.76385	0.76303	0.7641	0.76263	0.76415	0.76286	0.76343	0.76352	0.7632	0.76332	0.76376	0.76301	0.76371	0.76303	0.76363	0.76291	0.76374	0.76332	0.76313	0.76425	0.76242	0.76404	0.76297	0.7633	0.76377	0.76334	0.7633	0.76386	0.76285	0.76383	0.76349	0.76327	0.76389
0.0066214	0.0074249	0.0067242	0.0073618	0.006792	0.0072178	0.0071073	0.006926	0.0070762	0.0072432	0.0067438	0.0072336	0.0070341	0.0069143	0.0073066	0.0068553	0.0076056	0.0063196	0.0078229	0.0063623	0.0071883	0.0070641	0.0068393	0.0070873	0.0072764	0.0067741	0.00735	0.0066176	0.0072978	0.0065278	0.0073361	0.0070397	0.0068073	0.007747	0.0062895	0.0074782	0.0066272	0.0069647	0.0072068	0.007141	0.006802	0.0074045	0.0065676	0.0072513	0.0070723	0.0069008	0.0072828
0.74551	0.74476	0.74553	0.74464	0.7455	0.74485	0.74491	0.74527	0.74491	0.74484	0.74536	0.74475	0.74511	0.74509	0.74481	0.74524	0.74447	0.74577	0.74426	0.74566	0.74491	0.74507	0.74519	0.74514	0.74484	0.74526	0.74492	0.74535	0.7448	0.74572	0.74459	0.74534	0.74523	0.74435	0.74596	0.74452	0.74551	0.74519	0.74483	0.74505	0.74532	0.74457	0.74567	0.74474	0.74499	0.74528	0.74467
1.5026	1.5018	1.5026	1.5017	1.5026	1.5019	1.502	1.5023	1.502	1.5019	1.5024	1.5018	1.5022	1.5021	1.502	1.5022	1.5016	1.5028	1.5013	1.5028	1.5019	1.5022	1.5022	1.5022	1.502	1.5023	1.5021	1.5024	1.5019	1.5029	1.5016	1.5025	1.5023	1.5015	1.503	1.5016	1.5026	1.5023	1.502	1.5021	1.5025	1.5016	1.5028	1.5019	1.5021	1.5024	1.5018
2.2476	2.2468	2.2476	2.2466	2.2477	2.2468	2.247	2.2473	2.247	2.2469	2.2474	2.2468	2.2473	2.247	2.2471	2.2471	2.2467	2.2478	2.2463	2.2478	2.2469	2.2473	2.2472	2.2472	2.2471	2.2472	2.2472	2.2474	2.2469	2.248	2.2465	2.2476	2.2472	2.2466	2.248	2.2467	2.2476	2.2473	2.2471	2.2471	2.2476	2.2466	2.2478	2.2469	2.2471	2.2475	2.2469
3.0058	3.0051	3.0059	3.0048	3.006	3.005	3.0053	3.0055	3.0053	3.0052	3.0056	3.0051	3.0056	3.0052	3.0055	3.0053	3.005	3.006	3.0045	3.0061	3.0051	3.0056	3.0054	3.0055	3.0054	3.0053	3.0055	3.0056	3.0051	3.0063	3.0047	3.006	3.0054	3.0049	3.0062	3.005	3.0059	3.0056	3.0054	3.0053	3.0059	3.0049	3.0061	3.0053	3.0054	3.0058	3.0052
3.7625	3.7618	3.7626	3.7615	3.7627	3.7617	3.762	3.7622	3.7619	3.7619	3.7623	3.7618	3.7623	3.7618	3.7623	3.7619	3.7617	3.7627	3.7612	3.7628	3.7617	3.7624	3.7621	3.7622	3.7622	3.7619	3.7623	3.7622	3.7618	3.7631	3.7614	3.7628	3.7621	3.7617	3.7629	3.7618	3.7626	3.7623	3.7622	3.762	3.7627	3.7616	3.7628	3.762	3.7621	3.7625	3.7619
4.5161	4.5154	4.5162	4.5151	4.5164	4.5153	4.5157	4.5158	4.5156	4.5155	4.5159	4.5154	4.5159	4.5154	4.516	4.5155	4.5154	4.5163	4.5149	4.5165	4.5153	4.5161	4.5157	4.5159	4.5158	4.5155	4.516	4.5158	4.5155	4.5168	4.515	4.5165	4.5157	4.5154	4.5164	4.5155	4.5162	4.516	4.5159	4.5156	4.5164	4.5152	4.5165	4.5157	4.5157	4.5162	4.5156
5.2676	5.2669	5.2676	5.2665	5.2679	5.2667	5.2672	5.2672	5.2671	5.267	5.2674	5.2669	5.2674	5.2669	5.2675	5.2669	5.267	5.2677	5.2664	5.2679	5.2668	5.2676	5.2671	5.2674	5.2673	5.267	5.2676	5.2672	5.267	5.2682	5.2665	5.268	5.2672	5.267	5.2678	5.2671	5.2676	5.2675	5.2674	5.2671	5.2679	5.2667	5.268	5.2673	5.2672	5.2677	5.2672
6.0209	6.0202	6.021	6.0199	6.0212	6.02	6.0206	6.0205	6.0205	6.0203	6.0207	6.0203	6.0207	6.0202	6.0209	6.0202	6.0204	6.0209	6.0199	6.0212	6.0202	6.021	6.0203	6.0209	6.0207	6.0203	6.021	6.0205	6.0204	6.0215	6.0199	6.0214	6.0205	6.0204	6.0211	6.0206	6.0209	6.021	6.0208	6.0204	6.0213	6.0201	6.0214	6.0207	6.0206	6.0211	6.0205
6.7784	6.7777	6.7785	6.7774	6.7787	6.7775	6.7781	6.7779	6.7781	6.7778	6.7782	6.7778	6.7782	6.7777	6.7784	6.7777	6.778	6.7784	6.7775	6.7787	6.7777	6.7786	6.7778	6.7785	6.7782	6.7778	6.7786	6.778	6.778	6.779	6.7775	6.7789	6.778	6.778	6.7785	6.7782	6.7784	6.7785	6.7783	6.778	6.7789	6.7776	6.7789	6.7783	6.7781	6.7787	6.7781
7.5336	7.5329	7.5336	7.5326	7.5339	7.5327	7.5334	7.5331	7.5333	7.5329	7.5334	7.5331	7.5334	7.5329	7.5337	7.5328	7.5333	7.5335	7.5328	7.5338	7.5329	7.5339	7.5329	7.5337	7.5334	7.533	7.5339	7.5331	7.5333	7.5342	7.5327	7.5341	7.5332	7.5333	7.5336	7.5335	7.5335	7.5338	7.5336	7.5332	7.5341	7.5328	7.5341	7.5335	7.5333	7.5339	7.5334
8.2838	8.2832	8.2839	8.2828	8.2842	8.2829	8.2837	8.2832	8.2836	8.2832	8.2836	8.2834	8.2836	8.2831	8.284	8.283	8.2837	8.2836	8.2831	8.284	8.2831	8.2842	8.2831	8.2841	8.2836	8.2832	8.2842	8.2833	8.2836	8.2844	8.2831	8.2844	8.2835	8.2837	8.2838	8.2839	8.2837	8.2841	8.2839	8.2835	8.2844	8.2831	8.2844	8.2839	8.2836	8.2842	8.2837
9.0386	9.0379	9.0386	9.0375	9.0389	9.0376	9.0385	9.0379	9.0384	9.0379	9.0383	9.0381	9.0383	9.0379	9.0388	9.0377	9.0385	9.0383	9.0379	9.0387	9.0378	9.039	9.0377	9.0389	9.0384	9.0379	9.039	9.038	9.0384	9.0391	9.0378	9.0392	9.0382	9.0385	9.0385	9.0387	9.0384	9.039	9.0386	9.0382	9.0392	9.0379	9.0391	9.0387	9.0383	9.039	9.0384
