55127
55127
55128
55129
55130
55130
55131
55132
55132
55133
55134
55134
55135
55136
55137
55137
55138
55139
55139
55140
55141
55141
55142
55143
55144
55144
55145
55146
55146
55147
55148
55148
55149
55150
55151
55151
55152
55153
55153
55154
55155
55155
55156
55157
55158
55158
55159
55160
55160
55161
55162
55162
55163
55164
55165
55165
55166
55167
55167
55168
55169
55169
55170
55171
55172
55172
55173
55174
55174
55175
55176
55176
55177
55178
55179
55179
55180
55181
55181
55182
55183
55183
55184
55185
55186
55186
55187
55188
55188
55189
55190
55190
55191
55192
55193
55193
55194
55195
55195
55196
55197
55197
55198
55199
55200
55200
55201
55202
55202
55203
55204
55204
55205
55206
55207
55207
55208
55209
55209
55210
55211
55211
55212
55213
55214
55214
55215
55216
55216
55217
55218
55218
55219
55220
55221
55221
55222
55223
55223
55224
55225
55225
55226
55227
55228
55228
55229
55230
55230
55231
55232
55232
55233
55234
55235
55235
55236
55237
55237
55238
55239
55239
55240
55241
55242
55242
55243
55244
55244
55245
55246
55246
55247
55248
55249
55249
55250
55251
55251
55252
55253
55253
55254
55255
55256
55256
55257
55258
55258
55259
55260
55260
55261
55262
55263
55263
55264
55265
55265
55266
55267
55267
55268
55269
55270
55270
55271
55272
55272
55273
55274
55274
55275
55276
55277
55277
55278
55279
55279
55280
55281
55281
55282
55283
55284
55284
55285
55286
55286
55287
55288
55288
55289
55290
55291
55291
55292
55293
55293
55294
55295
55295
55296
55297
55298
55298
55299
55300
55300
55301
55302
55302
55303
55304
55305
55305
55306
55307
55307
55308
55309
55309
55310
55311
55312
55312
55313
55314
55314
55315
55316
55316
55317
55318
55319
55319
55320
55321
55321
55322
55323
55323
55324
55325
55326
55326
55327
55328
55328
55329
55330
55330
55331
55332
55333
55333
55334
55335
55335
55336
55337
55337
55338
55339
55340
55340
55341
55342
55342
55343
55344
55344
55345
55346
55347
55347
55348
55349
55349
55350
55351
55351
55352
55353
55354
55354
55355
55356
55356
55357
55358
55358
55359
55360
55361
55361
55362
55363
55363
55364
55365
55365
55366
55367
55368
55368
55369
55370
55370
55371
55372
55372
55373
55374
55375
55375
55376
55377
55377
55378
55379
55379
55380
55381
55382
55382
55383
55384
55384
55385
55386
55386
55387
55388
55389
55389
55390
55391
55391
55392
55393
55393
55394
55395
55396
55396
55397
55398
55398
55399
55400
55400
55401
55402
55403
55403
55404
55405
55405
55406
55407
55407
55408
55409
55410
55410
55411
55412
55412
55413
55414
55414
55415
55416
55417
55417
55418
55419
55419
55420
55421
55421
55422
55423
55424
55424
55425
55426
55426
55427
55428
55428
55429
55430
55431
55431
55432
55433
