73862
73863
73864
73864
73865
73866
73867
73867
73868
73869
73869
73870
73871
73871
73872
73873
73874
73874
73875
73876
73876
73877
73878
73878
73879
73880
73881
73881
73882
73883
73883
73884
73885
73885
73886
73887
73888
73888
73889
73890
73890
73891
73892
73892
73893
73894
73895
73895
73896
73897
73897
73898
73899
73899
73900
73901
73902
73902
73903
73904
73904
73905
73906
73906
73907
73908
73909
73909
73910
73911
73911
73912
73913
73913
73914
73915
73916
73916
73917
73918
73918
73919
73920
73920
73921
73922
73923
73923
73924
73925
73925
73926
73927
73927
73928
73929
73930
73930
73931
73932
73932
73933
73934
73934
73935
73936
73937
73937
73938
73939
73939
73940
73941
73941
73942
73943
73944
73944
73945
73946
73946
73947
73948
73948
73949
73950
73951
73951
73952
73953
73953
73954
73955
73955
73956
73957
73958
73958
73959
73960
73960
73961
73962
73962
73963
73964
73965
73965
73966
73967
73967
73968
73969
73969
73970
73971
73972
73972
73973
73974
73974
73975
73976
73976
73977
73978
73979
73979
73980
73981
73981
73982
73983
73983
73984
73985
73986
73986
73987
73988
73988
73989
73990
73990
73991
73992
73993
73993
73994
73995
73995
73996
73997
73997
73998
73999
74000
74000
74001
74002
74002
74003
74004
74004
74005
74006
74007
74007
74008
74009
74009
74010
74011
74011
74012
74013
74014
74014
74015
74016
74016
74017
74018
74018
74019
74020
74021
74021
74022
74023
74023
74024
74025
74025
74026
74027
74028
74028
74029
74030
74030
74031
74032
74032
74033
74034
74035
74035
74036
74037
74037
74038
74039
74039
74040
74041
74042
74042
74043
74044
74044
74045
74046
74046
74047
74048
74049
74049
74050
74051
74051
74052
74053
74053
74054
74055
74056
74056
74057
74058
74058
74059
74060
74060
74061
74062
74063
74063
74064
74065
74065
74066
74067
74067
74068
74069
74070
74070
74071
74072
74072
74073
74074
74074
74075
74076
74077
74077
74078
74079
74079
74080
74081
74081
74082
74083
74084
74084
74085
74086
74086
74087
74088
74088
74089
74090
74091
74091
74092
74093
74093
74094
74095
74095
74096
74097
74098
74098
74099
74100
74100
74101
74102
74102
74103
74104
74105
74105
74106
74107
74107
74108
74109
74109
74110
74111
74112
74112
74113
74114
74114
74115
74116
74116
74117
74118
74119
74119
74120
74121
74121
74122
74123
74123
74124
74125
74126
74126
74127
74128
74128
74129
74130
74130
