9298.7
9299.4
9300.1
9300.8
9301.5
9302.2
9302.9
9303.6
9304.3
9305
9305.7
9306.4
9307.1
9307.8
9308.5
9309.2
9309.9
9310.6
9311.3
9312
9312.7
9313.4
9314.1
9314.8
9315.5
9316.2
9316.9
9317.6
9318.3
9319
9319.7
9320.4
9321.1
9321.8
9322.5
9323.2
9323.9
9324.6
9325.3
9326
9326.7
9327.4
9328.1
9328.8
9329.5
9330.2
9330.9
9331.6
9332.3
9333
9333.7
9334.4
9335.1
9335.8
9336.5
9337.2
9337.9
9338.6
9339.3
9340
9340.7
9341.4
9342.1
9342.8
9343.5
9344.2
9344.9
9345.6
9346.3
9347
9347.7
9348.4
9349.1
9349.8
9350.5
9351.2
9351.9
9352.6
9353.3
9354
9354.7
9355.4
9356.1
9356.8
9357.5
9358.2
9358.9
9359.6
9360.3
9361
9361.7
9362.4
9363.1
9363.8
9364.5
9365.2
9365.9
9366.6
9367.3
9368
9368.7
9369.4
9370.1
9370.8
9371.5
9372.2
9372.9
9373.6
9374.3
9375
9375.7
9376.4
9377.1
9377.8
9378.5
9379.2
9379.9
9380.6
9381.3
9382
9382.7
9383.4
9384.1
9384.8
9385.5
9386.2
9386.9
9387.6
9388.3
9389
9389.7
9390.4
9391.1
9391.8
9392.5
9393.2
9393.9
9394.6
9395.3
9396
9396.7
9397.4
9398.1
9398.8
9399.5
9400.2
9400.9
9401.6
9402.3
9403
9403.7
9404.4
9405.1
9405.8
9406.5
9407.2
9407.9
9408.6
9409.3
9410
9410.7
9411.4
9412.1
9412.8
9413.5
9414.2
9414.9
9415.6
9416.3
9417
9417.7
9418.4
9419.1
9419.8
9420.5
9421.2
9421.9
9422.6
9423.3
9424
9424.7
9425.4
9426.1
9426.8
9427.5
9428.2
9428.9
9429.6
9430.3
9431
9431.7
9432.4
9433.1
9433.8
9434.5
9435.2
9435.9
9436.6
9437.3
9438
9438.7
9439.4
9440.1
9440.8
9441.5
9442.2
9442.9
9443.6
9444.3
9445
9445.7
9446.4
9447.1
9447.8
9448.5
9449.2
9449.9
9450.6
9451.3
9452
9452.7
9453.4
9454.1
9454.8
9455.5
9456.2
9456.9
9457.6
9458.3
9459
9459.7
9460.4
9461.1
9461.8
9462.5
9463.2
9463.9
9464.6
9465.3
9466
9466.7
9467.4
9468.1
9468.8
9469.5
9470.2
9470.9
9471.6
9472.3
9473
9473.7
9474.4
9475.1
9475.8
9476.5
9477.2
9477.9
9478.6
9479.3
9480
9480.7
9481.4
9482.1
9482.8
9483.5
9484.2
9484.9
9485.6
9486.3
9487
9487.7
9488.4
9489.1
9489.8
9490.5
9491.2
9491.9
9492.6
9493.3
9494
9494.7
9495.4
9496.1
9496.8
9497.5
9498.2
9498.9
9499.6
9500.3
9501
9501.7
9502.4
9503.1
9503.8
9504.5
9505.2
9505.9
9506.6
9507.3
9508
9508.7
9509.4
9510.1
9510.8
9511.5
9512.2
9512.9
9513.6
9514.3
9515
9515.7
9516.4
9517.1
9517.8
9518.5
9519.2
9519.9
9520.6
9521.3
9522
9522.7
9523.4
9524.1
9524.8
9525.5
9526.2
9526.9
9527.6
9528.3
9529
9529.7
9530.4
9531.1
9531.8
9532.5
9533.2
9533.9
9534.6
9535.3
9536
9536.7
9537.4
9538.1
9538.8
9539.5
9540.2
9540.9
9541.6
9542.3
9543
9543.7
9544.4
9545.1
9545.8
9546.5
9547.2
9547.9
9548.6
9549.3
9550
9550.7
9551.4
9552.1
9552.8
9553.5
9554.2
9554.9
9555.6
9556.3
9557
9557.7
9558.4
9559.1
9559.8
9560.5
9561.2
9561.9
9562.6
9563.3
9564
9564.7
9565.4
9566.1
9566.8
9567.5
9568.2
9568.9
9569.6
9570.3
9571
9571.7
9572.4
9573.1
9573.8
9574.5
9575.2
9575.9
9576.6
9577.3
9578
9578.7
9579.4
9580.1
9580.8
9581.5
9582.2
9582.9
9583.6
9584.3
9585
9585.7
9586.4
9587.1
9587.8
9588.5
9589.2
9589.9
9590.6
9591.3
9592
9592.7
9593.4
9594.1
9594.8
9595.5
9596.2
9596.9
9597.6
9598.3
9599
9599.7
9600.4
9601.1
9601.8
9602.5
