78963
78964
78965
78965
78966
78967
78967
78968
78969
78970
78970
78971
78972
78972
78973
78974
78974
78975
78976
78977
78977
78978
78979
78979
78980
78981
78981
78982
78983
78984
78984
78985
78986
78986
78987
78988
78988
78989
78990
78991
78991
78992
78993
78993
78994
78995
78995
78996
78997
78998
78998
78999
79000
79000
79001
79002
79002
79003
79004
79005
79005
79006
79007
79007
79008
79009
79009
79010
79011
79012
79012
79013
79014
79014
79015
79016
79016
79017
79018
79019
79019
79020
79021
79021
79022
79023
79023
79024
79025
79026
79026
79027
79028
79028
79029
79030
79030
79031
79032
79033
79033
79034
79035
79035
79036
79037
79037
79038
79039
79040
79040
79041
79042
79042
79043
79044
79044
79045
79046
79047
79047
79048
79049
79049
79050
79051
79051
79052
79053
79054
79054
79055
79056
79056
79057
79058
79058
79059
79060
79061
79061
79062
79063
79063
79064
79065
79065
79066
79067
79068
79068
79069
79070
79070
79071
79072
79072
79073
79074
79075
79075
79076
79077
79077
79078
79079
79079
79080
79081
79082
79082
79083
79084
79084
79085
79086
79086
79087
79088
79089
79089
79090
79091
79091
79092
79093
79093
79094
79095
79096
79096
79097
79098
79098
79099
79100
79100
79101
79102
79103
79103
79104
79105
79105
79106
79107
79107
79108
79109
79110
79110
79111
79112
79112
79113
79114
79114
79115
79116
79117
79117
79118
79119
79119
79120
79121
79121
79122
79123
79124
79124
79125
79126
79126
79127
79128
79128
79129
79130
79131
79131
79132
79133
