50791
50792
50792
50793
50794
50794
50795
50796
50796
50797
50798
50799
50799
50800
50801
50801
50802
50803
50803
50804
50805
50806
50806
50807
50808
50808
50809
50810
50810
50811
50812
50813
50813
50814
50815
50815
50816
50817
50817
50818
50819
50820
50820
50821
50822
50822
50823
50824
50824
50825
50826
50827
50827
50828
50829
50829
50830
50831
50831
50832
50833
50834
50834
50835
50836
50836
50837
50838
50838
50839
50840
50841
50841
50842
50843
50843
50844
50845
50845
50846
50847
50848
50848
50849
50850
50850
50851
50852
50852
50853
50854
50855
50855
50856
50857
50857
50858
50859
50859
50860
50861
50862
50862
50863
50864
50864
50865
50866
50866
50867
50868
50869
50869
50870
50871
50871
50872
50873
50873
50874
50875
50876
50876
50877
50878
50878
50879
50880
50880
50881
50882
50883
50883
50884
50885
50885
50886
50887
50887
50888
50889
50890
50890
50891
50892
50892
50893
50894
50894
50895
50896
50897
50897
50898
50899
50899
50900
50901
50901
50902
50903
50904
50904
50905
50906
50906
50907
50908
50908
50909
50910
50911
50911
50912
50913
50913
50914
50915
50915
50916
50917
50918
50918
50919
50920
50920
50921
50922
50922
50923
50924
50925
50925
50926
50927
50927
50928
50929
50929
50930
50931
50932
50932
50933
50934
50934
50935
50936
50936
50937
50938
50939
50939
50940
50941
50941
50942
50943
50943
50944
50945
50946
50946
50947
50948
50948
50949
50950
50950
50951
50952
50953
50953
50954
50955
50955
50956
50957
50957
50958
50959
50960
50960
50961
50962
50962
50963
50964
50964
50965
50966
50967
50967
50968
50969
50969
50970
50971
50971
50972
50973
50974
50974
50975
50976
50976
50977
50978
50978
50979
50980
50981
50981
50982
50983
50983
50984
50985
50985
50986
50987
50988
50988
50989
50990
50990
50991
50992
50992
50993
50994
50995
50995
50996
50997
50997
50998
50999
50999
51000
51001
