63757
63757
63758
63759
63759
63760
63761
63762
63762
63763
63764
63764
63765
63766
63766
63767
63768
63769
63769
63770
63771
63771
63772
63773
63773
63774
63775
63776
63776
63777
63778
63778
63779
63780
63780
63781
63782
63783
63783
63784
63785
63785
63786
63787
63787
63788
63789
63790
63790
63791
63792
63792
63793
63794
63794
63795
63796
63797
63797
63798
63799
63799
63800
63801
63801
63802
63803
63804
63804
63805
63806
63806
63807
63808
63808
63809
63810
63811
63811
63812
63813
63813
63814
63815
63815
63816
63817
63818
63818
63819
63820
63820
63821
63822
63822
63823
63824
63825
63825
63826
63827
63827
63828
63829
63829
63830
63831
63832
63832
63833
63834
63834
63835
63836
63836
63837
63838
63839
63839
63840
63841
63841
63842
63843
63843
63844
63845
63846
63846
63847
63848
63848
63849
63850
63850
63851
63852
63853
63853
63854
63855
63855
63856
63857
63857
63858
63859
63860
63860
63861
63862
63862
63863
63864
63864
63865
63866
63867
63867
63868
63869
63869
63870
63871
63871
63872
63873
63874
63874
63875
63876
63876
63877
63878
63878
63879
63880
63881
63881
63882
63883
63883
63884
63885
63885
63886
63887
63888
63888
63889
63890
63890
63891
63892
63892
63893
63894
63895
63895
63896
63897
63897
63898
63899
63899
63900
63901
63902
63902
63903
63904
63904
63905
63906
63906
63907
63908
63909
63909
63910
63911
63911
63912
63913
63913
63914
63915
63916
63916
63917
63918
63918
63919
63920
63920
63921
63922
63923
63923
63924
63925
63925
63926
63927
63927
63928
63929
63930
63930
63931
63932
63932
63933
63934
63934
63935
63936
63937
63937
63938
63939
63939
63940
63941
63941
63942
63943
63944
63944
63945
63946
63946
63947
63948
63948
63949
63950
63951
63951
63952
63953
63953
63954
63955
63955
63956
63957
63958
63958
63959
63960
63960
63961
63962
63962
63963
63964
63965
63965
63966
63967
63967
63968
63969
63969
63970
63971
63972
63972
63973
63974
63974
63975
63976
63976
63977
63978
63979
63979
63980
63981
63981
63982
63983
63983
63984
63985
63986
63986
63987
63988
63988
63989
63990
63990
63991
63992
63993
63993
63994
63995
63995
63996
63997
63997
63998
63999
64000
64000
64001
64002
64002
64003
64004
64004
64005
64006
64007
64007
64008
64009
64009
64010
64011
64011
64012
64013
64014
64014
64015
64016
64016
64017
64018
64018
64019
64020
64021
64021
64022
64023
64023
64024
64025
64025
64026
64027
64028
64028
64029
64030
64030
64031
64032
64032
64033
64034
64035
64035
64036
64037
64037
64038
64039
64039
64040
64041
64042
64042
64043
64044
64044
64045
64046
64046
64047
64048
64049
64049
64050
64051
64051
64052
64053
64053
64054
64055
64056
64056
64057
64058
64058
64059
64060
64060
64061
64062
64063
64063
64064
64065
64065
64066
64067
64067
64068
64069
64070
64070
64071
64072
64072
64073
64074
64074
64075
64076
64077
64077
64078
64079
64079
64080
64081
64081
64082
64083
64084
64084
64085
64086
64086
64087
64088
64088
64089
64090
64091
64091
64092
64093
64093
64094
64095
64095
64096
64097
64098
64098
64099
64100
64100
64101
64102
64102
