35533
35534
35534
35535
35536
35537
35537
35538
35539
35539
35540
35541
35541
35542
35543
35544
35544
35545
35546
35546
35547
35548
35548
35549
35550
35551
35551
35552
35553
35553
35554
35555
35555
35556
35557
35558
35558
35559
35560
35560
35561
35562
35562
35563
35564
35565
35565
35566
35567
35567
35568
35569
35569
35570
35571
35572
35572
35573
35574
35574
35575
35576
35576
35577
35578
35579
35579
35580
35581
35581
35582
35583
35583
35584
35585
35586
35586
35587
35588
35588
35589
35590
35590
35591
35592
35593
35593
35594
35595
35595
35596
35597
35597
35598
35599
35600
35600
35601
35602
35602
35603
35604
35604
35605
35606
35607
35607
35608
35609
35609
35610
35611
35611
35612
35613
35614
35614
35615
35616
35616
35617
35618
35618
35619
35620
35621
35621
35622
35623
35623
35624
35625
35625
35626
35627
35628
35628
35629
35630
35630
35631
35632
35632
35633
