71032
71032
71033
71034
71034
71035
71036
71037
71037
71038
71039
71039
71040
71041
71041
71042
71043
71044
71044
71045
71046
71046
71047
71048
71048
71049
71050
71051
71051
71052
71053
71053
71054
71055
71055
71056
71057
71058
71058
71059
71060
71060
71061
71062
71062
71063
71064
71065
71065
71066
71067
71067
71068
71069
71069
71070
71071
71072
71072
71073
71074
71074
71075
71076
71076
71077
71078
71079
71079
71080
71081
71081
71082
71083
71083
71084
71085
71086
71086
71087
71088
71088
71089
71090
71090
71091
71092
71093
71093
71094
71095
71095
71096
71097
71097
71098
71099
71100
71100
71101
71102
71102
71103
71104
71104
71105
71106
71107
71107
71108
71109
71109
71110
71111
71111
71112
71113
71114
71114
71115
71116
71116
71117
71118
71118
71119
71120
71121
71121
71122
71123
71123
71124
71125
71125
71126
71127
71128
71128
71129
71130
71130
71131
71132
71132
71133
71134
71135
71135
71136
71137
71137
71138
71139
71139
71140
71141
71142
71142
71143
71144
71144
71145
71146
71146
71147
71148
71149
71149
71150
71151
71151
71152
71153
71153
71154
71155
71156
71156
71157
71158
71158
71159
71160
71160
71161
71162
71163
71163
71164
71165
71165
71166
71167
71167
71168
71169
71170
71170
71171
71172
71172
71173
71174
71174
71175
71176
71177
71177
71178
71179
71179
71180
71181
71181
71182
71183
71184
71184
71185
71186
71186
71187
71188
71188
71189
71190
71191
71191
71192
71193
71193
71194
71195
71195
71196
71197
71198
71198
71199
71200
71200
71201
71202
71202
71203
71204
71205
71205
71206
71207
71207
71208
71209
71209
71210
71211
71212
71212
71213
71214
71214
71215
71216
71216
71217
71218
71219
71219
71220
71221
71221
71222
71223
71223
71224
71225
71226
71226
71227
71228
71228
71229
71230
71230
71231
71232
71233
71233
71234
71235
71235
71236
71237
71237
71238
71239
71240
71240
71241
71242
71242
71243
