4342.6
4343.3
4344
4344.7
4345.4
4346.1
4346.8
4347.5
4348.2
4348.9
4349.6
4350.3
4351
4351.7
4352.4
4353.1
4353.8
4354.5
4355.2
4355.9
4356.6
4357.3
4358
4358.7
4359.4
4360.1
4360.8
4361.5
4362.2
4362.9
4363.6
4364.3
4365
4365.7
4366.4
4367.1
4367.8
4368.5
4369.2
4369.9
4370.6
4371.3
4372
4372.7
4373.4
4374.1
4374.8
4375.5
4376.2
4376.9
4377.6
4378.3
4379
4379.7
4380.4
4381.1
4381.8
4382.5
4383.2
4383.9
4384.6
4385.3
4386
4386.7
4387.4
4388.1
4388.8
4389.5
4390.2
4390.9
4391.6
4392.3
4393
4393.7
4394.4
4395.1
4395.8
4396.5
4397.2
4397.9
4398.6
4399.3
4400
4400.7
4401.4
4402.1
4402.8
4403.5
4404.2
4404.9
4405.6
4406.3
4407
4407.7
4408.4
4409.1
4409.8
4410.5
4411.2
4411.9
4412.6
4413.3
4414
4414.7
4415.4
4416.1
4416.8
4417.5
4418.2
4418.9
4419.6
4420.3
4421
4421.7
4422.4
4423.1
4423.8
4424.5
4425.2
4425.9
4426.6
4427.3
4428
4428.7
4429.4
4430.1
4430.8
4431.5
4432.2
4432.9
4433.6
4434.3
4435
4435.7
4436.4
4437.1
4437.8
4438.5
4439.2
4439.9
4440.6
4441.3
4442
4442.7
4443.4
4444.1
4444.8
4445.5
4446.2
4446.9
4447.6
4448.3
4449
4449.7
4450.4
4451.1
4451.8
4452.5
4453.2
4453.9
4454.6
4455.3
4456
4456.7
4457.4
4458.1
4458.8
4459.5
4460.2
4460.9
4461.6
4462.3
4463
4463.7
4464.4
4465.1
4465.8
4466.5
4467.2
4467.9
4468.6
4469.3
4470
4470.7
4471.4
4472.1
4472.8
4473.5
4474.2
4474.9
4475.6
4476.3
4477
4477.7
4478.4
4479.1
4479.8
4480.5
4481.2
4481.9
4482.6
4483.3
4484
4484.7
4485.4
4486.1
4486.8
4487.5
4488.2
4488.9
4489.6
4490.3
4491
4491.7
4492.4
4493.1
4493.8
4494.5
4495.2
4495.9
4496.6
4497.3
4498
4498.7
4499.4
4500.1
4500.8
4501.5
4502.2
4502.9
4503.6
4504.3
4505
4505.7
4506.4
4507.1
4507.8
4508.5
4509.2
4509.9
4510.6
4511.3
4512
4512.7
4513.4
4514.1
4514.8
4515.5
4516.2
4516.9
4517.6
4518.3
4519
4519.7
4520.4
4521.1
4521.8
4522.5
4523.2
4523.9
4524.6
4525.3
4526
4526.7
4527.4
4528.1
4528.8
4529.5
4530.2
4530.9
4531.6
4532.3
4533
