46.663	46.627	46.591	46.555	46.518	46.482	46.446	46.41	46.374	46.337	46.301	46.265	46.229	46.192	46.156	46.12	46.083	46.047	46.01	45.974	45.938	45.901	45.865	45.828	45.792	45.755	45.719	45.682	45.646	45.609	45.573	45.536	45.5	45.463	45.427	45.39	45.354	45.317	45.28	45.244	45.207	45.17	45.134	45.097	45.06	45.024	44.987	44.95	44.913	44.877	44.84	44.803	44.766	44.729	44.693	44.656	44.619	44.582	44.545	44.508	44.471	44.435	44.398	44.361	44.324	44.287	44.25	44.213	44.176	44.139	44.102	44.065	44.028
46.634	46.598	46.561	46.525	46.489	46.453	46.417	46.381	46.344	46.308	46.272	46.236	46.199	46.163	46.127	46.09	46.054	46.018	45.981	45.945	45.909	45.872	45.836	45.799	45.763	45.727	45.69	45.654	45.617	45.581	45.544	45.508	45.471	45.435	45.398	45.361	45.325	45.288	45.252	45.215	45.178	45.142	45.105	45.068	45.032	44.995	44.958	44.922	44.885	44.848	44.811	44.775	44.738	44.701	44.664	44.627	44.591	44.554	44.517	44.48	44.443	44.406	44.369	44.332	44.295	44.259	44.222	44.185	44.148	44.111	44.074	44.037	44
46.604	46.568	46.532	46.496	46.46	46.424	46.388	46.352	46.315	46.279	46.243	46.207	46.17	46.134	46.098	46.062	46.025	45.989	45.953	45.916	45.88	45.843	45.807	45.771	45.734	45.698	45.661	45.625	45.589	45.552	45.516	45.479	45.443	45.406	45.369	45.333	45.296	45.26	45.223	45.187	45.15	45.113	45.077	45.04	45.003	44.967	44.93	44.893	44.857	44.82	44.783	44.746	44.71	44.673	44.636	44.599	44.562	44.526	44.489	44.452	44.415	44.378	44.341	44.304	44.267	44.231	44.194	44.157	44.12	44.083	44.046	44.009	43.972
46.575	46.539	46.503	46.467	46.431	46.395	46.358	46.322	46.286	46.25	46.214	46.177	46.141	46.105	46.069	46.032	45.996	45.96	45.924	45.887	45.851	45.815	45.778	45.742	45.705	45.669	45.633	45.596	45.56	45.523	45.487	45.45	45.414	45.377	45.341	45.304	45.268	45.231	45.195	45.158	45.121	45.085	45.048	45.011	44.975	44.938	44.901	44.865	44.828	44.791	44.755	44.718	44.681	44.644	44.608	44.571	44.534	44.497	44.46	44.424	44.387	44.35	44.313	44.276	44.239	44.202	44.165	44.128	44.092	44.055	44.018	43.981	43.944
46.546	46.51	46.474	46.438	46.402	46.366	46.33	46.294	46.257	46.221	46.185	46.149	46.113	46.076	46.04	46.004	45.968	45.931	45.895	45.859	45.822	45.786	45.75	45.713	45.677	45.641	45.604	45.568	45.531	45.495	45.458	45.422	45.386	45.349	45.313	45.276	45.239	45.203	45.166	45.13	45.093	45.057	45.02	44.983	44.947	44.91	44.873	44.837	44.8	44.763	44.727	44.69	44.653	44.616	44.58	44.543	44.506	44.469	44.433	44.396	44.359	44.322	44.285	44.248	44.212	44.175	44.138	44.101	44.064	44.027	43.99	43.953	43.916
46.517	46.481	46.445	46.409	46.373	46.337	46.301	46.265	46.229	46.192	46.156	46.12	46.084	46.048	46.011	45.975	45.939	45.903	45.866	45.83	45.794	45.757	45.721	45.685	45.648	45.612	45.576	45.539	45.503	45.466	45.43	45.394	45.357	45.321	45.284	45.248	45.211	45.175	45.138	45.101	45.065	45.028	44.992	44.955	44.918	44.882	44.845	44.809	44.772	44.735	44.699	44.662	44.625	44.588	44.552	44.515	44.478	44.441	44.405	44.368	44.331	44.294	44.257	44.221	44.184	44.147	44.11	44.073	44.036	43.999	43.962	43.925	43.888
46.488	46.452	46.416	46.38	46.344	46.308	46.272	46.236	46.2	46.164	46.127	46.091	46.055	46.019	45.983	45.946	45.91	45.874	45.838	45.801	45.765	45.729	45.693	45.656	45.62	45.583	45.547	45.511	45.474	45.438	45.402	45.365	45.329	45.292	45.256	45.219	45.183	45.146	45.11	45.073	45.037	45	44.963	44.927	44.89	44.854	44.817	44.78	44.744	44.707	44.67	44.634	44.597	44.56	44.524	44.487	44.45	44.413	44.377	44.34	44.303	44.266	44.229	44.193	44.156	44.119	44.082	44.045	44.008	43.971	43.934	43.898	43.861
46.459	46.423	46.387	46.351	46.315	46.279	46.243	46.207	46.171	46.135	46.099	46.063	46.026	45.99	45.954	45.918	45.882	45.845	45.809	45.773	45.737	45.7	45.664	45.628	45.591	45.555	45.519	45.482	45.446	45.41	45.373	45.337	45.3	45.264	45.227	45.191	45.154	45.118	45.081	45.045	45.008	44.972	44.935	44.899	44.862	44.826	44.789	44.752	44.716	44.679	44.642	44.606	44.569	44.532	44.496	44.459	44.422	44.385	44.349	44.312	44.275	44.238	44.202	44.165	44.128	44.091	44.054	44.017	43.981	43.944	43.907	43.87	43.833
46.431	46.395	46.359	46.323	46.287	46.251	46.214	46.178	46.142	46.106	46.07	46.034	45.998	45.962	45.926	45.889	45.853	45.817	45.781	45.744	45.708	45.672	45.636	45.599	45.563	45.527	45.49	45.454	45.418	45.381	45.345	45.309	45.272	45.236	45.199	45.163	45.126	45.09	45.053	45.017	44.98	44.944	44.907	44.871	44.834	44.798	44.761	44.725	44.688	44.651	44.615	44.578	44.541	44.505	44.468	44.431	44.394	44.358	44.321	44.284	44.248	44.211	44.174	44.137	44.1	44.064	44.027	43.99	43.953	43.916	43.879	43.842	43.805
46.402	46.366	46.33	46.294	46.258	46.222	46.186	46.15	46.114	46.078	46.042	46.005	45.969	45.933	45.897	45.861	45.825	45.788	45.752	45.716	45.68	45.644	45.607	45.571	45.535	45.498	45.462	45.426	45.389	45.353	45.317	45.28	45.244	45.208	45.171	45.135	45.098	45.062	45.025	44.989	44.952	44.916	44.879	44.843	44.806	44.77	44.733	44.697	44.66	44.623	44.587	44.55	44.513	44.477	44.44	44.403	44.367	44.33	44.293	44.257	44.22	44.183	44.146	44.11	44.073	44.036	43.999	43.962	43.925	43.889	43.852	43.815	43.778
46.373	46.337	46.301	46.265	46.229	46.193	46.157	46.121	46.085	46.049	46.013	45.977	45.941	45.905	45.869	45.832	45.796	45.76	45.724	45.688	45.652	45.615	45.579	45.543	45.507	45.47	45.434	45.398	45.361	45.325	45.289	45.252	45.216	45.18	45.143	45.107	45.07	45.034	44.997	44.961	44.924	44.888	44.851	44.815	44.778	44.742	44.705	44.669	44.632	44.596	44.559	44.522	44.486	44.449	44.412	44.376	44.339	44.302	44.266	44.229	44.192	44.156	44.119	44.082	44.045	44.008	43.972	43.935	43.898	43.861	43.824	43.787	43.751
46.344	46.308	46.272	46.237	46.201	46.165	46.129	46.093	46.057	46.02	45.984	45.948	45.912	45.876	45.84	45.804	45.768	45.732	45.695	45.659	45.623	45.587	45.551	45.514	45.478	45.442	45.406	45.369	45.333	45.297	45.26	45.224	45.188	45.151	45.115	45.078	45.042	45.006	44.969	44.933	44.896	44.86	44.823	44.787	44.75	44.714	44.677	44.641	44.604	44.568	44.531	44.494	44.458	44.421	44.384	44.348	44.311	44.275	44.238	44.201	44.164	44.128	44.091	44.054	44.018	43.981	43.944	43.907	43.87	43.834	43.797	43.76	43.723
46.316	46.28	46.244	46.208	46.172	46.136	46.1	46.064	46.028	45.992	45.956	45.92	45.884	45.848	45.812	45.776	45.739	45.703	45.667	45.631	45.595	45.559	45.522	45.486	45.45	45.414	45.377	45.341	45.305	45.269	45.232	45.196	45.16	45.123	45.087	45.05	45.014	44.978	44.941	44.905	44.868	44.832	44.795	44.759	44.722	44.686	44.649	44.613	44.576	44.54	44.503	44.467	44.43	44.393	44.357	44.32	44.284	44.247	44.21	44.174	44.137	44.1	44.063	44.027	43.99	43.953	43.916	43.88	43.843	43.806	43.769	43.732	43.696
46.287	46.251	46.215	46.179	46.143	46.107	46.071	46.035	45.999	45.963	45.927	45.891	45.855	45.819	45.783	45.747	45.711	45.675	45.639	45.603	45.566	45.53	45.494	45.458	45.422	45.385	45.349	45.313	45.277	45.24	45.204	45.168	45.131	45.095	45.059	45.022	44.986	44.95	44.913	44.877	44.84	44.804	44.767	44.731	44.695	44.658	44.622	44.585	44.548	44.512	44.475	44.439	44.402	44.366	44.329	44.292	44.256	44.219	44.183	44.146	44.109	44.072	44.036	43.999	43.962	43.926	43.889	43.852	43.815	43.779	43.742	43.705	43.668
46.258	46.222	46.187	46.151	46.115	46.079	46.043	46.007	45.971	45.935	45.899	45.863	45.827	45.791	45.755	45.719	45.683	45.646	45.61	45.574	45.538	45.502	45.466	45.43	45.393	45.357	45.321	45.285	45.248	45.212	45.176	45.14	45.103	45.067	45.031	44.994	44.958	44.922	44.885	44.849	44.812	44.776	44.74	44.703	44.667	44.63	44.594	44.557	44.521	44.484	44.448	44.411	44.374	44.338	44.301	44.265	44.228	44.192	44.155	44.118	44.082	44.045	44.008	43.972	43.935	43.898	43.861	43.825	43.788	43.751	43.714	43.678	43.641
46.23	46.194	46.158	46.122	46.086	46.05	46.014	45.978	45.942	45.906	45.87	45.834	45.798	45.762	45.726	45.69	45.654	45.618	45.582	45.546	45.51	45.474	45.438	45.401	45.365	45.329	45.293	45.257	45.22	45.184	45.148	45.112	45.075	45.039	45.003	44.966	44.93	44.894	44.857	44.821	44.784	44.748	44.712	44.675	44.639	44.602	44.566	44.529	44.493	44.456	44.42	44.383	44.347	44.31	44.274	44.237	44.2	44.164	44.127	44.091	44.054	44.017	43.981	43.944	43.907	43.871	43.834	43.797	43.76	43.724	43.687	43.65	43.613
46.201	46.165	46.129	46.093	46.057	46.021	45.986	45.95	45.914	45.878	45.842	45.806	45.77	45.734	45.698	45.662	45.626	45.59	45.554	45.517	45.481	45.445	45.409	45.373	45.337	45.301	45.264	45.228	45.192	45.156	45.119	45.083	45.047	45.011	44.974	44.938	44.902	44.865	44.829	44.793	44.756	44.72	44.684	44.647	44.611	44.574	44.538	44.501	44.465	44.428	44.392	44.355	44.319	44.282	44.246	44.209	44.173	44.136	44.099	44.063	44.026	43.99	43.953	43.916	43.88	43.843	43.806	43.77	43.733	43.696	43.659	43.623	43.586
46.172	46.136	46.1	46.064	46.029	45.993	45.957	45.921	45.885	45.849	45.813	45.777	45.741	45.705	45.669	45.633	45.597	45.561	45.525	45.489	45.453	45.417	45.381	45.344	45.308	45.272	45.236	45.2	45.164	45.127	45.091	45.055	45.019	44.982	44.946	44.91	44.874	44.837	44.801	44.765	44.728	44.692	44.655	44.619	44.583	44.546	44.51	44.473	44.437	44.4	44.364	44.327	44.291	44.254	44.218	44.181	44.145	44.108	44.072	44.035	43.998	43.962	43.925	43.889	43.852	43.815	43.779	43.742	43.705	43.668	43.632	43.595	43.558
46.143	46.107	46.072	46.036	46	45.964	45.928	45.892	45.856	45.821	45.785	45.749	45.713	45.677	45.641	45.605	45.569	45.533	45.497	45.461	45.424	45.388	45.352	45.316	45.28	45.244	45.208	45.172	45.135	45.099	45.063	45.027	44.991	44.954	44.918	44.882	44.845	44.809	44.773	44.737	44.7	44.664	44.627	44.591	44.555	44.518	44.482	44.445	44.409	44.373	44.336	44.3	44.263	44.227	44.19	44.154	44.117	44.081	44.044	44.007	43.971	43.934	43.898	43.861	43.824	43.788	43.751	43.714	43.678	43.641	43.604	43.567	43.531
46.114	46.079	46.043	46.007	45.971	45.935	45.899	45.864	45.828	45.792	45.756	45.72	45.684	45.648	45.612	45.576	45.54	45.504	45.468	45.432	45.396	45.36	45.324	45.288	45.252	45.216	45.179	45.143	45.107	45.071	45.035	44.999	44.962	44.926	44.89	44.854	44.817	44.781	44.745	44.709	44.672	44.636	44.599	44.563	44.527	44.49	44.454	44.418	44.381	44.345	44.308	44.272	44.235	44.199	44.162	44.126	44.089	44.053	44.016	43.98	43.943	43.906	43.87	43.833	43.797	43.76	43.723	43.687	43.65	43.613	43.577	43.54	43.503
46.085	46.05	46.014	45.978	45.942	45.906	45.871	45.835	45.799	45.763	45.727	45.691	45.655	45.619	45.583	45.547	45.511	45.475	45.439	45.403	45.367	45.331	45.295	45.259	45.223	45.187	45.151	45.115	45.079	45.042	45.006	44.97	44.934	44.898	44.861	44.825	44.789	44.753	44.716	44.68	44.644	44.608	44.571	44.535	44.498	44.462	44.426	44.389	44.353	44.317	44.28	44.244	44.207	44.171	44.134	44.098	44.061	44.025	43.988	43.952	43.915	43.879	43.842	43.805	43.769	43.732	43.696	43.659	43.622	43.586	43.549	43.512	43.475
46.056	46.021	45.985	45.949	45.913	45.877	45.842	45.806	45.77	45.734	45.698	45.662	45.626	45.59	45.555	45.519	45.483	45.447	45.411	45.375	45.339	45.303	45.267	45.231	45.194	45.158	45.122	45.086	45.05	45.014	44.978	44.942	44.905	44.869	44.833	44.797	44.761	44.724	44.688	44.652	44.615	44.579	44.543	44.507	44.47	44.434	44.397	44.361	44.325	44.288	44.252	44.215	44.179	44.143	44.106	44.07	44.033	43.997	43.96	43.924	43.887	43.851	43.814	43.777	43.741	43.704	43.668	43.631	43.594	43.558	43.521	43.484	43.448
46.027	45.992	45.956	45.92	45.884	45.849	45.813	45.777	45.741	45.705	45.669	45.634	45.598	45.562	45.526	45.49	45.454	45.418	45.382	45.346	45.31	45.274	45.238	45.202	45.166	45.13	45.094	45.058	45.022	44.985	44.949	44.913	44.877	44.841	44.805	44.768	44.732	44.696	44.66	44.624	44.587	44.551	44.515	44.478	44.442	44.406	44.369	44.333	44.297	44.26	44.224	44.187	44.151	44.115	44.078	44.042	44.005	43.969	43.932	43.896	43.859	43.823	43.786	43.75	43.713	43.676	43.64	43.603	43.567	43.53	43.493	43.457	43.42
45.998	45.962	45.927	45.891	45.855	45.819	45.784	45.748	45.712	45.676	45.64	45.604	45.569	45.533	45.497	45.461	45.425	45.389	45.353	45.317	45.281	45.245	45.209	45.173	45.137	45.101	45.065	45.029	44.993	44.957	44.921	44.884	44.848	44.812	44.776	44.74	44.704	44.667	44.631	44.595	44.559	44.522	44.486	44.45	44.414	44.377	44.341	44.305	44.268	44.232	44.195	44.159	44.123	44.086	44.05	44.013	43.977	43.941	43.904	43.868	43.831	43.795	43.758	43.721	43.685	43.648	43.612	43.575	43.539	43.502	43.465	43.429	43.392
