62071
62072
62073
62073
62074
62075
62075
62076
62077
62078
62078
62079
62080
62080
62081
62082
62082
62083
62084
62085
62085
62086
62087
62087
62088
62089
62089
62090
62091
62092
62092
62093
62094
62094
62095
62096
62096
62097
62098
62099
62099
62100
62101
62101
62102
62103
62103
62104
62105
62106
62106
62107
62108
62108
62109
62110
62110
62111
62112
62113
62113
62114
62115
62115
62116
62117
62117
62118
62119
62120
62120
62121
62122
62122
62123
62124
62124
62125
62126
62127
62127
62128
62129
62129
62130
62131
62131
62132
62133
62134
62134
62135
62136
62136
62137
62138
62138
62139
62140
62141
62141
62142
62143
62143
62144
62145
62145
62146
62147
62148
62148
62149
62150
62150
62151
62152
62152
62153
62154
62155
62155
62156
62157
62157
62158
62159
62159
62160
62161
62162
62162
62163
62164
62164
62165
62166
62166
62167
62168
62169
62169
62170
62171
62171
62172
62173
62173
62174
62175
62176
62176
62177
62178
62178
62179
62180
62180
62181
62182
62183
62183
62184
62185
62185
62186
62187
62187
62188
62189
62190
62190
62191
62192
62192
62193
62194
62194
62195
62196
62197
62197
62198
62199
62199
62200
62201
62201
62202
62203
62204
62204
62205
62206
62206
62207
62208
62208
62209
