53298
53299
53299
53300
53301
53302
53302
53303
53304
53304
53305
53306
53306
53307
53308
53309
53309
53310
53311
53311
53312
53313
53313
53314
53315
53316
53316
53317
53318
53318
53319
53320
53320
53321
53322
53323
53323
53324
53325
53325
53326
53327
53327
53328
53329
53330
53330
53331
53332
53332
53333
53334
53334
53335
53336
53337
53337
53338
53339
53339
53340
53341
53341
53342
53343
53344
53344
53345
53346
53346
53347
53348
53348
53349
53350
53351
53351
53352
53353
53353
53354
53355
53355
53356
53357
53358
53358
53359
53360
53360
53361
53362
53362
53363
53364
53365
53365
53366
53367
53367
53368
53369
53369
53370
53371
53372
53372
53373
53374
53374
53375
53376
53376
53377
53378
53379
53379
53380
53381
53381
53382
53383
53383
53384
53385
53386
53386
53387
53388
53388
53389
53390
53390
53391
53392
53393
53393
53394
53395
53395
53396
53397
53397
53398
53399
53400
53400
53401
53402
53402
53403
53404
53404
53405
53406
53407
53407
53408
53409
53409
53410
53411
53411
53412
53413
53414
53414
53415
53416
53416
53417
53418
53418
53419
53420
53421
53421
53422
53423
53423
53424
53425
53425
53426
53427
53428
53428
53429
53430
53430
53431
53432
53432
53433
53434
53435
53435
53436
53437
53437
53438
53439
53439
53440
53441
53442
53442
53443
53444
53444
53445
53446
53446
53447
53448
53449
53449
53450
53451
53451
53452
53453
53453
53454
53455
53456
53456
53457
53458
53458
53459
53460
53460
53461
53462
53463
53463
53464
53465
53465
53466
53467
53467
53468
53469
53470
53470
53471
53472
53472
53473
53474
53474
53475
53476
53477
53477
53478
53479
53479
53480
53481
53481
53482
53483
53484
53484
53485
53486
53486
53487
53488
53488
53489
53490
53491
53491
53492
53493
53493
53494
53495
53495
53496
53497
53498
53498
53499
53500
53500
53501
53502
53502
53503
53504
53505
53505
53506
53507
53507
53508
53509
53509
53510
53511
53512
53512
53513
53514
53514
53515
53516
53516
53517
53518
53519
53519
53520
53521
53521
53522
53523
53523
53524
53525
53526
53526
53527
53528
53528
53529
53530
53530
53531
53532
53533
53533
53534
53535
53535
53536
53537
53537
53538
53539
53540
53540
53541
53542
53542
53543
53544
53544
53545
53546
53547
53547
53548
53549
53549
53550
53551
53551
53552
53553
53554
53554
53555
53556
53556
53557
53558
53558
53559
53560
53561
53561
53562
53563
53563
53564
53565
53565
53566
53567
53568
53568
53569
53570
53570
53571
53572
53572
53573
53574
53575
53575
53576
53577
53577
53578
53579
53579
53580
53581
53582
53582
53583
53584
53584
53585
53586
53586
53587
53588
53589
53589
53590
53591
53591
53592
53593
53593
53594
53595
53596
53596
53597
53598
53598
53599
53600
53600
53601
53602
53603
53603
53604
53605
53605
53606
53607
53607
53608
53609
53610
53610
53611
53612
53612
53613
53614
53614
53615
53616
53617
53617
53618
53619
53619
53620
53621
53621
53622
53623
53624
53624
53625
53626
53626
53627
53628
53628
53629
53630
53631
53631
53632
53633
53633
53634
53635
53635
53636
53637
53638
53638
53639
53640
53640
53641
53642
53642
53643
53644
53645
53645
53646
53647
53647
53648
53649
53649
53650
53651
53652
53652
53653
53654
53654
53655
53656
53656
53657
53658
53659
53659
53660
53661
53661
53662
53663
53663
53664
53665
53666
53666
53667
53668
53668
53669
53670
53670
53671
53672
53673
53673
53674
53675
53675
53676
53677
53677
53678
53679
53680
53680
53681
53682
53682
53683
53684
53684
53685
53686
53687
53687
53688
53689
53689
53690
53691
53691
53692
53693
53694
53694
53695
53696
53696
53697
53698
53698
53699
53700
53701
53701
53702
53703
53703
53704
53705
53705
53706
53707
53708
53708
53709
53710
53710
53711
53712
53712
53713
53714
53715
53715
53716
53717
53717
53718
53719
53719
53720
53721
53722
53722
53723
53724
