27024
27024
27025
27026
27026
27027
27028
27029
27029
27030
27031
27031
27032
27033
27033
27034
27035
27036
27036
27037
27038
27038
27039
27040
27040
27041
27042
27043
27043
27044
27045
27045
27046
27047
27047
27048
27049
27050
27050
27051
27052
27052
27053
27054
27054
27055
27056
27057
27057
27058
27059
27059
27060
27061
27061
27062
27063
27064
27064
27065
27066
27066
27067
27068
27068
27069
27070
27071
27071
27072
27073
27073
27074
27075
27075
27076
27077
27078
27078
27079
27080
27080
27081
27082
27082
27083
27084
27085
27085
27086
27087
27087
27088
27089
27089
27090
27091
27092
27092
27093
27094
27094
27095
27096
27096
27097
27098
27099
27099
27100
27101
27101
27102
27103
27103
27104
27105
27106
27106
27107
27108
27108
27109
27110
27110
27111
27112
27113
27113
27114
27115
27115
27116
27117
27117
27118
27119
27120
27120
27121
27122
27122
27123
27124
27124
27125
27126
27127
27127
27128
27129
27129
27130
27131
27131
27132
27133
27134
27134
27135
27136
27136
27137
27138
27138
27139
27140
27141
27141
27142
27143
27143
27144
27145
27145
27146
27147
27148
27148
27149
27150
27150
27151
27152
27152
27153
27154
27155
27155
27156
27157
27157
27158
27159
27159
27160
27161
27162
27162
27163
27164
27164
27165
27166
27166
27167
27168
27169
27169
27170
27171
27171
27172
27173
27173
27174
27175
27176
27176
27177
27178
27178
27179
27180
27180
27181
27182
27183
27183
27184
27185
27185
27186
27187
27187
27188
27189
27190
27190
27191
27192
27192
27193
27194
27194
27195
27196
27197
27197
27198
27199
27199
27200
27201
27201
27202
27203
27204
27204
27205
27206
27206
27207
27208
27208
27209
27210
27211
27211
27212
27213
27213
27214
27215
27215
27216
27217
27218
27218
27219
27220
27220
27221
27222
27222
27223
27224
27225
27225
27226
27227
27227
27228
27229
27229
27230
27231
27232
27232
27233
27234
27234
27235
27236
27236
27237
27238
27239
27239
27240
27241
27241
27242
27243
27243
27244
27245
27246
27246
27247
27248
27248
27249
27250
27250
27251
27252
27253
27253
27254
27255
27255
27256
27257
27257
27258
27259
27260
27260
27261
27262
27262
27263
27264
27264
27265
27266
27267
27267
27268
27269
27269
27270
27271
27271
27272
27273
27274
27274
27275
27276
27276
27277
27278
27278
27279
27280
27281
27281
27282
27283
27283
27284
27285
27285
27286
27287
27288
27288
27289
27290
27290
27291
27292
27292
27293
27294
27295
27295
27296
27297
27297
27298
27299
27299
27300
