85690
85690
85691
85692
85692
85693
85694
85695
85695
85696
85697
85697
85698
85699
85699
85700
85701
85702
85702
85703
85704
85704
85705
85706
85706
85707
85708
85709
85709
85710
85711
85711
85712
85713
85713
85714
85715
85716
85716
85717
85718
85718
85719
85720
85720
85721
85722
85723
85723
85724
85725
85725
85726
85727
85727
85728
85729
85730
85730
85731
85732
85732
85733
85734
85734
85735
85736
85737
85737
85738
85739
85739
85740
85741
85741
85742
85743
85744
85744
85745
85746
85746
85747
85748
85748
85749
85750
85751
85751
85752
85753
85753
85754
85755
85755
85756
85757
85758
85758
85759
85760
85760
85761
85762
85762
85763
85764
85765
85765
85766
85767
85767
85768
85769
85769
85770
85771
