44376
44376
44377
44378
44378
44379
44380
44380
44381
44382
44383
44383
44384
44385
44385
44386
44387
44387
44388
44389
44390
44390
44391
44392
44392
44393
44394
44394
44395
44396
44397
44397
44398
44399
44399
44400
44401
44401
44402
44403
44404
44404
44405
44406
44406
44407
44408
44408
44409
44410
44411
44411
44412
44413
44413
44414
44415
44415
44416
44417
44418
44418
44419
44420
44420
44421
44422
44422
44423
44424
44425
44425
44426
44427
44427
44428
44429
44429
44430
44431
44432
44432
44433
44434
44434
44435
44436
44436
44437
44438
44439
44439
44440
44441
