84362
84363
84364
84364
84365
84366
84367
84367
84368
84369
84369
84370
84371
84371
84372
84373
84374
84374
84375
84376
84376
84377
84378
84378
84379
84380
84381
84381
84382
84383
84383
84384
84385
84385
84386
84387
84388
84388
84389
84390
84390
84391
84392
84392
84393
84394
84395
84395
84396
84397
84397
84398
84399
84399
84400
84401
84402
84402
84403
84404
84404
84405
84406
84406
84407
84408
84409
84409
84410
84411
84411
84412
84413
84413
84414
84415
84416
84416
84417
84418
84418
84419
84420
84420
84421
84422
84423
84423
84424
84425
84425
84426
84427
84427
84428
84429
84430
84430
84431
84432
84432
84433
84434
84434
84435
84436
84437
84437
84438
84439
84439
84440
84441
84441
84442
84443
84444
84444
84445
84446
84446
84447
84448
84448
84449
84450
84451
84451
84452
84453
84453
84454
84455
84455
84456
84457
84458
84458
84459
84460
84460
84461
84462
84462
84463
84464
84465
84465
84466
84467
84467
84468
84469
84469
84470
84471
84472
84472
84473
84474
84474
