54780
54780
54781
54782
54782
54783
54784
54784
54785
54786
54787
54787
54788
54789
54789
54790
54791
54791
54792
54793
54794
54794
54795
54796
54796
54797
54798
54798
54799
54800
54801
54801
54802
54803
54803
54804
54805
54805
54806
54807
54808
54808
54809
54810
54810
54811
54812
54812
54813
54814
54815
54815
54816
54817
54817
54818
54819
54819
54820
54821
54822
54822
54823
54824
54824
54825
54826
54826
54827
54828
54829
54829
54830
54831
54831
54832
54833
54833
54834
54835
54836
54836
54837
54838
54838
54839
54840
54840
54841
54842
54843
54843
54844
54845
54845
54846
54847
54847
54848
54849
54850
54850
54851
54852
54852
54853
54854
54854
54855
54856
54857
54857
54858
54859
54859
54860
54861
54861
54862
54863
54864
54864
54865
54866
54866
54867
54868
54868
54869
54870
54871
54871
54872
54873
54873
54874
54875
54875
54876
54877
54878
54878
54879
54880
54880
54881
54882
54882
54883
54884
54885
54885
54886
54887
54887
54888
54889
54889
54890
54891
54892
54892
54893
54894
54894
54895
54896
54896
54897
54898
54899
54899
54900
54901
54901
54902
54903
54903
54904
54905
54906
54906
54907
54908
54908
54909
54910
54910
54911
54912
54913
54913
54914
54915
54915
54916
54917
54917
54918
54919
54920
54920
54921
54922
54922
54923
54924
54924
54925
54926
54927
54927
54928
54929
54929
54930
54931
54931
54932
54933
54934
54934
54935
54936
54936
54937
54938
54938
54939
54940
54941
54941
54942
54943
54943
54944
54945
54945
54946
54947
54948
54948
54949
54950
54950
54951
54952
54952
54953
54954
54955
54955
54956
54957
54957
54958
54959
54959
54960
54961
54962
54962
54963
54964
54964
54965
54966
54966
54967
54968
54969
54969
54970
54971
54971
54972
54973
54973
54974
54975
54976
54976
54977
54978
54978
54979
54980
54980
54981
54982
54983
54983
54984
54985
54985
54986
54987
54987
54988
54989
54990
54990
54991
54992
54992
54993
54994
54994
54995
54996
54997
54997
54998
54999
54999
55000
55001
55001
55002
55003
55004
55004
55005
55006
55006
55007
