16523
16524
16525
16525
16526
16527
16528
16528
16529
16530
16530
16531
16532
16532
16533
16534
16535
16535
16536
16537
16537
16538
16539
16539
16540
16541
16542
16542
16543
16544
16544
16545
16546
16546
16547
16548
16549
16549
16550
16551
16551
16552
16553
16553
16554
16555
16556
16556
16557
16558
16558
16559
16560
16560
16561
16562
16563
16563
16564
16565
16565
16566
16567
16567
16568
16569
16570
16570
16571
16572
16572
16573
16574
16574
16575
16576
16577
16577
16578
16579
16579
16580
16581
16581
16582
16583
16584
16584
16585
16586
16586
16587
16588
16588
16589
16590
16591
16591
16592
16593
16593
16594
16595
16595
16596
16597
16598
16598
16599
16600
16600
16601
16602
16602
16603
16604
16605
16605
16606
16607
16607
16608
16609
16609
16610
16611
16612
16612
16613
16614
16614
16615
16616
16616
16617
16618
16619
16619
16620
16621
16621
16622
16623
16623
16624
16625
16626
16626
16627
16628
16628
16629
16630
16630
16631
16632
16633
16633
16634
16635
16635
16636
16637
16637
16638
16639
16640
16640
16641
16642
16642
16643
16644
16644
16645
16646
16647
16647
16648
16649
16649
16650
16651
16651
16652
16653
16654
16654
16655
16656
16656
16657
16658
16658
16659
16660
16661
16661
16662
16663
16663
16664
16665
16665
16666
16667
16668
16668
16669
16670
16670
16671
16672
16672
16673
16674
16675
16675
16676
16677
16677
16678
16679
16679
16680
16681
16682
16682
16683
16684
16684
16685
16686
16686
16687
16688
16689
16689
16690
16691
16691
16692
16693
16693
16694
16695
16696
16696
16697
16698
16698
16699
16700
16700
16701
16702
16703
16703
16704
16705
16705
16706
16707
16707
16708
16709
16710
16710
16711
16712
16712
16713
16714
16714
16715
16716
16717
16717
16718
16719
16719
16720
16721
16721
16722
16723
16724
16724
16725
16726
16726
16727
16728
16728
16729
16730
16731
16731
16732
16733
16733
16734
16735
16735
16736
16737
16738
16738
16739
16740
16740
16741
16742
16742
16743
16744
16745
16745
16746
16747
16747
16748
16749
16749
16750
16751
16752
16752
16753
16754
16754
16755
16756
16756
16757
16758
16759
16759
16760
16761
16761
16762
16763
16763
16764
16765
16766
16766
16767
16768
16768
16769
16770
16770
16771
16772
16773
16773
16774
16775
16775
16776
16777
16777
16778
16779
16780
16780
16781
16782
16782
16783
16784
16784
16785
16786
16787
16787
16788
16789
16789
16790
16791
16791
16792
16793
16794
16794
16795
16796
16796
16797
16798
16798
16799
