930.81
931.51
932.21
932.91
933.61
934.31
935.01
935.71
936.41
937.11
937.81
938.51
939.21
939.91
940.61
941.31
942.01
942.71
943.41
944.11
944.81
945.51
946.21
946.91
947.61
948.31
949.01
949.71
950.41
951.11
951.81
952.51
953.21
953.91
954.61
955.31
956.01
956.71
957.41
958.11
958.81
959.51
960.21
960.91
961.61
962.31
963.01
963.71
964.41
965.11
965.81
966.51
967.21
967.91
968.61
969.31
970.01
970.71
971.41
972.11
972.81
973.51
974.21
974.91
975.61
976.31
977.01
977.71
978.41
979.11
979.81
980.51
981.21
981.91
982.61
983.31
984.01
984.71
985.41
986.11
986.81
987.51
988.21
988.91
989.61
990.31
991.01
991.71
992.41
993.11
993.81
994.51
995.21
995.91
996.61
997.31
998.01
998.71
999.41
1000.1
1000.8
1001.5
1002.2
1002.9
1003.6
1004.3
1005
1005.7
1006.4
1007.1
1007.8
1008.5
1009.2
1009.9
1010.6
1011.3
1012
1012.7
1013.4
1014.1
1014.8
1015.5
1016.2
1016.9
1017.6
1018.3
1019
1019.7
1020.4
1021.1
1021.8
1022.5
1023.2
1023.9
1024.6
1025.3
1026
1026.7
1027.4
1028.1
1028.8
1029.5
1030.2
1030.9
1031.6
1032.3
1033
1033.7
1034.4
1035.1
1035.8
1036.5
1037.2
1037.9
1038.6
1039.3
1040
1040.7
1041.4
1042.1
1042.8
1043.5
1044.2
1044.9
1045.6
1046.3
1047
1047.7
1048.4
1049.1
1049.8
1050.5
1051.2
1051.9
1052.6
1053.3
1054
1054.7
1055.4
1056.1
1056.8
1057.5
1058.2
1058.9
1059.6
1060.3
1061
1061.7
1062.4
1063.1
1063.8
1064.5
1065.2
1065.9
1066.6
1067.3
1068
1068.7
1069.4
1070.1
1070.8
1071.5
1072.2
1072.9
1073.6
1074.3
1075
1075.7
1076.4
1077.1
1077.8
1078.5
1079.2
1079.9
1080.6
1081.3
1082
1082.7
1083.4
1084.1
1084.8
1085.5
1086.2
1086.9
1087.6
1088.3
1089
1089.7
1090.4
1091.1
1091.8
1092.5
1093.2
1093.9
1094.6
1095.3
1096
1096.7
1097.4
1098.1
1098.8
1099.5
1100.2
1100.9
1101.6
1102.3
1103
1103.7
1104.4
1105.1
1105.8
1106.5
1107.2
1107.9
1108.6
1109.3
1110
1110.7
1111.4
1112.1
1112.8
1113.5
1114.2
1114.9
1115.6
1116.3
1117
1117.7
1118.4
1119.1
1119.8
1120.5
1121.2
1121.9
1122.6
1123.3
1124
1124.7
1125.4
1126.1
1126.8
1127.5
1128.2
1128.9
1129.6
1130.3
1131
1131.7
1132.4
1133.1
1133.8
1134.5
1135.2
1135.9
1136.6
1137.3
1138
1138.7
1139.4
1140.1
1140.8
1141.5
1142.2
1142.9
1143.6
1144.3
1145
1145.7
1146.4
1147.1
1147.8
1148.5
1149.2
1149.9
1150.6
1151.3
1152
1152.7
1153.4
1154.1
1154.8
1155.5
1156.2
1156.9
1157.6
1158.3
1159
1159.7
1160.4
1161.1
1161.8
1162.5
1163.2
1163.9
1164.6
1165.3
1166
1166.7
1167.4
1168.1
1168.8
1169.5
1170.2
1170.9
1171.6
1172.3
1173
1173.7
1174.4
1175.1
1175.8
1176.5
1177.2
1177.9
1178.6
1179.3
1180
1180.7
1181.4
1182.1
1182.8
1183.5
1184.2
1184.9
1185.6
1186.3
1187
1187.7
1188.4
1189.1
1189.8
1190.5
1191.2
1191.9
1192.6
1193.3
1194
1194.7
1195.4
1196.1
1196.8
1197.5
1198.2
1198.9
1199.6
1200.3
1201
1201.7
1202.4
1203.1
1203.8
1204.5
1205.2
1205.9
1206.6
1207.3
1208
1208.7
1209.4
1210.1
1210.8
1211.5
1212.2
1212.9
1213.6
1214.3
1215
1215.7
1216.4
1217.1
1217.8
1218.5
1219.2
1219.9
1220.6
1221.3
1222
1222.7
1223.4
1224.1
1224.8
1225.5
1226.2
1226.9
1227.6
1228.3
1229
1229.7
1230.4
1231.1
1231.8
1232.5
1233.2
1233.9
1234.6
1235.3
1236
1236.7
1237.4
1238.1
1238.8
1239.5
1240.2
1240.9
1241.6
1242.3
1243
1243.7
1244.4
1245.1
1245.8
1246.5
1247.2
1247.9
1248.6
1249.3
1250
1250.7
1251.4
1252.1
1252.8
1253.5
1254.2
1254.9
1255.6
1256.3
1257
1257.7
