50202
50203
50203
50204
50205
50205
50206
50207
50208
50208
50209
50210
50210
50211
50212
50212
50213
50214
50215
50215
50216
50217
50217
50218
50219
50219
50220
50221
50222
50222
50223
50224
50224
50225
50226
50226
50227
50228
50229
50229
50230
50231
50231
50232
50233
50233
50234
50235
50236
50236
50237
50238
50238
50239
50240
50240
50241
50242
50243
50243
50244
50245
50245
50246
50247
50247
50248
50249
50250
50250
50251
50252
50252
50253
50254
50254
50255
50256
50257
50257
50258
50259
50259
50260
50261
50261
50262
50263
50264
50264
50265
50266
50266
50267
50268
50268
50269
50270
50271
50271
50272
50273
50273
50274
50275
50275
50276
50277
50278
50278
50279
50280
50280
50281
50282
50282
50283
50284
50285
50285
50286
50287
50287
50288
50289
50289
50290
50291
50292
50292
50293
50294
50294
50295
50296
50296
50297
50298
50299
50299
50300
50301
50301
50302
50303
50303
50304
50305
50306
50306
50307
50308
50308
50309
50310
50310
50311
50312
50313
50313
50314
50315
50315
50316
50317
50317
50318
50319
50320
50320
50321
50322
50322
50323
50324
50324
50325
50326
50327
50327
50328
50329
50329
50330
50331
50331
50332
50333
50334
50334
50335
50336
50336
50337
50338
50338
50339
50340
50341
50341
50342
50343
50343
50344
50345
50345
50346
50347
50348
50348
50349
50350
50350
50351
50352
50352
50353
