37552
37552
37553
37554
37555
37555
37556
37557
37557
37558
37559
37559
37560
37561
37562
37562
37563
37564
37564
37565
37566
37566
37567
37568
37569
37569
37570
37571
37571
37572
37573
37573
37574
37575
37576
37576
37577
37578
37578
37579
37580
37580
37581
37582
37583
37583
37584
37585
37585
37586
37587
37587
37588
37589
37590
37590
37591
37592
37592
37593
37594
37594
37595
37596
37597
37597
37598
37599
37599
37600
37601
37601
37602
37603
37604
37604
37605
37606
37606
37607
37608
37608
37609
37610
37611
37611
37612
37613
37613
37614
37615
37615
37616
37617
37618
37618
37619
37620
37620
37621
37622
37622
37623
37624
37625
37625
37626
37627
37627
37628
37629
37629
37630
37631
37632
37632
37633
37634
37634
37635
37636
37636
37637
37638
37639
37639
37640
37641
37641
37642
37643
37643
37644
37645
37646
37646
37647
37648
37648
37649
37650
37650
37651
37652
37653
37653
37654
37655
37655
37656
37657
37657
37658
37659
37660
37660
37661
37662
37662
37663
37664
37664
37665
37666
37667
37667
37668
37669
37669
37670
37671
37671
37672
37673
37674
37674
37675
37676
37676
37677
37678
37678
37679
37680
37681
37681
37682
37683
37683
37684
37685
37685
37686
37687
37688
37688
37689
37690
37690
37691
37692
37692
37693
37694
37695
37695
37696
37697
37697
37698
37699
37699
37700
37701
37702
37702
37703
37704
37704
37705
37706
37706
37707
37708
37709
37709
37710
37711
37711
37712
37713
37713
37714
37715
37716
37716
37717
37718
37718
37719
37720
37720
37721
37722
37723
37723
37724
37725
37725
37726
37727
37727
37728
37729
37730
37730
37731
37732
37732
37733
37734
37734
37735
37736
37737
37737
37738
37739
37739
37740
37741
37741
37742
37743
37744
37744
37745
37746
37746
37747
37748
37748
37749
37750
37751
37751
37752
37753
37753
37754
37755
37755
37756
37757
37758
37758
37759
37760
37760
37761
37762
37762
37763
37764
37765
37765
37766
37767
37767
37768
37769
37769
37770
37771
37772
37772
37773
37774
37774
37775
37776
37776
37777
37778
37779
37779
37780
37781
37781
37782
37783
37783
37784
37785
37786
37786
37787
37788
37788
37789
37790
37790
37791
37792
37793
37793
37794
37795
37795
37796
37797
37797
37798
37799
37800
37800
37801
37802
37802
37803
37804
37804
37805
37806
37807
37807
37808
37809
37809
37810
37811
37811
37812
37813
37814
37814
37815
37816
37816
37817
37818
37818
37819
37820
37821
37821
37822
37823
37823
37824
37825
37825
37826
37827
37828
37828
37829
37830
37830
37831
37832
37832
37833
37834
37835
37835
37836
37837
37837
37838
37839
37839
37840
37841
37842
37842
37843
37844
37844
37845
37846
37846
37847
37848
37849
37849
37850
37851
37851
37852
37853
37853
37854
37855
37856
37856
37857
37858
37858
37859
37860
37860
37861
37862
37863
37863
37864
37865
37865
37866
37867
37867
37868
37869
37870
37870
37871
37872
37872
37873
37874
37874
37875
37876
37877
37877
37878
37879
37879
37880
37881
37881
37882
37883
37884
37884
37885
37886
37886
37887
37888
37888
37889
37890
37891
37891
37892
37893
37893
37894
37895
37895
37896
37897
37898
37898
37899
37900
37900
37901
37902
37902
37903
37904
37905
37905
37906
37907
37907
37908
37909
37909
37910
37911
37912
37912
37913
37914
37914
37915
37916
37916
37917
37918
37919
37919
37920
37921
37921
37922
37923
37923
37924
37925
37926
37926
37927
37928
37928
37929
37930
37930
37931
37932
37933
37933
37934
37935
37935
37936
37937
37937
37938
37939
37940
37940
37941
37942
37942
37943
37944
37944
37945
37946
37947
37947
37948
37949
37949
37950
37951
37951
37952
37953
37954
37954
37955
37956
37956
37957
37958
37958
37959
37960
37961
37961
37962
37963
37963
37964
37965
37965
37966
37967
37968
37968
37969
37970
37970
37971
37972
37972
37973
37974
37975
37975
37976
37977
37977
37978
37979
37979
37980
37981
37982
37982
37983
