57392
57393
57394
57394
57395
57396
57397
57397
57398
57399
57399
57400
57401
57401
57402
57403
57404
57404
57405
57406
57406
57407
57408
57408
57409
57410
57411
57411
57412
57413
57413
57414
57415
57415
57416
57417
57418
57418
57419
57420
57420
57421
57422
57422
57423
57424
57425
57425
57426
57427
57427
57428
57429
57429
57430
57431
57432
57432
57433
57434
57434
57435
57436
57436
57437
57438
57439
57439
57440
57441
57441
57442
57443
57443
57444
57445
57446
57446
57447
57448
57448
57449
57450
57450
57451
57452
57453
57453
57454
57455
57455
57456
57457
57457
57458
57459
57460
57460
57461
57462
57462
57463
57464
57464
57465
57466
57467
57467
57468
57469
57469
57470
57471
57471
57472
57473
57474
57474
57475
57476
57476
57477
57478
57478
57479
57480
57481
57481
57482
57483
57483
57484
57485
57485
57486
57487
57488
57488
57489
57490
57490
57491
57492
57492
57493
57494
57495
57495
57496
57497
57497
57498
57499
57499
57500
57501
57502
57502
57503
57504
57504
57505
57506
57506
57507
57508
57509
57509
57510
57511
57511
57512
57513
57513
57514
57515
57516
57516
57517
57518
57518
57519
57520
57520
57521
57522
57523
57523
57524
57525
57525
57526
57527
57527
57528
57529
57530
57530
57531
57532
57532
57533
57534
57534
57535
57536
57537
57537
57538
57539
57539
57540
57541
57541
57542
57543
57544
57544
57545
57546
57546
57547
57548
57548
57549
57550
57551
57551
57552
57553
57553
57554
57555
57555
57556
57557
57558
57558
57559
57560
57560
57561
57562
57562
57563
57564
57565
57565
57566
57567
57567
57568
57569
57569
57570
57571
57572
57572
57573
57574
57574
57575
57576
57576
57577
57578
57579
57579
57580
57581
57581
57582
57583
57583
57584
57585
57586
57586
57587
57588
57588
57589
57590
57590
57591
57592
57593
57593
57594
57595
57595
57596
57597
57597
57598
57599
57600
57600
57601
57602
57602
57603
57604
57604
57605
57606
57607
57607
57608
57609
57609
57610
57611
57611
57612
57613
57614
57614
57615
57616
57616
57617
57618
57618
57619
57620
57621
57621
57622
57623
57623
57624
57625
57625
57626
57627
57628
57628
57629
57630
57630
57631
57632
57632
57633
57634
57635
57635
57636
57637
57637
57638
57639
57639
57640
57641
57642
57642
57643
57644
57644
57645
57646
57646
57647
57648
57649
57649
57650
57651
57651
57652
