4667.4
4668.1
4668.8
4669.5
4670.2
4670.9
4671.6
4672.3
4673
4673.7
4674.4
4675.1
4675.8
4676.5
4677.2
4677.9
4678.6
4679.3
4680
4680.7
4681.4
4682.1
4682.8
4683.5
4684.2
4684.9
4685.6
4686.3
4687
4687.7
4688.4
4689.1
4689.8
4690.5
4691.2
4691.9
4692.6
4693.3
4694
4694.7
4695.4
4696.1
4696.8
4697.5
4698.2
4698.9
4699.6
4700.3
4701
4701.7
4702.4
4703.1
4703.8
4704.5
4705.2
4705.9
4706.6
4707.3
4708
4708.7
4709.4
4710.1
4710.8
4711.5
4712.2
4712.9
4713.6
4714.3
4715
4715.7
4716.4
4717.1
4717.8
4718.5
4719.2
4719.9
4720.6
4721.3
4722
4722.7
4723.4
4724.1
4724.8
4725.5
4726.2
4726.9
4727.6
4728.3
4729
4729.7
4730.4
4731.1
4731.8
4732.5
4733.2
4733.9
4734.6
4735.3
4736
4736.7
4737.4
4738.1
4738.8
4739.5
4740.2
4740.9
4741.6
4742.3
4743
4743.7
4744.4
4745.1
4745.8
4746.5
4747.2
4747.9
4748.6
4749.3
4750
4750.7
4751.4
4752.1
4752.8
4753.5
4754.2
4754.9
4755.6
4756.3
4757
4757.7
4758.4
4759.1
4759.8
4760.5
4761.2
4761.9
4762.6
4763.3
4764
4764.7
4765.4
4766.1
4766.8
4767.5
4768.2
4768.9
4769.6
4770.3
4771
4771.7
4772.4
4773.1
4773.8
4774.5
4775.2
4775.9
4776.6
4777.3
4778
4778.7
4779.4
4780.1
4780.8
4781.5
4782.2
4782.9
4783.6
4784.3
4785
4785.7
4786.4
4787.1
4787.8
4788.5
4789.2
4789.9
4790.6
4791.3
4792
4792.7
4793.4
4794.1
4794.8
4795.5
4796.2
4796.9
4797.6
4798.3
4799
4799.7
4800.4
4801.1
4801.8
4802.5
4803.2
4803.9
4804.6
4805.3
4806
4806.7
4807.4
4808.1
4808.8
4809.5
4810.2
4810.9
4811.6
4812.3
4813
4813.7
4814.4
4815.1
4815.8
4816.5
4817.2
4817.9
4818.6
4819.3
4820
4820.7
4821.4
4822.1
4822.8
4823.5
4824.2
4824.9
4825.6
4826.3
4827
4827.7
4828.4
4829.1
4829.8
4830.5
4831.2
4831.9
4832.6
4833.3
4834
4834.7
4835.4
4836.1
4836.8
4837.5
4838.2
4838.9
4839.6
4840.3
4841
4841.7
4842.4
4843.1
4843.8
4844.5
4845.2
4845.9
4846.6
4847.3
4848
4848.7
4849.4
4850.1
4850.8
4851.5
4852.2
4852.9
4853.6
4854.3
4855
4855.7
4856.4
4857.1
4857.8
4858.5
4859.2
4859.9
4860.6
4861.3
4862
4862.7
4863.4
4864.1
4864.8
4865.5
4866.2
4866.9
4867.6
4868.3
4869
4869.7
4870.4
4871.1
4871.8
4872.5
4873.2
4873.9
4874.6
4875.3
4876
4876.7
4877.4
4878.1
4878.8
4879.5
4880.2
4880.9
4881.6
4882.3
4883
4883.7
4884.4
4885.1
4885.8
4886.5
4887.2
4887.9
4888.6
4889.3
4890
4890.7
4891.4
4892.1
4892.8
4893.5
4894.2
4894.9
4895.6
4896.3
4897
4897.7
4898.4
4899.1
4899.8
4900.5
4901.2
4901.9
4902.6
4903.3
4904
4904.7
4905.4
4906.1
4906.8
4907.5
4908.2
4908.9
4909.6
4910.3
4911
4911.7
4912.4
4913.1
4913.8
4914.5
4915.2
4915.9
4916.6
4917.3
4918
4918.7
4919.4
4920.1
4920.8
4921.5
4922.2
4922.9
4923.6
4924.3
4925
4925.7
4926.4
4927.1
4927.8
4928.5
4929.2
4929.9
4930.6
4931.3
4932
4932.7
4933.4
4934.1
4934.8
4935.5
4936.2
4936.9
4937.6
4938.3
4939
4939.7
4940.4
4941.1
4941.8
4942.5
4943.2
4943.9
4944.6
4945.3
4946
4946.7
4947.4
4948.1
4948.8
4949.5
4950.2
4950.9
4951.6
4952.3
4953
4953.7
4954.4
4955.1
4955.8
4956.5
4957.2
4957.9
4958.6
4959.3
4960
4960.7
4961.4
4962.1
4962.8
4963.5
4964.2
4964.9
4965.6
4966.3
4967
4967.7
