42705
42706
42707
42708
42708
42709
42710
42710
42711
42712
42712
42713
42714
42715
42715
42716
42717
42717
42718
42719
42719
42720
42721
42722
42722
42723
42724
42724
42725
42726
42726
42727
42728
42729
42729
42730
42731
42731
42732
42733
42733
42734
42735
42736
42736
42737
42738
42738
42739
42740
42740
42741
42742
42743
42743
42744
42745
42745
42746
42747
42747
42748
42749
42750
42750
42751
42752
42752
42753
42754
42754
42755
42756
42757
42757
42758
42759
42759
42760
42761
42761
42762
42763
42764
42764
42765
42766
42766
42767
42768
42768
42769
42770
42771
42771
42772
42773
42773
42774
42775
42775
42776
42777
42778
42778
42779
42780
42780
42781
42782
42782
42783
42784
42785
42785
42786
42787
42787
42788
42789
42789
42790
42791
42792
42792
42793
42794
42794
42795
42796
42796
42797
42798
42799
42799
42800
42801
42801
42802
42803
42803
42804
42805
42806
42806
42807
42808
42808
42809
42810
42810
42811
42812
42813
42813
42814
42815
42815
42816
42817
42817
42818
42819
42820
42820
42821
42822
42822
42823
42824
42824
42825
42826
42827
42827
42828
42829
42829
42830
42831
42831
42832
42833
42834
42834
42835
42836
42836
42837
42838
42838
42839
42840
42841
42841
42842
42843
42843
42844
42845
42845
42846
42847
42848
42848
42849
42850
42850
42851
42852
42852
42853
42854
42855
42855
42856
42857
42857
42858
42859
42859
42860
42861
42862
42862
42863
42864
42864
42865
42866
42866
42867
42868
42869
42869
42870
42871
42871
42872
42873
42873
42874
42875
42876
42876
42877
42878
42878
42879
42880
42880
42881
42882
42883
42883
42884
42885
42885
42886
42887
42887
42888
42889
42890
42890
42891
42892
42892
42893
42894
42894
42895
42896
42897
42897
42898
42899
42899
42900
42901
42901
42902
42903
42904
42904
42905
42906
42906
42907
42908
